,Birth,Death,Dimension
0,0.013786286544608006,0.014522290682103645,0
1,0.01686321214688702,0.01973735614740557,0
2,0.028956757213456474,0.0333128539186498,0
3,0.03655907517519985,0.03992465335593143,0
4,0.0328319591108549,0.04238822994783131,0
5,0.044939965677660676,0.05147068772956276,0
6,0.05043956572039909,0.051681129582776264,0
7,0.024325544836289126,0.05447329295149994,0
8,0.012020220092358036,0.056225516173118106,0
9,0.036980501940124366,0.05715024498267007,0
10,0.019833193399139915,0.05730475250246392,0
11,0.042271776856218746,0.058139108984122556,0
12,0.021249381083945806,0.06022070984595951,0
13,0.05387473162805423,0.06391492949353283,0
14,0.0017345346989777743,0.06434033603081468,0
15,0.04975038285151345,0.06516578925007344,0
16,0.04634566209910651,0.06543106796294051,0
17,0.029706806144597864,0.06783945430786098,0
18,0.04882714319202974,0.06916640728460399,0
19,0.053275181727202914,0.07156487584943272,0
20,0.01722792873560497,0.07524435210030211,0
21,0.06683619537131569,0.07968770198436215,0
22,0.04136639306899004,0.07975438222136555,0
23,0.0601200217380401,0.07994443124781891,0
24,0.03171298006531509,0.08080090832679343,0
25,0.04123470734163737,0.08135978431136415,0
26,0.06538888073090332,0.08149132138337067,0
27,0.04725467582015508,0.08199699061744048,0
28,0.04254747548259419,0.08211895471558117,0
29,0.05555166834532865,0.08487320541575338,0
30,0.08161962804684297,0.08706508447282724,0
31,0.03809269178425845,0.08738967726729696,0
32,0.04758655489707586,0.08974754142601449,0
33,0.06012674848621491,0.0915749414270276,0
34,0.082224332642302,0.09474293254629595,0
35,0.09164027149461274,0.09492758262178813,0
36,0.09280075069136273,0.09517269519871918,0
37,0.08987749339219042,0.09529067702751892,0
38,0.0831562413454513,0.09571970453034107,0
39,0.037731468370853505,0.09624633375047043,0
40,0.04997217321143932,0.09964935059949487,0
41,0.056623750868442735,0.09969514418602676,0
42,0.07849842655485562,0.09974306894048801,0
43,0.055373952814154914,0.10100253532476011,0
44,0.08590554717580112,0.10122222920589119,0
45,0.03456091689213914,0.10160585726602345,0
46,0.02210508866517058,0.10207226678275483,0
47,0.07769066041351314,0.10229466772767015,0
48,0.045597092037600984,0.10262465393769926,0
49,0.05244988600088485,0.10308383551437827,0
50,0.08653181855463721,0.10453140286050899,0
51,0.042184401286016304,0.10647955728584879,0
52,0.0727454642837898,0.10748649777511088,0
53,0.02263347228143131,0.10762140669244058,0
54,0.09760407283339012,0.10838799699569224,0
55,0.0912261337696032,0.1084223040583494,0
56,0.09869801657250987,0.10940452160085867,0
57,0.08008122650920657,0.10958092934379648,0
58,0.10638249083953832,0.10970188270484926,0
59,0.09875725388729417,0.10989748279873801,0
60,0.04514095431296694,0.10989905695885493,0
61,0.03470717843631921,0.11100858418249304,0
62,0.05453353203045097,0.11331840324269504,0
63,0.01846166967278795,0.11376968867295045,0
64,0.08040661096106105,0.11397685029323512,0
65,0.03369222210223055,0.11424470632714734,0
66,0.10905013337811009,0.11425495938839891,0
67,0.059239048831948415,0.11441069636106127,0
68,0.06356016538550235,0.11451731027030876,0
69,0.10776589243763068,0.11495453689108293,0
70,0.04227256465586371,0.11520051232993045,0
71,0.05241151224357632,0.11520051232993045,0
72,0.06213343597096255,0.1166987209878253,0
73,0.019378542367036955,0.1170595011674217,0
74,0.08699660061542513,0.11812362974011448,0
75,0.04816636189623125,0.11864587085226785,0
76,0.06262533528690561,0.1187966433402865,0
77,0.09365441848779399,0.1187966433402865,0
78,0.07485477534150808,0.11908534131395765,0
79,0.10416792969543931,0.12045369232962422,0
80,0.09327455634413317,0.12083760857203707,0
81,0.11767433138493899,0.12091683179846213,0
82,0.08569227006315006,0.12091683179846213,0
83,0.04330722861813319,0.12200592910716967,0
84,0.06286122679780881,0.12260982088267525,0
85,0.10977626877312319,0.1233148605391644,0
86,0.0693789990854724,0.12333858719886837,0
87,0.021378485699708683,0.12393353784101724,0
88,0.11692934215597595,0.1241935512148089,0
89,0.03606514697410934,0.12464520700917947,0
90,0.07748982422316408,0.12507231378024997,0
91,0.04296258391679242,0.12572905706134097,0
92,0.028358663044118937,0.125736954827964,0
93,0.08133533021154649,0.1258507723629213,0
94,0.0655094501638307,0.12623467069985816,0
95,0.0624566179525855,0.1269187293573909,0
96,0.07203497501346356,0.12778933182991004,0
97,0.11706430428104087,0.1278190918714014,0
98,0.005394897875739435,0.12790014307705944,0
99,0.10874662472586671,0.1285749955323947,0
100,0.04228966597912687,0.12862010996943918,0
101,0.01986756640037013,0.12865154833011194,0
102,0.128644776517861,0.12882164523582118,0
103,0.021398505572103432,0.1298064308164707,0
104,0.04004716076153836,0.12983812512154447,0
105,0.021542398427922604,0.13021650703369614,0
106,0.034525187836941584,0.13032898424190897,0
107,0.10408423432088587,0.13153050081270679,0
108,0.12640486215263835,0.1325119001244197,0
109,0.11735362499734903,0.13259527586745012,0
110,0.12871520379650747,0.13302033597964613,0
111,0.12089481739513741,0.13321209337002082,0
112,0.11792347182594165,0.13433152941587412,0
113,0.056341438919431,0.13709203949971216,0
114,0.10233484765010059,0.1393023790989978,0
115,0.03254492024008704,0.1405580409890438,0
116,0.013258782347416398,0.14058745806010498,0
117,0.0382942576157661,0.14133459247327174,0
118,0.01645378102019701,0.14158620290621515,0
119,0.05775446967491005,0.14198011598701588,0
120,0.005943801675153626,0.1431024517387568,0
121,0.05467396681200787,0.14364272580073123,0
122,0.11794185445395344,0.14449724036937972,0
123,0.08122213948469781,0.1454130856628465,0
124,0.02325671049561373,0.14544504854324913,0
125,0.0710540632815797,0.14727981732272788,0
126,0.09584616052850303,0.14727981732272788,0
127,0.14524171387956475,0.14784200442206108,0
128,0.08263057678730523,0.14821551226881957,0
129,0.024083188088709018,0.14891094134435057,0
130,0.12289473499908321,0.14921263092357673,0
131,0.12309993221229887,0.15083963752780238,0
132,0.050411286115831344,0.15089451843976498,0
133,0.10065439197038628,0.15107331384179545,0
134,0.014476491219268195,0.15202831300686992,0
135,0.11081793859099609,0.15261560940180563,0
136,0.05741859694493057,0.15300752286869035,0
137,0.06779307943831181,0.15387951165774938,0
138,0.10318073254744609,0.15434925063446991,1
139,0.02505814867668843,0.15440261939917976,0
140,0.09683643794488628,0.15452360725757763,0
141,0.018324751518579263,0.15468813408938964,0
142,0.054750315996607735,0.15609984507321928,0
143,0.08195420422090827,0.15609984507321928,0
144,0.05520834758884585,0.15616041480765241,0
145,0.048870441604092485,0.15618298937702613,0
146,0.15407048223529063,0.15640364889489622,0
147,0.03174125820334306,0.1566111059206391,0
148,0.13879430861492936,0.1566111059206391,0
149,0.09731282589081824,0.15933584360428532,0
150,0.09332412932016465,0.15961585252137755,0
151,0.08354889925623632,0.15969246548169214,0
152,0.049389569882898665,0.15995218228722963,0
153,0.12314760028069527,0.15996378137043488,0
154,0.08527520137297828,0.16026408210168774,0
155,0.02722498991410749,0.16202700976727524,0
156,0.12789297024974033,0.16241588192440137,0
157,0.09349798085414496,0.16366400640315026,0
158,0.06250964741037313,0.16478991166506896,0
159,0.021138875609450936,0.16508698374292752,0
160,0.11835548341319091,0.16578605982813233,0
161,0.10682416011601348,0.1660388692046174,0
162,0.07125187975762959,0.16609670412640376,0
163,0.1309543642994745,0.1665230829355847,0
164,0.000972386138875847,0.16652525996395884,0
165,0.09421896150715481,0.1669322207745494,0
166,0.12585888123095834,0.16694431624196093,0
167,0.14891926989202076,0.16701920624929534,0
168,0.07373002186401001,0.16709379497095056,0
169,0.08812712455575411,0.1675372800491982,0
170,0.1076663118381016,0.16869191496700597,0
171,0.1438619160843897,0.16875886811483998,0
172,0.02264696092257612,0.16877952539846952,0
173,0.10576157644480622,0.16886650376771284,0
174,0.15007879787020995,0.16992702409929283,0
175,0.03462221805405341,0.17024892953290838,0
176,0.12503376733731353,0.17064539294684955,0
177,0.08598206862581104,0.17129755853551198,0
178,0.03042432234646064,0.17129755853551198,0
179,0.15838279471093164,0.17162096945965033,0
180,0.05086002307417714,0.17208075875453666,0
181,0.05855052799743066,0.17231231745010944,0
182,0.12588789114398757,0.17276579399181413,0
183,0.062232076564134764,0.17327653956415345,0
184,0.0803888487023604,0.17335767700792148,0
185,0.032204798770494536,0.1735016607933465,0
186,0.09579348140589228,0.1736088994341315,0
187,0.1208241113310099,0.17417070299603565,0
188,0.01633940210675411,0.17417070299603565,0
189,0.05432178691276812,0.17485409557775522,0
190,0.13617729018239877,0.17531571863887474,0
191,0.08001179116795887,0.17552116476734436,0
192,0.05124912054255082,0.17552827581478603,0
193,0.06690470504479573,0.17553179348841708,0
194,0.10409920492475266,0.17584695593606137,0
195,0.031746239352109074,0.1759638785290455,0
196,0.07151948514326212,0.17772910177423518,0
197,0.0859858388801914,0.17790571845671732,0
198,0.05056735902336884,0.17832024428322857,0
199,0.16306163663751005,0.17833378441437153,0
200,0.13054608433432857,0.17958394101900121,0
201,0.03728929023216421,0.18073739346971107,0
202,0.15619102120992712,0.1811677838153447,0
203,0.07108895281435057,0.1811677838153447,0
204,0.08834984594731476,0.1813185290922218,0
205,0.14903495089998897,0.18160913388030953,0
206,0.16316678730110334,0.18414023357427867,0
207,0.044386685713908025,0.18417425639100937,0
208,0.052591200800450766,0.18418361270898143,0
209,0.14619157952839923,0.18429483523536305,0
210,0.054146159568041474,0.18454974146595127,0
211,0.07596209136411525,0.18460212376902285,0
212,0.05365381180448825,0.18643833617670114,0
213,0.04617196035735427,0.18666559041469166,0
214,0.0507273713160632,0.18675727667844555,0
215,0.15357441854122944,0.18676941078032117,0
216,0.07180406981365639,0.1871785352561952,0
217,0.08432415786921066,0.1879752664196559,0
218,0.16646575311655354,0.18816042634763164,0
219,0.10651946492111952,0.1883630536616453,0
220,0.037855332837804734,0.18859702698622516,0
221,0.11211541824907123,0.18863845740115737,0
222,0.04054279481396594,0.18870787181709725,0
223,0.03121414242356857,0.18875788027888052,0
224,0.01924348108870333,0.18875788027888052,0
225,0.18287270794013222,0.18913394195475064,0
226,0.07692262038054387,0.1894719548105498,0
227,0.17556404020758332,0.1894719548105498,0
228,0.1695675162476422,0.18975568440055834,0
229,0.15727196374299635,0.189931393296764,0
230,0.14564985724883983,0.1901565103717051,0
231,0.18330156559012123,0.19075363353805885,0
232,0.09829927905590852,0.19101713388420505,0
233,0.04846221105029025,0.19120193320398748,0
234,0.09392304584464628,0.19129205201555977,0
235,0.07348060178330884,0.1913450055969108,0
236,0.016648964171318226,0.1913769365949296,0
237,0.017157970376796228,0.19170984772203137,0
238,0.1274306715647513,0.19170984772203137,0
239,0.12225739695062132,0.19183493250994033,0
240,0.09479403262741959,0.19228644047612586,0
241,0.1502260932376237,0.19249433464124266,0
242,0.03766673462162551,0.19253363515888278,0
243,0.1561110723076511,0.19269539361211563,0
244,0.09250384329643135,0.19269539361211563,0
245,0.19208444215156661,0.1929328500578107,0
246,0.12793146207839645,0.1931257325173228,0
247,0.08994103984834612,0.1933042479864383,0
248,0.18740923781322782,0.19390632461405444,0
249,0.0656639173385426,0.19412345196550307,0
250,0.07137813499398604,0.19465906469165428,0
251,0.018365563739414448,0.19581890161932836,0
252,0.023535625443746544,0.19588253326271443,0
253,0.02462231580746932,0.19588253326271443,0
254,0.04742208374529833,0.19605388381554023,0
255,0.06707554608728183,0.19655421630027692,0
256,0.1401810304062785,0.19684404048899207,0
257,0.144254518968447,0.19847269052726246,0
258,0.10024208200694795,0.19847269052726246,0
259,0.14305152145861422,0.19849631752758945,0
260,0.08291449015079433,0.19849631752758945,0
261,0.027432713107407025,0.1985481739181164,0
262,0.08847049686838182,0.19948095684008982,0
263,0.1990294594009706,0.19961838916065267,0
264,0.1693823775372616,0.19972939886802965,0
265,0.08754763206529392,0.19983713223761612,0
266,0.008449688279122403,0.20007368179689877,0
267,0.16827805520437977,0.20023477430932457,0
268,0.08926291542479547,0.20023477430932457,0
269,0.005495680833237482,0.20052638308706294,0
270,0.12925340238882743,0.20054292722671974,0
271,0.15842496337609413,0.201050163191816,0
272,0.05620866810270331,0.20143047347321408,0
273,0.04802859145209315,0.20170382003777643,0
274,0.10375499829801427,0.20175136337971067,0
275,0.028453317048508286,0.20187554002964503,0
276,0.15808827157981475,0.20199159569021685,0
277,0.13708182956472525,0.20235414796466777,0
278,0.13880774496991588,0.20307720471719248,0
279,0.09301801613637561,0.20341069931464606,0
280,0.07679339756730019,0.20368512475241485,0
281,0.10927380670544051,0.2041150633101969,0
282,0.14562203223440373,0.20413603180048678,0
283,0.1820590742562741,0.2041431134482541,0
284,0.03704723125933229,0.20469163730180573,0
285,0.00868576799166576,0.20566372925798548,0
286,0.11295466034115453,0.20594982044475774,0
287,0.0759917621687739,0.2061953398242541,0
288,0.08779112245948362,0.20621847763150725,0
289,0.03461529531971774,0.20625602831986067,0
290,0.02412847568285681,0.20625602831986067,0
291,0.01662040255909003,0.20635351431386606,0
292,0.1572904050088756,0.20644545087666888,0
293,0.05322963474600029,0.2065933681956862,0
294,0.15830339715604191,0.20669598788812693,0
295,0.1822762453286484,0.20676805399493303,0
296,0.13647417048792765,0.20688171146557233,0
297,0.11892141196918993,0.20708635513783435,0
298,0.07908802562238826,0.20723797964390245,0
299,0.021191415677918712,0.2074079243070568,0
300,0.20004410095799097,0.2076636615029953,0
301,0.0727068259034106,0.20780850834449915,0
302,0.0492767169895576,0.2078085748692311,0
303,0.20535204553378983,0.20794307650256083,0
304,0.019864899329033903,0.20796195694617348,0
305,0.1144889761048764,0.20897914543325857,0
306,0.004326911881867179,0.20973267158899966,0
307,0.06418939823722325,0.20988259582217095,0
308,0.0249412186789969,0.2100378210210717,0
309,0.06810590327033972,0.2100583512182591,0
310,0.07516973454707365,0.21012925513705805,0
311,0.1997294110351011,0.2103517561695767,0
312,0.14804621158647735,0.2103517561695767,0
313,0.0765459373514068,0.21050050027414535,0
314,0.1909611481548461,0.21053847511204404,0
315,0.12095792486636792,0.2105426101447302,0
316,0.07227549266337552,0.21080537281699363,1
317,0.014678283978147189,0.21113428048094685,0
318,0.03057064010490751,0.21140277974593524,0
319,0.09364329770366675,0.211799564644789,0
320,0.10557696354548174,0.2122932541105771,0
321,0.031769089593855715,0.21229663301185175,0
322,0.0320594776915053,0.21251227776899007,0
323,0.13504547274662282,0.2129909592581959,0
324,0.10843593928780748,0.2129909592581959,0
325,0.05024072385838363,0.213616579206505,0
326,0.027172493228594496,0.2136766679018931,0
327,0.12577130023103322,0.21417534120805737,0
328,0.019123693325358793,0.21443180632258607,0
329,0.06235685965171289,0.21456327510170825,0
330,0.08837096143269929,0.21464411454027976,0
331,0.16026051602860436,0.2156301658262102,0
332,0.10934790654780335,0.216348370167186,0
333,0.21008728005539168,0.21635797219523534,0
334,0.03778479466338114,0.21676912402930082,0
335,0.11975254119159162,0.21736807267035574,0
336,0.1431234480331658,0.21821809994448493,0
337,0.15622800814752869,0.21882086691052527,0
338,0.1002232316809617,0.21895993464899477,0
339,0.09481596544181814,0.21896107691504751,0
340,0.038104032040019,0.2190516876527686,0
341,0.17170006454358722,0.21936477223715667,0
342,0.05979681461152142,0.21942774824287514,0
343,0.027904609403700098,0.21968815330287006,0
344,0.061381991545981895,0.2197265065815357,0
345,0.04232033498189802,0.2197612260824232,0
346,0.1431205334818515,0.2203651850109727,0
347,0.05854711419018277,0.22061301450327675,0
348,0.0279262207679839,0.22066177955496846,0
349,0.045144965648754365,0.22087353201571513,0
350,0.10613842938598494,0.2209328950626147,0
351,0.1496205989489321,0.22104542555390927,0
352,0.017984336176124938,0.22183804440644617,0
353,0.1935039154706366,0.22187141595705862,0
354,0.02927682573118051,0.22234894654384618,0
355,0.11568141376802099,0.2223597398272602,0
356,0.04336941457748833,0.2225080796740545,0
357,0.06257706591719736,0.22251342586555134,0
358,0.08176182382999653,0.22269495220280056,0
359,0.058436191677680216,0.222870596035596,0
360,0.05503167475862658,0.22289076837151534,0
361,0.11406263833529384,0.2229152733208638,0
362,0.18580901910639147,0.2229152733208638,0
363,0.0463489994596199,0.22296390023067514,0
364,0.12071168706236568,0.22323203107486445,0
365,0.0946789891351062,0.2233324846919148,0
366,0.010229542160540173,0.22369908228509827,0
367,0.019781881990233452,0.22370034224623647,0
368,0.18333790313942044,0.22380552545073484,0
369,0.06946286146633962,0.2239753312468168,0
370,0.08809830970958232,0.2248998455053265,0
371,0.19852020828112038,0.22580721247022395,0
372,0.18002526691315734,0.225945434455331,0
373,0.0455246724382693,0.2260843829351601,0
374,0.19819628247269372,0.22628133779254367,0
375,0.02595423696236887,0.2263533675054712,0
376,0.11921934944622792,0.2264065140131496,0
377,0.0698919372705269,0.2264065140131496,0
378,0.11219766388476515,0.22661305308545665,0
379,0.026132355543654562,0.22662965039977523,0
380,0.16956871839197074,0.2272563230912008,0
381,0.1319605031547072,0.2272563230912008,0
382,0.1385545213674818,0.22752537653309335,0
383,0.006096867930547201,0.22803069558655098,0
384,0.03315122125749559,0.22803538440968385,0
385,0.0726355145654074,0.228610265227555,0
386,0.03838251020561123,0.22875619166494932,0
387,0.0667457559541822,0.22889806255309342,0
388,0.14270626821850196,0.22932592752601721,0
389,0.054346129775949215,0.22941750864854715,0
390,0.015569459330645352,0.22941750864854715,0
391,0.10837968022277722,0.22955427463941647,0
392,0.08457820142518735,0.2296299775693783,0
393,0.12382740082089583,0.22973908703760892,0
394,0.13851030863258085,0.23059340002640893,0
395,0.1724823172132508,0.23107917147733825,0
396,0.1621956761135559,0.23136154780292184,0
397,0.08116490782028696,0.23186873398433983,0
398,0.06799951606271515,0.23195007406461676,0
399,0.03040634681276755,0.23203483921183554,0
400,0.14606747946625231,0.23204779494148287,0
401,0.18600589761938613,0.2321173653038826,0
402,0.1498120680814402,0.233026750418181,0
403,0.1074796523304633,0.2331051877363839,0
404,0.13630891603271345,0.2333789159360713,0
405,0.21182223434967362,0.2336215857665659,0
406,0.042481701374063485,0.23364212470437662,0
407,0.19252032273512798,0.23371060075730232,0
408,0.1320353228020873,0.23371106157849997,0
409,0.029335724376854055,0.23383799466710586,0
410,0.1522765672429558,0.23414944999626297,0
411,0.11858923817195943,0.23417369452512982,0
412,0.023491687242600645,0.23459037385206338,0
413,0.19779021699353938,0.23484010908753283,0
414,0.009963968750908547,0.23486410023517668,0
415,0.23083913296380065,0.23508406815722793,0
416,0.10296923550639148,0.2354038402812042,0
417,0.16149965863561444,0.23558528576445226,0
418,0.07181599974793873,0.23571884136482868,0
419,0.11696949749799745,0.23583080185367022,0
420,0.16946858710269808,0.235964196039388,0
421,0.20995287290443343,0.23627250727774973,0
422,0.020411420528363533,0.23635951322741044,0
423,0.23549772475649644,0.23642790230744026,0
424,0.11025543838215324,0.23656316115289822,0
425,0.16851616631989796,0.23699989728895365,0
426,0.14069023283885707,0.2372981749878873,0
427,0.06630682107733621,0.23755559273404903,0
428,0.12227203114419127,0.2380769749883389,0
429,0.013231538165453416,0.23820678315956534,0
430,0.004838788683715567,0.23820678315956534,0
431,0.18808291919978226,0.23874160689938806,0
432,0.12036528705407334,0.23874160689938806,0
433,0.21891516981934656,0.23941224694116325,0
434,0.05435305483451469,0.23959745405189392,0
435,0.18437190363356604,0.23990664490380909,0
436,0.10776599167153844,0.24034036685423754,0
437,0.1180222136553769,0.24100031928187138,0
438,0.13316298993138076,0.24111016914947958,0
439,0.10769358590765066,0.24111016914947958,0
440,0.10460714955453021,0.24123923811834658,0
441,0.11846545553100873,0.2413256565763734,0
442,0.060569191659760935,0.24221070506144382,0
443,0.020888204038149616,0.24221070506144382,0
444,0.24027246666878255,0.2423179638276488,0
445,0.1866456842413794,0.24266221481966288,0
446,0.04259282458606928,0.24274238278658644,0
447,0.07529881050319498,0.24362017797619773,0
448,0.07041839826192275,0.24416126354463386,0
449,0.029326386717888786,0.2442616464512064,0
450,0.022915867271378954,0.24501121026629713,0
451,0.1637478460250147,0.24513252082343684,0
452,0.1309588236007495,0.24516790422937595,0
453,0.228071332945757,0.24520665763582927,0
454,0.18386429260974957,0.2456434951843638,0
455,0.15101950416132226,0.24600845089854007,0
456,0.19835679467810396,0.24641991476400937,0
457,0.07200714068956982,0.24669851418835076,0
458,0.09375924028849503,0.24680879964323132,0
459,0.0633298980076239,0.24759114419674932,0
460,0.11136365193748343,0.24785463918209183,0
461,0.12621659771882077,0.24848923525609812,0
462,0.06353273330919562,0.24893143849398303,0
463,0.14325545256847827,0.24898482791840526,0
464,0.06427480078107195,0.24908049873852944,0
465,0.0033902292570380244,0.24912797746774007,0
466,0.10524867524159509,0.24928657307299595,0
467,0.10499781496563598,0.2494009891463157,0
468,0.0755180527367958,0.24959576007862838,0
469,0.11511260644645716,0.2502497117903264,0
470,0.17993608418167695,0.2504353654694549,0
471,0.050351136342604796,0.2504353654694549,0
472,0.023411610923428583,0.25058233714796563,0
473,0.0762435096090549,0.2506557148298997,0
474,0.139999111661661,0.25100311323751456,0
475,0.031490042865667145,0.2518844139571982,0
476,0.0068759304149980105,0.2524426411559727,0
477,0.08237885762361619,0.2526585707979734,0
478,0.028169520997756048,0.2528941953797792,0
479,0.1607671415250448,0.2532713512799949,0
480,0.21644755139896854,0.25351563325449267,0
481,0.03369902310540829,0.2536283149786851,0
482,0.16051624331913794,0.25389622366149844,0
483,0.1533920027629062,0.254464382935076,0
484,0.10732026818414742,0.2545727361266471,0
485,0.1225722924638799,0.2545766485007952,0
486,0.05848651226198254,0.2548390072972557,0
487,0.02191315955154227,0.25519172544493496,0
488,0.015521318317487931,0.255625970013321,0
489,0.22898868914950565,0.25577106200213284,0
490,0.10191941668976656,0.255832888154217,0
491,0.024421051747337774,0.25630514214092004,0
492,0.033262550795136625,0.2565212490279041,0
493,0.21546021363626366,0.25672680186523567,1
494,0.011181550615184777,0.25679949523322854,0
495,0.1868202859689615,0.2569268085311439,1
496,0.04132711910495668,0.25710044104509444,0
497,0.01134573539745598,0.25710044104509444,0
498,0.01845729244375538,0.25717263729068984,0
499,0.058964226175585166,0.2579236039790065,0
500,0.08696453078235467,0.25836751164583405,0
501,0.06183258246968648,0.25868005228037994,0
502,0.10167550166316308,0.2592155076616832,0
503,0.13549149781626513,0.26032464983256665,0
504,0.08909787888420928,0.26032464983256665,0
505,0.10300539900538819,0.26034132625251594,0
506,0.07914556621850244,0.2608129580817863,0
507,0.048923446690086636,0.2608129580817863,0
508,0.1799900837270575,0.26105496215170887,0
509,0.17610375883113583,0.26109717342752403,0
510,0.1270216765736576,0.26191312880901463,0
511,0.02703062939830103,0.26226747152652874,0
512,0.02326857643810265,0.2625645667244282,0
513,0.13376715403904327,0.26295688446766463,0
514,0.08754804048299114,0.26303420346190287,0
515,0.24010437831697828,0.2636388298748873,0
516,0.03916594259385242,0.26380895432736884,0
517,0.10553415600103444,0.26414550884411825,0
518,0.2319064902261745,0.2646218784313986,0
519,0.04610907617847837,0.2647153666371126,0
520,0.031104101155079666,0.26514746903840625,0
521,0.0970252472824279,0.2652011904316456,0
522,0.1969544024971035,0.26536891065571167,0
523,0.0930673458882022,0.2656995704514009,0
524,0.24356446226820583,0.26601676516511374,1
525,0.14931711960789873,0.2660325252878697,0
526,0.154643222263535,0.2660325252878697,0
527,0.22698271836615247,0.2664816373100427,0
528,0.0441584848496579,0.2669428426072108,0
529,0.048392936239122664,0.26723869630847974,0
530,0.03954988832095441,0.2677563625183095,0
531,0.0003406931229068544,0.2678062505637061,0
532,0.01544684880549807,0.26790643261003466,0
533,0.21518987279224433,0.26821254839038955,0
534,0.13508501634330916,0.26821254839038955,0
535,0.06180912301094421,0.26825551263869807,0
536,0.2580387940690875,0.26832110368800677,0
537,0.009176084038855725,0.2683798360056633,0
538,0.02314916326747074,0.26856053207942354,0
539,0.13083484531952871,0.2691299159496714,0
540,0.22250001856805224,0.26919614989635177,0
541,0.224787307930293,0.2693669441168628,0
542,0.046033479260552235,0.2693669441168628,0
543,0.08003950374892921,0.26941244562432476,0
544,0.19242151539970487,0.26974983490288285,0
545,0.06688341922824537,0.2698691230654362,0
546,0.054489823493307,0.27031244442429836,0
547,0.09439682197494825,0.27036909926178987,0
548,0.18052614417927093,0.2707007471227696,0
549,0.14965921843117835,0.2708347582980638,0
550,0.010939213875846399,0.27107729885336584,0
551,0.09783205979992671,0.2713257079623761,0
552,0.01929206238015957,0.2713324971138664,0
553,0.18532499934140634,0.2713727908875644,0
554,0.13454037447833989,0.27150155238445683,0
555,0.1394853178908877,0.2716902533421991,0
556,0.07661493414226905,0.2718013405294646,0
557,0.031163441119567814,0.2719249455076337,0
558,0.04290753642016898,0.2722555498287754,0
559,0.030352317674910312,0.27277961516801374,0
560,0.04388882749054235,0.2727805850463634,0
561,0.02310875984360261,0.27283172010212553,0
562,0.22719123469678626,0.2729906777443186,0
563,0.09426516957094755,0.27336889346108073,0
564,0.1651037125684569,0.27344144952933114,0
565,0.026558439357310393,0.27348805181087854,0
566,0.267161076280077,0.27357023785201895,0
567,0.03821425425220548,0.27369545613250457,0
568,0.19944698724204513,0.27369545613250457,0
569,0.010483934115874227,0.27387471270980124,0
570,0.11494596641111976,0.27424815754665277,0
571,0.04324038707520583,0.27432398884809683,0
572,0.157817607678559,0.27442180028177243,0
573,0.24279544749657556,0.27504002802523486,0
574,0.1960882796040435,0.2751126180248086,0
575,0.25117614476131345,0.27535863387855986,1
576,0.01970261419849606,0.27590762327027984,0
577,0.1052495498241145,0.27590762327027984,0
578,0.03534010094560702,0.2759965259461924,0
579,0.0813035264050267,0.27601094305199025,0
580,0.0998141899468683,0.2760238614081947,0
581,0.17369938214811687,0.2761606449380718,0
582,0.19913973289770182,0.27632030024923915,0
583,0.05521102529522348,0.27632030024923915,0
584,0.011207857782309816,0.27661415854084714,0
585,0.2061836909696173,0.27680300715036366,0
586,0.26783142855706943,0.2774121959799113,0
587,0.042883368139358446,0.27750598485192646,0
588,0.0199656504054736,0.2778171128984752,0
589,0.25583618344887005,0.27858921046407514,0
590,0.05527283561041474,0.278947785708202,0
591,0.12382255210422333,0.27903277500328005,0
592,0.013639022698476166,0.27903277500328005,0
593,0.10771631584994656,0.2798387565959154,0
594,0.2291983339436302,0.280006261830671,0
595,0.0579785795973532,0.2801379376905384,0
596,0.004488418263257299,0.280431177046373,0
597,0.18195056261845,0.2806556096060212,0
598,0.01728630756775873,0.2806556096060212,0
599,0.07366578433516913,0.2810579500552336,0
600,0.221474391748257,0.2810805310765252,0
601,0.1617808719447743,0.281228753055796,0
602,0.2126812033382972,0.28140057836601196,0
603,0.13695932169448333,0.28185084225793244,0
604,0.05891068450031067,0.28185084225793244,0
605,0.14111797584679409,0.2818548266488584,0
606,0.026152857303615495,0.2823330034083248,0
607,0.1372383990782442,0.28266325941629344,0
608,0.13253449160039554,0.282716048390382,0
609,0.09177452093096583,0.2838944238749952,0
610,0.27945930382574047,0.2840638145178388,0
611,0.03827336886724553,0.28407564806277297,0
612,0.1754008831153775,0.28426543603589527,0
613,0.07260986967698779,0.28449971506072946,0
614,0.1384332041490044,0.2854750987332194,0
615,0.009401362622561527,0.28549821088674876,0
616,0.017065162819879798,0.2856205771596724,0
617,0.040070605568998774,0.2858191931307812,0
618,0.17200731072069975,0.2859489298016573,0
619,0.10488511290419833,0.2859489298016573,0
620,0.11709115277987636,0.28603038685128546,0
621,0.01671473050156047,0.28620513439491124,0
622,0.1339788713358505,0.28673383325040247,0
623,0.08863775952585096,0.2868177992001859,0
624,0.014543115480519897,0.2868177992001859,0
625,0.06734628651338426,0.28689003648566536,0
626,0.18538718168889678,0.2870328348012352,0
627,0.20973267158899966,0.2870509261083366,1
628,0.020553237047511552,0.28705490226485364,0
629,0.09448100915423363,0.28707136711880366,0
630,0.13970822647998926,0.28714458913925966,0
631,0.24787746961553758,0.28718069754519293,0
632,0.03390588216325641,0.2875169534654478,0
633,0.04138845055999363,0.2875306067881863,0
634,0.018191641840950235,0.28754271081687777,0
635,0.032547860936886996,0.28784610237343444,0
636,0.0058877318370197385,0.2880749063401119,0
637,0.0259691849488628,0.28823048911017735,0
638,0.017477229514100023,0.28851069417338693,0
639,0.09495991602189457,0.2887564290338499,0
640,0.21464032364533614,0.28892069596031045,0
641,0.03414428163271788,0.28900375118464594,0
642,0.14648528692110252,0.2891255122296815,0
643,0.020526880979534368,0.28923087789592805,0
644,0.01718644224469601,0.28925658225325834,0
645,0.006728402115264265,0.28929844258701387,0
646,0.03698229258431962,0.28933866118391316,0
647,0.12773948843351057,0.28967389177128,0
648,0.01837780658520416,0.29002951452572956,0
649,0.12053276306538985,0.29018542530712077,0
650,0.028642487326698052,0.290281820920512,0
651,0.09457797893385345,0.29044686269394315,0
652,0.2733655189361105,0.29055972624518844,0
653,0.03010641487503174,0.29089050964960195,0
654,0.09524261155262537,0.2910200942896011,0
655,0.0852278767855198,0.2910200942896011,0
656,0.029345236657696838,0.2915033529840949,0
657,0.21356223381714823,0.29175936320334994,0
658,0.19661820716290546,0.29175936320334994,0
659,0.2830248314833568,0.2919564020408385,0
660,0.12941419588821246,0.2922734221406924,0
661,0.015774537016776224,0.2925558568579184,0
662,0.17880163960283468,0.29307566654442563,0
663,0.055725646723069455,0.29307566654442563,0
664,0.07654847273553977,0.2932608505157862,0
665,0.09304861608953618,0.2934987269676853,0
666,0.22107648121118373,0.2940084749801075,0
667,0.02543119962152085,0.2941439574169281,0
668,0.15076561121591003,0.2942389705572759,0
669,0.02046780877690857,0.294244087646507,0
670,0.031087207739398215,0.2945885143902638,0
671,0.026060812138849365,0.29497046610059363,0
672,0.09050082028303885,0.29499560651735557,0
673,0.27540713019969654,0.29507688825713285,0
674,0.158896251880832,0.29517998528782563,0
675,0.0537299559310177,0.295236283299287,0
676,0.21510966212490845,0.295236283299287,0
677,0.19153645700046074,0.2955164825909953,0
678,0.029955332826612224,0.29552945481002013,0
679,0.13006217875172077,0.2955604888566715,0
680,0.26278626522215465,0.295658051392251,0
681,0.03701205375747474,0.2961723477468603,0
682,0.16775147740794405,0.29645850822662323,1
683,0.0042874257135862015,0.29647359635807713,0
684,0.019107657710171422,0.29651419299763615,0
685,0.08189448211178607,0.29663923585502205,0
686,0.21593708977111492,0.2967087045946212,0
687,0.13934738638876287,0.2967697233571164,0
688,0.19626803696949813,0.2970094865309647,0
689,0.10818618043953065,0.2970094865309647,0
690,0.10276234681904672,0.2971215228903801,0
691,0.016603888509526987,0.2978272528587349,0
692,0.008896551503637551,0.29818502778227773,0
693,0.011940754288031319,0.29834546925489336,0
694,0.14884817452859223,0.2986659666202288,0
695,0.039205921691263024,0.2989699249900153,0
696,0.014357086876820802,0.2990214916739773,0
697,0.24386120990020344,0.29927799349828943,0
698,0.015182599069119451,0.29936555704847456,0
699,0.16773155122721517,0.2995813167729938,0
700,0.25905491821673077,0.29979353375417517,0
701,0.14028948602418123,0.29989394310080486,0
702,0.10615125141932824,0.3000834800556984,0
703,0.03057257061647589,0.30026524571026136,0
704,0.053373268449278255,0.300328135023165,0
705,0.02820980565690523,0.3007291334172859,0
706,0.03848981787307282,0.3009468715275915,0
707,0.08417350207963925,0.3009905060828717,0
708,0.006797780074331294,0.30228486304309476,0
709,0.20356308917672072,0.3023987994235888,0
710,0.016214333319466423,0.3024947975637393,0
711,0.2945885143902638,0.3025046113962009,1
712,0.06595325888841441,0.303408676074546,0
713,0.0689697700427031,0.3035996592027319,0
714,0.028953646941812905,0.303930661125279,0
715,0.004376308809807661,0.30407155674545994,0
716,0.09798914939926084,0.30424523251843016,0
717,0.09720674606138491,0.3047194200864438,0
718,0.10634688650463264,0.3047474200339859,0
719,0.23436238147753852,0.30480447174162995,0
720,0.0904144780861541,0.30500157496681524,0
721,0.30033066197479574,0.30553066639091886,0
722,0.22587154463002024,0.30592024894831715,0
723,0.20974519612035103,0.30622518917995134,0
724,0.10148433729162809,0.3062925894202402,0
725,0.14168953995219702,0.30664066921154465,0
726,0.09436798923119893,0.3068012697227954,0
727,0.010615396834677604,0.3072536873850812,0
728,0.062439106289739144,0.30756380608907063,0
729,0.02608392094531997,0.30820491815630446,0
730,0.01564447678251013,0.30821214294792854,0
731,0.09642146873219526,0.308429232404438,0
732,0.2622531363063433,0.3084352329246772,0
733,0.17437031889998666,0.30902838141060907,0
734,0.09040161821266601,0.3090560098795955,0
735,0.045448041026813435,0.3091227505390406,0
736,0.20543992563966895,0.30930933949009154,0
737,0.20554186998846458,0.3093331055318218,0
738,0.19218705614592946,0.3093704803014291,0
739,0.07798920244418828,0.30978976849288187,0
740,0.1261921080517484,0.30982882470209194,0
741,0.0009793141140653772,0.31004998801470796,0
742,0.046781693582606754,0.3102498723451186,0
743,0.05896226894679091,0.3104188927578775,0
744,0.004091414749848421,0.3106240312086206,0
745,0.050072320115712055,0.31089536656438554,0
746,0.03576476433312925,0.31091413225133013,0
747,0.2767218976246699,0.31150566807965263,1
748,0.09828045125171869,0.3118058418757421,0
749,0.039156546137564474,0.31184033029337266,0
750,0.0559586942610808,0.31205177971063025,0
751,0.22323501130836332,0.31344462771349335,0
752,0.27157809653169007,0.31365641308579595,0
753,0.11091573199410676,0.3138361020353675,0
754,0.2273862785184001,0.3139922469306583,0
755,0.029879711770528616,0.3141607363525577,0
756,0.045144767299177824,0.31416739964338325,0
757,0.1220066313093815,0.3142404276823104,0
758,0.21284053252291435,0.3145323826445351,0
759,0.012196034439798775,0.3145323826445351,0
760,0.2504445550124662,0.3146749285476116,0
761,0.011079919895940815,0.31476308968000566,0
762,0.022168044112895746,0.31496200811303754,0
763,0.04414418350521809,0.31530629025679335,0
764,0.23412490521469675,0.31542371349501686,0
765,0.009387481343025805,0.3154286260718425,0
766,0.033888686162986015,0.3157857758661623,0
767,0.03495497786900781,0.31594312745711073,0
768,0.02087368312083393,0.3162935222945592,0
769,0.06458588698188261,0.3163063011514359,0
770,0.05934196709533812,0.31709509032658767,0
771,0.06157624214945301,0.31709509032658767,0
772,0.12545548969242593,0.31730795380936594,0
773,0.05351233836195213,0.3176670827218526,0
774,0.10019014896645628,0.317687855193016,0
775,0.21188824909322657,0.31774995106800386,0
776,0.0003723232683175981,0.3181564211061859,0
777,0.030942743120693117,0.3182688709429832,0
778,0.05617244881324668,0.31847238758439655,0
779,0.1670364926617428,0.3186622535153778,0
780,0.046693914122418856,0.319080800812495,0
781,0.24274238278658644,0.31930893083405676,1
782,0.05040143334615299,0.3194565871957594,0
783,0.2730050875199037,0.3195045356910108,0
784,0.031205502257320106,0.31967553985209285,0
785,0.13818773865528156,0.31969194746620566,0
786,0.03690088340475495,0.3207310313135655,0
787,0.044359800902104896,0.32112857673155126,0
788,0.16200368815510469,0.3216410847037835,0
789,0.06115209520024001,0.32210659872128944,0
790,0.060884315668232825,0.3224293106783326,0
791,0.1697115411992275,0.322621132038881,0
792,0.08023956439870761,0.32284338634078735,0
793,0.05864224155200337,0.3229135479055685,0
794,0.012707200924273576,0.32333616535021337,0
795,0.0812299927166742,0.3235619703936329,0
796,0.20583132455673214,0.3236508951847832,0
797,0.1969710626872968,0.3241963632277888,0
798,0.04920370362172477,0.32433229201060765,0
799,0.05800739581861125,0.32480492453945387,0
800,0.0013929381458417378,0.3251941130104208,0
801,0.010275720499560048,0.325518227638246,0
802,0.07956808962137085,0.3259414783820288,0
803,0.03325390413020901,0.32595659219023665,0
804,0.10695654982822045,0.3260008678080458,0
805,0.17323658366178296,0.3260069295476198,0
806,0.08730567196684536,0.3260069295476198,0
807,0.09612324315227527,0.32624848065619816,0
808,0.2811491190687775,0.32633392342858347,0
809,0.09494410287588273,0.32636940658411795,0
810,0.07914274948270084,0.3266109118872098,0
811,0.07703402290371097,0.32661404482148015,0
812,0.05142385981140851,0.3269244608695485,0
813,0.09909104094591914,0.32708685009275207,0
814,0.1494676886123253,0.3271302492858774,0
815,0.31551085661789,0.32759359310107405,0
816,0.06854993424766909,0.3279035584235802,0
817,0.025340132942204274,0.3279035584235802,0
818,0.2948462856564651,0.3283443259691279,0
819,0.30448683604250093,0.32887039433561227,0
820,0.19712750133872592,0.32901460562179197,0
821,0.22537617475039629,0.3291968621012221,0
822,0.04615136245194551,0.3292477221219644,0
823,0.06754619763067304,0.3295699553435899,0
824,0.22368415625059623,0.33017036946311795,0
825,0.028864350852124576,0.33029946810565225,0
826,0.021722127191419305,0.33117556473758547,0
827,0.2021422517622059,0.3314148165698675,0
828,0.02308313449164845,0.3315757785532487,0
829,0.25136816501655634,0.3320353524595102,0
830,0.03274806531610974,0.33213321629635106,0
831,0.056786744423540814,0.3323040381484277,0
832,0.023674363328987424,0.33267545426476497,0
833,0.025115731644232753,0.3326921024051366,0
834,0.045354536799811496,0.3327192566414904,0
835,0.1927153273205865,0.3327298825780546,0
836,0.006975289929241679,0.3329486874605905,0
837,0.10556316602720095,0.3330027160996222,0
838,0.3037417809414159,0.3331774990597409,0
839,0.001395304815016929,0.3331911245115672,0
840,0.19473924282431265,0.3336359423301487,0
841,0.14526474271678558,0.3337905218909166,0
842,0.031537027440161514,0.333953165720526,0
843,0.23132292110901098,0.33407697221665233,0
844,0.030411695932944016,0.3343024203560412,0
845,0.025059806133277296,0.33464084432129415,0
846,0.012091954200405985,0.33492827410213644,0
847,0.06542976484784835,0.33497237362457477,0
848,0.1711320365172182,0.3350631432308375,0
849,0.307554820159606,0.33528311605579997,0
850,0.01439056370769165,0.33541464262254017,0
851,0.28153299102828455,0.3356639885860395,1
852,0.03320711749420735,0.33571377015604964,0
853,0.06984526911967148,0.3358756021075736,0
854,0.3199182295587214,0.3359292658678351,1
855,0.015772716685683696,0.33618400068304755,0
856,0.011694426120629653,0.3368704176700834,0
857,0.2103046228200962,0.336914237273819,0
858,0.11457768661913648,0.3373435851030693,0
859,0.010174084735488975,0.33747696065159183,0
860,0.14073796373898695,0.33754893192666524,0
861,0.10496513594424195,0.3384780431743951,0
862,0.039338138675775736,0.3388430699521713,0
863,0.03578693531244603,0.338852919767499,0
864,0.03100344828947932,0.3389387929012886,0
865,0.019109702412450802,0.33924417018514486,0
866,0.2237385280251798,0.3398438439869883,0
867,0.09645040922098014,0.3401367776390828,0
868,0.04456636397580094,0.3411421753856142,0
869,0.04766080766368597,0.34149354775937957,0
870,0.08309387134780066,0.3425405543085185,0
871,0.30073819923691003,0.3426308878229324,0
872,0.009486900449790836,0.342656739420064,0
873,0.17372891974631088,0.3426860479018702,0
874,0.021032539022161734,0.3426860479018702,0
875,0.14435844259288722,0.34284952752839293,0
876,0.23368257909202172,0.3429891894146311,1
877,0.0518428522387393,0.343644713383241,0
878,0.05705469618379111,0.34367604353729997,0
879,0.14852793960387034,0.3438504331996306,0
880,0.00918202273368296,0.3439511035463262,0
881,0.09317077996501111,0.34419575574731565,0
882,0.01933922437972857,0.34444393820931396,0
883,0.021559511365663586,0.34444708608494146,0
884,0.04578363798441043,0.3447042274634422,0
885,0.16256994211431874,0.34502465762076606,0
886,0.023895672484397057,0.34507936762905034,0
887,0.048630166574248346,0.34511877521729406,0
888,0.03386422735192418,0.3451906230788535,0
889,0.019318077779986287,0.3456618629998792,0
890,0.028896800880775175,0.34600662544199123,0
891,0.01853211024385437,0.34612025095617727,0
892,0.16982841815640282,0.34612192669134134,0
893,0.10019410789200445,0.34612192669134134,0
894,0.01372114373444766,0.34647958647294264,0
895,0.023415985183062538,0.3466826073937139,0
896,0.3138361020353675,0.3470008156805765,1
897,0.0014399003094811569,0.34736055493516826,0
898,0.02867425055085504,0.34798865634786513,0
899,0.12528636477111776,0.34801306942871124,0
900,0.039122777920708285,0.34821170155994363,0
901,0.01613233604995512,0.3482495239897968,0
902,0.13437618356154724,0.3482495239897968,0
903,0.12264059126676297,0.3483748282578868,0
904,0.04885661963980514,0.34842645477372824,0
905,0.18243863402790417,0.3484346722644137,0
906,0.26254706993409127,0.3490018373450494,0
907,0.11786754090359752,0.3490018373450494,0
908,0.09609760410187274,0.3491460597809426,0
909,0.004729099354603861,0.3495563697690932,0
910,0.09871202993652839,0.34972347623400146,0
911,0.2988198014318272,0.349883901346171,0
912,0.06674027880543787,0.35037822809053,0
913,0.31847238758439655,0.35053241261705115,1
914,0.3130131671421851,0.3508853597664868,0
915,0.13688279095970657,0.3508853597664868,0
916,0.26414550884411825,0.3513550518698416,1
917,0.08708467037415979,0.35176476468033313,0
918,0.08340851707153185,0.3520305473415537,0
919,0.28256977304035324,0.35240277666429276,0
920,0.009965730787827698,0.3524720599076405,0
921,0.2438638530566406,0.3526412782216689,1
922,0.028064287851846115,0.3526624325204206,0
923,0.12454382018889854,0.352773080405814,0
924,0.20519786947005159,0.35292326123420237,0
925,0.30306313827805265,0.3529939028398432,0
926,0.0035601363676339703,0.3540640433914358,0
927,0.01682075089146917,0.3544064608272659,0
928,0.3100362247177991,0.3545934311668293,0
929,0.30195292734303714,0.3546656232040454,0
930,0.1047947825655633,0.3547572546523975,0
931,0.01363220874122495,0.3548270055550129,0
932,0.06394069211832354,0.355287855175657,0
933,0.004942980995928936,0.355287855175657,0
934,0.34367604353729997,0.3553204030459435,1
935,0.05148942270871426,0.355549256075833,0
936,0.02045758242665785,0.3555507507546163,0
937,0.05897225506578918,0.35618079963934,0
938,0.2984278855669321,0.3563187679133235,0
939,0.28851069417338693,0.3576841212073677,1
940,0.0016223927604721577,0.3582991878691656,0
941,0.04160055442460542,0.35843421124645225,0
942,0.0636264414877038,0.35843421124645225,0
943,0.27256522090443014,0.35859178114841783,0
944,0.013802671804224453,0.35872504834338825,0
945,0.11691002386340055,0.35886400665058016,0
946,0.10451498423351269,0.3590319226074661,0
947,0.24618858467789406,0.3607414158938448,0
948,0.002717528693948812,0.3607573845827612,0
949,0.012605895500326314,0.36081226984896464,0
950,0.16982430539304205,0.3608342537446968,0
951,0.056659007051013455,0.36083818388803723,0
952,0.2041641753625124,0.3609879184378223,0
953,0.007053209866599408,0.3614215437465029,0
954,0.07267109108221503,0.36174461734880614,0
955,0.09299877515878496,0.36175024311049964,0
956,0.030819785086548146,0.3618883205317758,0
957,0.14574709454657842,0.36197310571054186,0
958,0.1367761820830824,0.36215371430421806,0
959,0.01520237100115529,0.3624948783637635,0
960,0.31184033029337266,0.36259097593268086,1
961,0.04706149536932447,0.362833904771352,0
962,0.16124861610672114,0.36293936754655,0
963,0.00047482681405408567,0.36321619006425,0
964,0.04528013819139132,0.3634068840063851,0
965,0.01590323246830394,0.36364034514322374,0
966,0.18508847980213095,0.36380530684857293,0
967,0.005015508456412965,0.36389462160445296,0
968,0.09695089394759071,0.3643952009847782,0
969,0.19142476367979533,0.36468340457134685,0
970,0.0008754694870867219,0.3647483268276771,0
971,0.029775756182646274,0.3650238493781478,0
972,0.026681736789200272,0.3652670318877871,0
973,0.010976286392473833,0.36549902226909103,0
974,0.03196868339047132,0.3656218869044643,0
975,0.1130824271070553,0.36643775967422654,0
976,0.009166069170170266,0.3665383852255101,0
977,0.16930585795257602,0.3667169173181297,0
978,0.025221176551305402,0.3667487149724794,0
979,0.36472781494838424,0.3668308890115727,0
980,0.3527564164397168,0.36702562488132073,0
981,0.08313622316559754,0.3672075513660845,0
982,0.16239105535871312,0.3674947851367725,0
983,0.05394565876402557,0.3674947851367725,0
984,0.02108198241034487,0.3675524497567604,0
985,0.0147342901056009,0.36761502035542404,0
986,0.31183419375884747,0.36787666540697206,1
987,0.00431495487593736,0.3681733547572199,0
988,0.03299910549283769,0.36837669157836217,0
989,0.0025484089722014325,0.368663061936506,0
990,0.2280822602968039,0.36873720591013126,0
991,0.02273851348969602,0.3688962717456259,0
992,0.2809213314237109,0.3689060002013095,0
993,0.1971808768140929,0.3689060002013095,0
994,0.004366023245546136,0.36915745282268697,0
995,0.040846670716534916,0.3693704101692653,0
996,0.26070378690053053,0.3694498078439601,0
997,0.3399376393118456,0.3698554552938472,1
998,0.18580004891844337,0.3699440836893907,0
999,0.3144813537091993,0.37010793133607056,0
1000,0.03141573877450965,0.3701506807872852,0
1001,0.18574727626034682,0.37062048784075996,0
1002,0.038870180246821096,0.3708338765672531,0
1003,0.032555666988572485,0.3709414156475641,0
1004,0.03373468446637862,0.37110539365491013,0
1005,0.0017988145928902188,0.37110539365491013,0
1006,0.03629919100938184,0.37141238765704576,0
1007,0.1920931596073332,0.37160295625456097,0
1008,0.10582505890678418,0.3719080814108633,0
1009,0.06196091000816861,0.3719080814108633,0
1010,0.007230846583537787,0.37208440798455655,0
1011,0.00128834632968855,0.372932025505479,0
1012,0.3302978267735206,0.37300935137886004,1
1013,0.05621600245488645,0.37307065472099676,0
1014,0.0036750179099258595,0.3731064916383767,0
1015,0.2720951891120398,0.37316717327824933,0
1016,0.17568517307508136,0.3732176769949995,0
1017,0.37245945907468414,0.3739854511008097,0
1018,0.35178709399014585,0.37411275233570274,0
1019,0.21243768465472035,0.3744247459583476,0
1020,0.18777642195790611,0.37473751849340553,0
1021,0.05093981433285366,0.37490775724635994,0
1022,0.08318497637966493,0.37527021714036113,0
1023,0.06459189608892846,0.3755071006665115,0
1024,0.01533264572179538,0.37555421740968586,0
1025,0.11643455112707579,0.37582861737339734,0
1026,0.1963635693281326,0.37600722122697183,0
1027,0.007051953381919551,0.3764324840642028,0
1028,0.046384411655129854,0.37653869235603554,0
1029,0.014517385200369826,0.37656194366424256,0
1030,0.30981037676430956,0.37672729559633833,0
1031,0.004680154676357073,0.3771674802389974,0
1032,0.04798034040895094,0.37728969684893354,0
1033,0.004902633155488334,0.3773514440468224,0
1034,0.3067835706562292,0.3780042661327967,0
1035,0.17205836018967902,0.3780042661327967,0
1036,0.020372680370337348,0.37806321310666746,0
1037,0.33557518455535285,0.37809285452399355,0
1038,0.0530919236498445,0.37809285452399355,0
1039,0.08077714163043082,0.37810324307253473,0
1040,0.1499268951726166,0.3792748707828726,0
1041,0.003382660749458033,0.37943481961083014,0
1042,0.08563105863765563,0.3801869402969489,0
1043,0.15774313629629066,0.3809161126574855,0
1044,0.2462889802643553,0.38121624725902326,0
1045,0.009877488600002371,0.3816436311546455,0
1046,0.07998157916018311,0.38170885658843257,0
1047,0.020020644869215287,0.38170885658843257,0
1048,0.025005085522483816,0.381724557661539,0
1049,0.21819697107622582,0.3819242447940283,0
1050,0.00025076629909426273,0.38228896583132066,0
1051,0.18794037834605803,0.38266059544347586,0
1052,0.009541915785620025,0.3828771015699389,0
1053,0.07261848814943772,0.3830506060554252,0
1054,0.10927690873934082,0.3836318260679361,0
1055,0.004927889602426849,0.3839062020689269,0
1056,0.22949863508243562,0.38491165914173575,0
1057,0.05700078129570241,0.38503636585831946,0
1058,0.05696395818528177,0.385173147364516,0
1059,0.290604796694132,0.38551439147376176,0
1060,0.22602468810167675,0.3856172376522278,0
1061,0.009236107591908294,0.3856172376522278,0
1062,0.20679981006448622,0.38571732950136195,0
1063,0.26404506097172875,0.38599917349181345,0
1064,0.13519878603496593,0.38599917349181345,0
1065,0.014147643054036929,0.38606906057615487,0
1066,0.0005293378550286221,0.38635617616304985,0
1067,0.08145729755103837,0.38808743184137395,0
1068,0.029451077853504537,0.389079606864396,0
1069,0.0004898941715603122,0.389079606864396,0
1070,0.0021151482934516075,0.38968159755242227,0
1071,0.13080952914340938,0.39010759137753726,0
1072,0.10581373383099868,0.3901678037293421,0
1073,0.1330036021640938,0.39030120728673723,0
1074,0.039574583196872126,0.39060579992230826,0
1075,0.28736277915511577,0.39068173644923687,0
1076,0.1280226959479538,0.39087756082566794,0
1077,0.016996083531706896,0.39106639004449206,0
1078,0.017679379160432163,0.39120205999975854,0
1079,0.0029223794259446434,0.39242797373453053,0
1080,0.012715333379238802,0.3933025311549334,0
1081,0.015085073697415297,0.393321040090174,0
1082,0.07369976457395533,0.39495768998044944,0
1083,0.20438744179892443,0.39505002939075096,0
1084,0.12768467505550452,0.3950540377980537,0
1085,0.20687174508690342,0.3952696219353692,1
1086,0.028418701747596753,0.39539128377987043,0
1087,0.1524234033091919,0.39545120851512017,0
1088,0.20018066165373882,0.39549370330356115,0
1089,0.0003419997999989377,0.39553960063642923,0
1090,0.32244229335614616,0.3958600316435861,0
1091,0.19287965342961066,0.3960549102786266,0
1092,0.036794415568680905,0.39622107012324714,0
1093,0.021824861428505038,0.39631231624710395,0
1094,0.17651851643704874,0.396342547408458,0
1095,0.013127774785055446,0.39644001680022545,0
1096,0.2864960560303593,0.39691952951521303,0
1097,0.2834908738533194,0.39791933351068776,0
1098,0.14189528251392802,0.39833546963362143,0
1099,0.07901876444135059,0.39848881834456873,0
1100,0.33913932410576497,0.3988539771903863,0
1101,0.10948963279439061,0.3990276209587421,0
1102,0.04794404658777296,0.3991498058294599,0
1103,0.022611368704953727,0.3993912948768603,0
1104,0.3621566539766723,0.3997871890255288,0
1105,0.14721589034933225,0.399872089422445,0
1106,0.3539208881285778,0.39992512343596875,0
1107,0.3958026701581635,0.40048092493877774,0
1108,0.16057323026783454,0.40056483421894473,0
1109,0.00020625304413490753,0.40079492891071633,0
1110,0.07541383029778648,0.400815430744761,0
1111,0.0647379019808838,0.4011335550317552,0
1112,0.012296829086522965,0.4011703816380431,0
1113,0.007879200108665607,0.40169370804311133,0
1114,0.029809665813842368,0.40184471229636054,0
1115,0.07346026609516776,0.40216917401262453,0
1116,0.27785817265695223,0.40241936726437755,0
1117,0.009289026528141675,0.40244462611209975,0
1118,0.1460033211233548,0.40245480719582905,0
1119,0.0653305148838863,0.40296493103807884,0
1120,0.13034580146138852,0.40316962774543996,0
1121,0.17602744262909287,0.40329863127457233,0
1122,0.24739815389895004,0.40339986554966845,0
1123,0.0012165583936319946,0.40418839935536144,0
1124,0.3039620775989189,0.404517494944753,0
1125,0.03034120608285329,0.40451862275649286,0
1126,0.0288920116688528,0.40451862275649286,0
1127,0.015060522349440553,0.40457929557748973,0
1128,0.3344899374885447,0.4047096269227036,0
1129,0.1051182170166517,0.404759986986166,0
1130,0.021305782987918076,0.40479828491884406,0
1131,0.20477774221751954,0.4049343837284224,1
1132,0.011022433608296578,0.40532115817199144,0
1133,0.0014571082017846848,0.4053330886845994,0
1134,0.007084743307602448,0.4053340832990322,0
1135,0.03540451981489734,0.40604033578863497,0
1136,0.09204713962347888,0.4062096453811942,0
1137,0.16299688054561967,0.40663399024562497,0
1138,0.029868470871100117,0.4068226830998005,0
1139,0.07102803777888889,0.4069160104531244,0
1140,0.02790966645814308,0.40725540761135726,0
1141,0.35023409864469746,0.40765423961002567,0
1142,0.04378485288725609,0.40776481165302736,0
1143,0.02322069603827359,0.4080000372831297,0
1144,0.33071133037904066,0.40808347125689226,0
1145,0.1585878016226796,0.40808347125689226,0
1146,0.1314226550711758,0.40888916958617494,0
1147,0.059746651916134375,0.4090576565295898,0
1148,0.286904049305705,0.40949870423581314,0
1149,0.2803098568938447,0.40953566661547836,0
1150,0.04112469526416829,0.40961780742119624,0
1151,0.34668175990821604,0.40969326129054684,1
1152,0.06497927497711031,0.41028180366217193,0
1153,0.2292799090502885,0.4103603265197906,0
1154,0.22485214439192158,0.41037370763092906,0
1155,0.00015665644822260294,0.41085844459258025,0
1156,0.029286677234762415,0.4108827273533149,0
1157,0.05007310605120874,0.41149443085721515,0
1158,0.04736233799964251,0.4118380432501838,0
1159,0.019098376777463733,0.41201923774104166,0
1160,0.012749727047128845,0.41216535474472216,0
1161,0.050158766334639115,0.4121968783127775,0
1162,0.008082353298246026,0.412479847485423,0
1163,0.04361053149838068,0.412479847485423,0
1164,0.06777459851467538,0.4125687656613283,0
1165,0.002688055489691421,0.4132092757209842,0
1166,0.010457205785289858,0.41429452205171846,0
1167,0.10578496798615067,0.41496394640814727,0
1168,0.26944318872964634,0.4155450033707734,0
1169,0.08373844346699855,0.41621369017527476,0
1170,0.00045788176104910594,0.416924527291926,0
1171,0.10346972020576284,0.4180443853497783,0
1172,0.0029549349315657336,0.4182611813619904,0
1173,0.3843405153379037,0.41834474651832765,0
1174,0.018323003411628513,0.4187294985625435,0
1175,0.16650471259400357,0.4189611637765478,0
1176,0.02497532041343098,0.4191529135117572,0
1177,0.27837405749308375,0.419394991055661,0
1178,0.17208606102496438,0.41942608266256376,0
1179,0.11672053605752386,0.4201461480504225,0
1180,0.03809896846047445,0.42049652224738643,0
1181,0.2516555782512747,0.4206953028320157,0
1182,0.010137818976381996,0.42077179683853505,0
1183,0.03230659543542902,0.4220659761563572,0
1184,0.03567169579921059,0.4232878855941785,0
1185,0.0012277461943707157,0.4235939808005098,0
1186,0.13971862625269593,0.42364041310360945,0
1187,0.054143759006334946,0.42409453708047984,0
1188,0.017199599942878674,0.42448100117125775,0
1189,0.0835485113368225,0.4249775807276609,0
1190,0.32830617360173353,0.4249775807276609,0
1191,0.03907548461776855,0.4251624442877465,0
1192,0.00804667522815683,0.4253666254986461,0
1193,0.0025371746556962504,0.425639889704602,0
1194,0.0009519287633068529,0.4266717066044713,0
1195,0.01676018677659319,0.4268872647891526,0
1196,0.18611020733390138,0.42691483141772557,0
1197,0.05074927263471063,0.4273569882413206,0
1198,0.2333789159360713,0.42747398675504167,1
1199,0.21220254176299014,0.4290313134674649,0
1200,0.3093679403270937,0.42905707545233973,1
1201,0.3863900988980321,0.4292386275218547,1
1202,0.4038058327138927,0.4299830041658368,0
1203,0.040984664376395696,0.4304143860904025,0
1204,0.1903809436212992,0.4305756144112838,0
1205,0.06359025065774637,0.4312283448760046,0
1206,0.4286305173802426,0.43148674190415914,1
1207,0.0036072132073133867,0.43236410109703394,0
1208,0.11884763533860332,0.43244149933159826,0
1209,0.09934610034132474,0.43260276855080937,0
1210,0.31940463894705684,0.4328822287896038,0
1211,0.034281984177521485,0.4329188798706908,0
1212,0.11611089155753906,0.43327158041864067,0
1213,0.18039055825104966,0.43379479714962244,0
1214,0.020039329216322566,0.43459734829233454,0
1215,0.02383648340702138,0.4346686462838636,0
1216,0.052232884630580956,0.43479480683471694,0
1217,0.3698184911585516,0.4354144068317114,0
1218,0.21389343575427489,0.43653231175522356,0
1219,0.4090576565295898,0.437164953144884,1
1220,0.019997285405065623,0.4372285159455943,0
1221,0.0014379644767549271,0.4380490182826363,0
1222,0.15484409247359499,0.4384717862494433,0
1223,0.43060062339175476,0.4388488608119685,1
1224,0.015727722118043963,0.4388489280083182,0
1225,0.00901319730750294,0.43966571431095547,0
1226,0.3905696637086442,0.4403038175856475,1
1227,0.12848373023137916,0.44088336502007675,0
1228,0.2521383239599434,0.44088336502007675,0
1229,0.20186976439333826,0.4409884213594142,0
1230,0.061540309506693425,0.44150319854346076,0
1231,0.017708430271999087,0.44169843349699744,0
1232,0.37011177168996223,0.44244332787276786,1
1233,0.07708533817838648,0.4427767607077878,0
1234,0.37823204942936794,0.44326489966121885,1
1235,0.34704073762945353,0.4463565415369217,1
1236,0.04833164905013532,0.44746698728274603,0
1237,0.4131336176167234,0.44848727788251463,1
1238,0.0070777635472560885,0.44862732899737634,0
1239,0.14449497427720415,0.4500701348902929,0
1240,0.0021071352167028046,0.45070024436984135,0
1241,0.40737287354786633,0.4517938420166303,1
1242,0.05653453720818946,0.4533284422818322,0
1243,0.18302524576036472,0.45342121758103526,0
1244,0.0022254117180136035,0.4538496482066051,0
1245,0.1586001763786602,0.4539539735238549,0
1246,0.009819132585510815,0.45422370413077584,0
1247,0.36324004800074483,0.45490419336980625,0
1248,0.4149230431728682,0.45509753370303196,1
1249,0.07476877270930282,0.45521498858134557,0
1250,6.853909796677993e-05,0.4554383965596511,0
1251,0.4418127036676991,0.45570880907365674,1
1252,0.19730604114660488,0.4562714674340904,0
1253,0.15742278606079563,0.4563075124661924,0
1254,0.013118187006597504,0.45647111061267565,0
1255,0.06536028718720932,0.4566739308536085,0
1256,0.2773451782723584,0.458390041617344,0
1257,0.01425365326916539,0.45952513971906217,0
1258,0.38595401493775705,0.4598445844100888,1
1259,0.015863803343806993,0.46016221252065326,0
1260,0.07018015569181424,0.4602300574756667,0
1261,0.02071431645648647,0.4609122264142237,0
1262,0.09747115933043038,0.4611098408420199,0
1263,0.05237870153043389,0.46123243624545096,0
1264,0.044451820550011845,0.4616987230745263,0
1265,0.43835764123442833,0.4620080670589036,0
1266,0.30087466605214197,0.4624946460885804,1
1267,0.21270178369178305,0.46265427770967193,0
1268,0.12074632461382595,0.46265427770967193,0
1269,0.16504572174927634,0.46326795350032923,0
1270,0.3363169259183608,0.46402050970571207,0
1271,0.3446886046847646,0.46447603538373816,0
1272,0.07186672946012618,0.46447603538373816,0
1273,0.014956290329053434,0.4655215218839598,0
1274,0.04700694465754707,0.46583972606070434,0
1275,0.3494634449714975,0.4658423545155076,1
1276,0.1954692423956701,0.4664000142779473,1
1277,0.16393840300685558,0.46666509216658314,0
1278,0.4451326352578957,0.4672199932499601,0
1279,0.14550902606255833,0.46766971746800623,0
1280,0.36290846901763074,0.46831373396541043,0
1281,0.046295528054729806,0.4687483545817823,0
1282,0.415511502361255,0.4688537324294947,0
1283,0.24299555372183224,0.4696001683201686,1
1284,0.012649690352958931,0.47056208064286875,0
1285,0.09608981555043139,0.47092008803297436,0
1286,0.2036269036210424,0.47092008803297436,0
1287,0.18743291198700596,0.4714661100089663,0
1288,0.011065689309508353,0.4715548014493012,0
1289,0.412479847485423,0.47193402044344057,1
1290,0.14296134863358578,0.47206814503039507,0
1291,0.261930017182913,0.47210763291749047,0
1292,0.09235097377364243,0.4728916666657126,0
1293,0.06869439913985376,0.47294030385413866,0
1294,0.3145671102860411,0.47324534270105345,0
1295,0.005755409705408776,0.47344470357188617,0
1296,0.39204700687605787,0.47478989453598963,1
1297,0.4184190343859141,0.47508455613534106,1
1298,0.06122221340458445,0.4753168325943037,0
1299,0.09101699643182437,0.4774541089040003,0
1300,0.09094909597702838,0.47785481288345955,0
1301,0.05646112184872709,0.47789406234653065,0
1302,0.42190699889246497,0.478222172780703,0
1303,0.2329477344558083,0.478222172780703,0
1304,0.005045608896187881,0.4784706507129105,0
1305,0.39883863495923466,0.4787230829714926,0
1306,0.06445064383105015,0.4795002358000955,0
1307,0.0544813460271677,0.4806365930520159,0
1308,0.21052356511411774,0.48132710830634995,0
1309,0.29996358961818215,0.48159668279808343,0
1310,0.4659085406450182,0.48159668279808343,0
1311,0.03995861312966664,0.4820380344747458,0
1312,0.37512887298456354,0.4831520595228189,0
1313,0.2782304992267499,0.4835730689501202,1
1314,0.362833904771352,0.483594226963698,1
1315,0.19512242140049474,0.4846925224317499,0
1316,0.47978231586129905,0.4856074984756571,1
1317,0.35903602586841565,0.4861653767576326,0
1318,0.011947840422260714,0.48738794010344977,0
1319,0.46921332976879404,0.48818949186045024,1
1320,0.1348787352284223,0.4885277491724236,0
1321,0.48086639733429204,0.4889498662869811,1
1322,0.3864739761014757,0.4900513952535229,1
1323,0.31657792043790667,0.4905676587155111,0
1324,0.39716644913300225,0.49153803578220456,1
1325,0.47414087155493334,0.491845840683965,0
1326,0.4249634178463203,0.49217813970193536,1
1327,0.4522219076431473,0.4922329053764223,0
1328,0.3641653377762305,0.49319921793044985,1
1329,0.28673383325040247,0.49335180225989517,1
1330,0.382528993510875,0.4941372964454368,1
1331,0.47521528250131273,0.4945364808964521,1
1332,0.3337125924425649,0.49595010637024683,0
1333,0.4901635818383785,0.4978345604389388,1
1334,0.38538389708820864,0.4981074982801743,1
1335,0.40844261441191765,0.4999025691270539,0
1336,0.13243241451381682,0.5011718522812394,0
1337,0.09299662952190657,0.5036887956529349,0
1338,0.2662382974930485,0.5046234530255235,1
1339,0.39783133369992507,0.5075741374600873,1
1340,0.032919395859078215,0.507895184397559,0
1341,0.22144077285669794,0.5099004553860876,0
1342,0.4995316805633818,0.5099625028097756,1
1343,0.03012967179639281,0.5104716034138085,0
1344,0.14707865078600157,0.5107122594578014,1
1345,0.4901635818383785,0.5108695364513834,1
1346,0.2205287960027268,0.5110690548255813,0
1347,0.0638215238069535,0.5121218884781501,0
1348,0.10676228833926626,0.5123279150027045,0
1349,0.4313622291719378,0.5124354347383441,1
1350,0.4653458369678599,0.5128410830891593,1
1351,0.2463172239775414,0.5130185776689089,0
1352,0.2713324971138664,0.5134208002654795,1
1353,0.0417056904672084,0.5138009173999932,0
1354,0.14026946020947306,0.5142449940560376,0
1355,0.32347382776604383,0.5142838056830071,1
1356,0.2843759423104767,0.5149380186357831,0
1357,0.36468340457134685,0.5163914375806377,1
1358,0.003963552219973576,0.516457645622818,0
1359,0.005930484648033363,0.5177836376839757,0
1360,0.21173266359527743,0.5187820209280812,0
1361,0.5134894845501488,0.5189804611239774,1
1362,0.37516047307774136,0.5200469208040106,1
1363,0.09549201551110187,0.5202382371615257,0
1364,0.5090642225354414,0.5203517857611238,1
1365,0.4257877130660509,0.5208867135773475,1
1366,0.38559548962038115,0.5209464631544195,1
1367,0.47204897651165945,0.5227865787856922,1
1368,0.414698923238606,0.5228349772258828,1
1369,0.4313712540816548,0.5231167501802183,1
1370,0.23942633306638672,0.5233400877477501,0
1371,0.06425064010293535,0.5264039668672744,0
1372,0.05745568489954944,0.5265080298381446,0
1373,0.4058917175135389,0.5265309809631059,1
1374,0.4008150581547958,0.527117626992917,1
1375,0.00929547616850157,0.529515519717137,0
1376,0.4252210191024395,0.5302941240133793,1
1377,0.02075263627263435,0.5304652627990778,0
1378,0.027618830888208268,0.5305192348694863,0
1379,0.3102498723451186,0.5323302230226108,1
1380,0.5245534521878901,0.5334593867366718,1
1381,0.05766000836665475,0.5336506459056772,0
1382,0.3931001114357826,0.5372676774915669,1
1383,0.3981552525384445,0.5381869969878973,0
1384,0.07704132086308835,0.5401873747717342,0
1385,0.3493625079416094,0.5405016374682493,1
1386,0.4125836870546947,0.5407487381794558,1
1387,0.011929703893744703,0.5410318466266119,0
1388,0.3878648303740966,0.5412594524810622,0
1389,0.27250023817332614,0.5424422972523669,0
1390,0.31530629025679335,0.5444215544898363,1
1391,0.4276337560523157,0.5448057636181328,1
1392,0.2699633068149123,0.5453023693266943,1
1393,0.055105395630534404,0.5460501780562923,0
1394,0.12490110178305103,0.5461809153409821,0
1395,0.5086497509017814,0.5488415818402985,1
1396,0.3624948783637635,0.5497738842385275,1
1397,0.4684769402807777,0.5502233661508283,0
1398,0.4538863965380129,0.5524479743068401,1
1399,0.43355381676081806,0.5530289327957579,1
1400,0.35328117400841874,0.5537520993245391,0
1401,0.4000055979170005,0.5537945986336096,1
1402,0.4033300291407155,0.554381168607077,1
1403,0.5386732010023882,0.5547922070539641,1
1404,0.3721641640175023,0.5559546510716888,1
1405,0.18231604159539416,0.5567001172361048,0
1406,0.5506939262475099,0.5571687416591005,1
1407,0.5087637337033359,0.5576773552473111,1
1408,0.3075990296732096,0.5584431888080834,1
1409,0.11521776981421894,0.5596003237510176,0
1410,0.4418127036676991,0.5599108427385752,1
1411,0.5224335861124875,0.5601878231110048,0
1412,0.5142857683161315,0.5607133986576858,1
1413,0.33571377015604964,0.561373272397592,1
1414,0.41499138266288915,0.5616520874133254,1
1415,0.41743539116734596,0.5621603174817642,1
1416,0.26380895432736884,0.5625712582973253,1
1417,0.3205713335450274,0.5637436228740659,1
1418,0.520077845062339,0.5641883641642388,1
1419,0.39644001680022545,0.5645997566149509,1
1420,0.282716048390382,0.5654442104888247,1
1421,0.5470547692422122,0.5668276792067822,1
1422,0.46550982189604384,0.5678532733458246,1
1423,0.3608342537446968,0.5692985724818875,1
1424,0.27817366203777627,0.5709794907521984,0
1425,0.38801480268274857,0.5720413978864343,1
1426,0.5309205625862561,0.5727317854439757,1
1427,0.2513404125701809,0.5733998848088887,1
1428,0.45168858944421875,0.573796058284449,1
1429,0.07472097473255335,0.5754368714071633,0
1430,0.5500546876086908,0.5754586108541304,1
1431,0.46892990944010626,0.575593279299894,1
1432,0.5119682763053254,0.5785933469401823,1
1433,0.5478081446791303,0.5790755979673741,1
1434,0.5489376606400337,0.5791904221491625,1
1435,0.5183559347705594,0.5795216448920176,1
1436,0.44472816243156266,0.5795848023802395,1
1437,0.504767596442766,0.5801329627958289,1
1438,0.46006050914022245,0.5806177510235336,1
1439,0.515973375301321,0.5811266454288612,1
1440,0.5618383015837686,0.581704888481531,1
1441,0.45982151013909134,0.5818629540130459,1
1442,0.45064668496469573,0.5822007938611999,1
1443,0.5710662889429508,0.5837545597194532,1
1444,0.5043993113448619,0.5850354485438672,1
1445,0.34165137683603597,0.5856762705085714,1
1446,0.3981887732789666,0.5863829268637397,1
1447,0.41037016767709944,0.5878916268308382,1
1448,0.5800722065883078,0.5889290565752507,1
1449,0.007777132713457702,0.5892843849904364,0
1450,0.5052578984892102,0.5896848924450984,1
1451,0.5104717829148673,0.5902753562036509,1
1452,0.40300771837266725,0.5905270078041097,1
1453,0.5508886661307332,0.591088765899387,1
1454,0.07882571451450382,0.5928432870943622,0
1455,0.4679489457027797,0.5946834171486309,1
1456,0.5765990989365203,0.5956149443223006,1
1457,0.5294056862837386,0.5960830715558973,1
1458,0.4985512176166259,0.5962096588168198,1
1459,0.21989780109091306,0.596250050291329,1
1460,0.5290327634728674,0.5965742410417006,1
1461,0.5786021191819217,0.5973201352397003,1
1462,0.5354537934055696,0.5980316848502483,1
1463,0.43324220311368455,0.5994169038966827,1
1464,0.07604990898439745,0.6012338540964256,0
1465,0.02174253314287844,0.6012839114419838,0
1466,0.368663061936506,0.6015396503213565,1
1467,0.4266717066044713,0.601774176718828,1
1468,0.5942520532737177,0.6026057562629918,1
1469,0.34647958647294264,0.6028819689833202,1
1470,0.4766068151016307,0.6043487674367873,1
1471,0.5982580371512367,0.6052795342271293,1
1472,0.5812684740450669,0.6054378012642496,1
1473,0.49642081643992286,0.6060255413475439,1
1474,0.41785779924228117,0.6061593297986243,1
1475,0.3639012986575987,0.6067425841928898,1
1476,0.4439442084896359,0.6067756114114542,1
1477,0.49017395879775616,0.6068757984393154,1
1478,0.5629534704646274,0.6080931101849886,1
1479,0.29552945481002013,0.6087766484257956,1
1480,0.00637091093645803,0.6090802782636938,0
1481,0.5017319917842978,0.6113686297461852,1
1482,0.5485843984765301,0.6117749674351708,1
1483,0.4140664315443424,0.6139873568621947,1
1484,0.4773359979818682,0.6140695373539844,1
1485,0.5985618383223323,0.6140973720448547,1
1486,0.5949363869537284,0.6148434397424294,1
1487,0.5709794907521984,0.6157049241626696,1
1488,0.40176340576582026,0.6159779884127959,1
1489,0.4593634802966692,0.6162284930490232,1
1490,0.4744673034164949,0.6166464556806442,1
1491,0.6113404056920271,0.6167089538428422,1
1492,0.44690605440681996,0.6188258162825737,1
1493,0.3688355664932028,0.619064157625754,1
1494,0.3735731137700715,0.619197147485127,1
1495,0.32708685009275207,0.6193143476401584,1
1496,0.5315688367588376,0.6208572438868087,1
1497,0.4995499078695349,0.6209251377968931,1
1498,0.5515725184085373,0.6209725525733578,1
1499,0.5861324419860447,0.6211849722558932,1
1500,0.5507147950409359,0.6220529572745207,1
1501,0.4936701275643508,0.6220629843176244,1
1502,0.39041349164118433,0.6221141880377894,1
1503,0.5603484852487624,0.6224556701608068,1
1504,0.4913143171529465,0.6234935953413585,1
1505,0.4214100433471697,0.6236218866295559,1
1506,0.46519116444156283,0.6248715915559052,1
1507,0.44308160634861227,0.6269518413333413,1
1508,0.5355860555129464,0.6277994306670426,1
1509,0.5556819243811165,0.6283406369188457,1
1510,0.418947268953499,0.6285615691957601,1
1511,0.44667424666083366,0.6286034235018663,1
1512,0.5466766169477627,0.6288558404869686,1
1513,0.626816217426569,0.6288870938241976,1
1514,0.5818981014522397,0.6296933429139976,1
1515,0.39892251795100087,0.6305800304264114,1
1516,0.5522519981246179,0.6314511006655734,1
1517,0.5060754712304906,0.6317006722982699,1
1518,0.5739885227312653,0.632369988362972,1
1519,0.5471636768660029,0.632551379780676,1
1520,0.4241581859293575,0.63272625995123,1
1521,0.39008233689728944,0.6332700166683554,1
1522,0.4514223699092449,0.6340134819124086,1
1523,0.3398438439869883,0.6347626409529369,1
1524,0.44308160634861227,0.634951335644,1
1525,0.3231900060106102,0.6356594165554253,1
1526,0.5839566176979147,0.6368494632212083,1
1527,0.5336390381925199,0.6373376468837948,1
1528,0.6193988278755864,0.638270545668639,1
1529,0.2948524386430542,0.6384646686243719,1
1530,0.6285853586623166,0.6386233298974973,1
1531,0.43276945512569776,0.6386976380664997,1
1532,0.6248513914166101,0.6390610188270619,1
1533,0.4656852765292331,0.640183315234496,1
1534,0.4820718217392499,0.6405661446955966,1
1535,0.4420394525467659,0.6408547709007129,1
1536,0.6047001401660623,0.6412913082496426,1
1537,0.5999667363390733,0.6414441465832176,1
1538,0.5043993113448619,0.6420779518357459,1
1539,0.31091413225133013,0.6425476183930321,1
1540,0.6333113614973178,0.6426096230165893,1
1541,0.5655198920486919,0.6431114554994982,1
1542,0.6004908740889636,0.6432748893893688,1
1543,0.2782304992267499,0.6436538187226172,1
1544,0.5522519981246179,0.6439588593674562,1
1545,0.225945434455331,0.6440188995961429,1
1546,0.04646249171442385,0.6440794469635603,0
1547,0.45163868824320375,0.6447819931513843,1
1548,0.4981536926542104,0.64484066005085,1
1549,0.4414158135466498,0.644900857206997,1
1550,0.555627120542451,0.6456203149737597,1
1551,0.5762771817506661,0.6462159405101803,1
1552,0.6108679574541939,0.6465020637488803,1
1553,0.5208188119351204,0.6474117489020749,1
1554,0.47574001707570956,0.6476353522621628,1
1555,0.24914697181594203,0.6487210341115189,0
1556,0.5548497033634084,0.6496682044080001,1
1557,0.43952496157491927,0.649747053719631,1
1558,0.44520291707591375,0.6502471552753698,1
1559,0.5749474206494297,0.6507855263426907,1
1560,0.4901635818383785,0.6519528061926776,1
1561,0.536333358632588,0.6520296428690956,1
1562,0.33982329349893836,0.6523585213567924,1
1563,0.42164456121335325,0.6545909810369337,1
1564,0.6066871355686859,0.6551028834039372,1
1565,0.31012731757818424,0.6556126071907896,1
1566,0.4304143860904025,0.6560727866329231,1
1567,0.39783133369992507,0.6562969464007385,1
1568,0.5522829974765386,0.6563841940967557,1
1569,0.580550819760955,0.6569062336901429,1
1570,0.6089590833083979,0.6575920801548382,1
1571,0.37442159088305405,0.657601193374353,0
1572,0.3493625079416094,0.6576619899517897,1
1573,0.38740829755772754,0.6577652004863047,1
1574,0.6509514964876885,0.6582812222811063,1
1575,0.6536128684855738,0.6584116688002283,1
1576,0.579705941142593,0.6590130728357316,1
1577,0.5245534521878901,0.6594534002151284,1
1578,0.37574649021412465,0.659516163664459,1
1579,0.41656545229457087,0.6598747788013853,1
1580,0.6421803248814821,0.6606241892240987,1
1581,0.3781348735744535,0.6606970534427304,1
1582,0.6359570227135535,0.6608438719652368,1
1583,0.6140360118511027,0.6617193389407446,1
1584,0.49642081643992286,0.6622206656240783,1
1585,0.5657211753925397,0.6626747364890293,1
1586,0.353792308698881,0.66286146836438,1
1587,0.6605789942278654,0.6634151198270462,1
1588,0.4482468053382218,0.6635590296442135,1
1589,0.44262288363842783,0.6640118712921169,1
1590,0.5124273242251659,0.6648596533121726,1
1591,0.629878676362621,0.6659937351894272,1
1592,0.4758562377204065,0.666004199850847,1
1593,0.4277981006785121,0.6663050991415554,1
1594,0.5729124159524174,0.6665531830129401,1
1595,0.5424460078290255,0.6680785959937764,1
1596,0.3399376393118456,0.6681473109227435,1
1597,0.42333433789650254,0.6697115459100701,1
1598,0.3331258044610915,0.6702895482278187,1
1599,0.6069030805767244,0.6703270352878583,1
1600,0.5839566176979147,0.6718834114023124,1
1601,0.41757950384684905,0.6724217513569906,1
1602,0.5945017588235987,0.6724982445549332,1
1603,0.39967432370875955,0.6727657409774745,1
1604,0.5179260309044502,0.6748502615859383,1
1605,0.6620539419704122,0.6751841584310868,1
1606,0.39295961100333754,0.675503261387961,1
1607,0.5134331980576388,0.6756918377942911,1
1608,0.6151203916864998,0.6768232312201509,1
1609,0.6321186246275526,0.6770705582703439,1
1610,0.5981765926073378,0.6773499783104465,1
1611,0.6747448614122368,0.677634062310414,1
1612,0.6772842006668984,0.6777792206128816,1
1613,0.41614434687398827,0.6778098458106623,1
1614,0.502878022345147,0.6779803415036687,1
1615,0.3900308139242866,0.6780025581556871,1
1616,0.22514332905398093,0.6784120423264556,1
1617,0.651196339899947,0.6799213046462579,1
1618,0.5483083737068913,0.6799578349561444,1
1619,0.427312471972638,0.6802954707799485,1
1620,0.5039367664618716,0.6803834785495873,1
1621,0.47759425886022067,0.680737697275929,1
1622,0.560539673270706,0.6807647106180724,1
1623,0.3933610144320674,0.6810332053848709,1
1624,0.6316960159955023,0.6811040721859476,1
1625,0.4552644259836518,0.6814300238301679,1
1626,0.6376794213709338,0.6826030553905404,1
1627,0.6093179329497562,0.6827146030560796,1
1628,0.5650357840014679,0.6828773272487035,1
1629,0.629682557726018,0.6830335751982519,1
1630,0.43439552404995163,0.6830415946031649,1
1631,0.674415567997783,0.6831192057970359,1
1632,0.4927293679406505,0.6831741427720759,1
1633,0.6115226144983961,0.6832974927415979,1
1634,0.6011090265292208,0.6839074269205637,1
1635,0.4281605356563659,0.6844561931402382,1
1636,0.44862732899737634,0.6845544253821427,1
1637,0.61151394645565,0.6847110134834746,1
1638,0.3916860377605933,0.6854971857557878,1
1639,0.4257112452192562,0.6862497076674212,1
1640,0.40176340576582026,0.6864495535036982,1
1641,0.6573944612315297,0.6866476946000358,1
1642,0.6074713035902568,0.6866588047376257,1
1643,0.6735564475371681,0.686862127216518,1
1644,0.571918890780451,0.6872996237389244,1
1645,0.3860972979112639,0.6873658314216995,1
1646,0.564657313779157,0.6875152813608909,1
1647,0.26863526438978735,0.6890195720971454,1
1648,0.6816453104610786,0.6890303610111995,1
1649,0.43506232732350025,0.6892056223262788,1
1650,0.609144006497262,0.6902249915614329,1
1651,0.594121264299852,0.6902543040727035,1
1652,0.45554820282060504,0.6909388575117213,1
1653,0.5712876741736133,0.6918171006826683,1
1654,0.5683453290615533,0.6923724997935785,1
1655,0.6921663789239989,0.6924507087607074,1
1656,0.6441355922758576,0.6929086116603906,1
1657,0.5285896884902536,0.6936244478973568,1
1658,0.5589100332819475,0.69438683016732,1
1659,0.589203101925076,0.6944412862564593,1
1660,0.3893482068983539,0.6949695769492629,1
1661,0.5863456647786134,0.6956666585739651,1
1662,0.36549902226909103,0.6960917536839013,1
1663,0.6840310955591788,0.6961853548220621,1
1664,0.5016911457353246,0.6963056093263219,1
1665,0.4958572616769733,0.6964972040921218,1
1666,0.44576702659329726,0.696617392821791,1
1667,0.5189648199534067,0.6967389757536736,1
1668,0.5446277196220366,0.6971631911921988,1
1669,0.619989497425065,0.6978121031131836,1
1670,0.5792486294847248,0.6978538829025198,1
1671,0.5297643456169872,0.6978986046258767,1
1672,0.5688003400013218,0.6982994868608265,1
1673,0.5052128815392835,0.6984606429361788,1
1674,0.5173204334116354,0.6986847028180574,1
1675,0.575480850413728,0.6988971496338119,1
1676,0.6394525951238432,0.6996265367180733,1
1677,0.6789893642218378,0.6996553233557116,1
1678,0.4799146489207434,0.6996563235939407,1
1679,0.3491460597809426,0.6997004316934081,1
1680,0.45071806170367346,0.7000289718964952,1
1681,0.5984442896747408,0.7003088501765099,1
1682,0.6728091095410468,0.701018608722601,1
1683,0.467620763171279,0.7010813758656284,1
1684,0.5815518353409942,0.7014655089697869,1
1685,0.6275172036935546,0.70195516072095,1
1686,0.6150578695900092,0.7023751253106519,1
1687,0.6738377020858952,0.7025494825799002,1
1688,0.6139114626141381,0.703028683525174,1
1689,0.414698923238606,0.703136058798238,1
1690,0.590705296563231,0.7032423073607138,1
1691,0.698826977698755,0.7036219093718085,1
1692,0.6012292463438876,0.7036831270298088,1
1693,0.4313476607821479,0.7037798363328372,1
1694,0.6089899794504343,0.7038462953867413,1
1695,0.6099300093332642,0.7039595189993458,1
1696,0.6639933959619063,0.7045827815752593,1
1697,0.3743640246610177,0.7048698604644607,1
1698,0.6828333311323335,0.7049211346158865,1
1699,0.6723983516352261,0.7049301315253392,1
1700,0.6969626675810804,0.7050762559698059,1
1701,0.08018901864541372,0.7051081756372863,0
1702,0.5791114743376214,0.7054319213941679,1
1703,0.5433571753266291,0.7055637823042031,1
1704,0.5664594117889262,0.7057867430821054,1
1705,0.5411043342530355,0.7065520234521433,1
1706,0.642674237387832,0.7070881866186205,1
1707,0.6784629942798102,0.7072645922785262,1
1708,0.5899720754683999,0.7078041689861179,1
1709,0.41429452205171846,0.7078611338211322,1
1710,0.5034017222339551,0.7087183376902576,1
1711,0.5888402403457619,0.7087982126321132,1
1712,0.6316000436147831,0.7088100551234209,1
1713,0.4805198389054197,0.7096817669826488,1
1714,0.2222387545614276,0.7097795737147038,1
1715,0.5636516334425662,0.710005418457915,1
1716,0.6955689652167775,0.7104481020484407,1
1717,0.637060975958767,0.7104630964082739,1
1718,0.4784706507129105,0.7104814759314158,1
1719,0.6461522071332142,0.711393142627469,1
1720,0.2419851927332004,0.7118354092496437,1
1721,0.49801172268229055,0.7120579707674062,1
1722,0.6947622130983561,0.7125073250014855,1
1723,0.707104829122787,0.7126128876353792,1
1724,0.37946579752009313,0.7127199969936984,1
1725,0.48793910639299587,0.7127870592776072,1
1726,0.7107292871536987,0.713621763923909,1
1727,0.6828465723526208,0.7136983873700471,1
1728,0.4761828074288924,0.7140014392208329,1
1729,0.5348683093252372,0.7141094405918467,1
1730,0.6009431024554254,0.7141188851003671,1
1731,0.5369747467079721,0.7144114577808354,1
1732,0.6932510788833873,0.7148433013177249,1
1733,0.4658825266261106,0.7151793942697506,1
1734,0.5970699298674531,0.7153668718805022,1
1735,0.29818502778227773,0.7158429975672703,1
1736,0.4995499078695349,0.716814233059061,1
1737,0.7169990454547913,0.7173206061729778,1
1738,0.651196339899947,0.717342969000521,1
1739,0.572170048373906,0.7178459563218005,1
1740,0.3045843146993431,0.7183237349575786,1
1741,0.703571978157003,0.7186601802599502,1
1742,0.6337676539716721,0.7202250736075478,1
1743,0.6906495988833113,0.7203527346198151,1
1744,0.48338913395585337,0.7212647226332313,1
1745,0.6485435763583348,0.7217041983422045,1
1746,0.28739319209264425,0.7217128204168526,1
1747,0.5894585621631899,0.7218858214167924,1
1748,0.5792486294847248,0.7220188196205407,1
1749,0.6556482476555742,0.7223031734814024,1
1750,0.6016323138397756,0.723144574675094,1
1751,0.4726796476506311,0.7231813057659313,1
1752,0.22936475107558585,0.7234670180142647,0
1753,0.31387079006075846,0.723879278066634,1
1754,0.5847328028616081,0.7240556996270291,1
1755,0.661973703732177,0.7245301835220666,1
1756,0.4992643630098865,0.7246247715729575,1
1757,0.528329400366394,0.7247030002630491,1
1758,0.442376534785613,0.7248328623296989,1
1759,0.6480006840273196,0.7249013317806938,1
1760,0.4559727228903111,0.7252077963440968,1
1761,0.5843498462531616,0.7254587480773708,1
1762,0.414698923238606,0.726494808404897,1
1763,0.5485933232030511,0.7266399194253722,1
1764,0.6158204308650095,0.7266738119981097,1
1765,0.39553960063642923,0.7269671763216508,1
1766,0.6503421232255987,0.7274286202432023,1
1767,0.5768478205193167,0.7284382511677522,1
1768,0.5356374443481229,0.7287234580834918,1
1769,0.6711287190253034,0.7290952609434266,1
1770,0.3083159490718078,0.7295159422487261,1
1771,0.5128546319622652,0.7295919237923205,1
1772,0.7075859461490207,0.7304578710822531,1
1773,0.5014758120025705,0.7305607872377288,1
1774,0.6231184425874716,0.7306619131504479,1
1775,0.2900723222670284,0.7314984581365973,1
1776,0.6648723045268441,0.7319261830575724,1
1777,0.712561898091678,0.7320280746966401,1
1778,0.5661189307415567,0.7322414265137326,1
1779,0.30978976849288187,0.732290093772264,1
1780,0.5641583709057307,0.7325874607121322,1
1781,0.7315380301599259,0.7329386059623774,1
1782,0.5433807393797747,0.7329611345198086,1
1783,0.38067495195489076,0.7335033108642847,1
1784,0.546125813814754,0.7337198578680271,1
1785,0.42423470062206814,0.7337393539192775,1
1786,0.5367892219911948,0.7338043931411772,1
1787,0.7324799560222202,0.7348368053160204,1
1788,0.6239616165296796,0.7349764012524483,1
1789,0.6608718412179485,0.7350232515485186,1
1790,0.5323431626229626,0.7353110830630171,1
1791,0.3926769364502437,0.7353530508696289,1
1792,0.6718117846887781,0.7357163444863408,1
1793,0.620866389950154,0.7357385307563067,1
1794,0.627350544928034,0.7362383553487528,1
1795,0.6625832554097284,0.7362932510697553,1
1796,0.40779595244727096,0.7363255056280426,1
1797,0.1697360845302992,0.7366721441978352,1
1798,0.3547249120729955,0.7366843168527614,1
1799,0.5079428221697726,0.7376413993121448,1
1800,0.6939208685992307,0.7377043947188933,1
1801,0.5533521894473542,0.7383250921173304,1
1802,0.6350558291746803,0.7383457509268015,1
1803,0.4690537034716953,0.7383669191555221,1
1804,0.38967980178860384,0.7384446517017758,1
1805,0.6376264047831731,0.7385311107420561,1
1806,0.4765548126337773,0.7388892920187173,1
1807,0.5028122574802506,0.7392011826909266,1
1808,0.679663841358885,0.7393887737984107,1
1809,0.4923869445179633,0.7395709016201973,1
1810,0.5369088751528963,0.7398756012201971,1
1811,0.5216545448720937,0.7399894997834097,1
1812,0.6352946417801256,0.7403346268429634,1
1813,0.6624917906045089,0.7404864602304768,1
1814,0.4174011259297794,0.7405741309250118,1
1815,0.4166921886294592,0.7406546604732469,1
1816,0.3313903043099983,0.7407842874524807,1
1817,0.697048491605754,0.740845888007257,1
1818,0.7234670180142647,0.7411737906662585,1
1819,0.7168024258872898,0.741968868324633,1
1820,0.7040228915863759,0.7421191792883954,1
1821,0.6763232790648709,0.7423115231889112,1
1822,0.4592706635163457,0.7437577413859604,1
1823,0.5808443325148134,0.7438166288188153,1
1824,0.6079709355526367,0.7447335939434627,1
1825,0.6312394036763695,0.7457281681469211,1
1826,0.5811518328983675,0.7458012412350389,1
1827,0.585002858277518,0.746049574386868,1
1828,0.6317871138892901,0.7470244449558029,1
1829,0.6523834022889965,0.7471951162854717,1
1830,0.6366798993521545,0.7472804601550891,1
1831,0.7235454312451257,0.7474001881727026,1
1832,0.5043069399876264,0.7476379227498646,1
1833,0.5370279143388298,0.7476619732612966,1
1834,0.6199047805666691,0.7476700111483254,1
1835,0.5681642045601228,0.7477606390125916,1
1836,0.38538389708820864,0.747988894877643,1
1837,0.5763294756093146,0.7479945740778787,1
1838,0.7446346536344155,0.7481585096312698,1
1839,0.7286870598463461,0.7481592335221898,1
1840,0.6280812150108791,0.748254809738139,1
1841,0.3049196516034983,0.7485756572333149,1
1842,0.6833801514687301,0.7486973430730078,1
1843,0.559611004490551,0.7488868173931094,1
1844,0.4447299436076527,0.7491011607841108,1
1845,0.40176340576582026,0.7492991838740272,1
1846,0.5873913537197749,0.7494776410700246,1
1847,0.6789891957952608,0.7497788466407564,1
1848,0.7178600038568084,0.7499987578634931,1
1849,0.40222555837367824,0.7502137598555926,1
1850,0.5086242628782139,0.7503237936156957,1
1851,0.4374182321721606,0.7503253505433286,1
1852,0.7223852787913674,0.750881512567004,1
1853,0.7313025585323754,0.7509973946815364,1
1854,0.7278905994892,0.7510803526632474,1
1855,0.6404515310996542,0.7518175358211403,1
1856,0.3543527180900644,0.7520611057399809,1
1857,0.7315380301599259,0.7522050835346432,1
1858,0.528162619215539,0.7526014503084337,1
1859,0.670803760045718,0.7530046286471186,1
1860,0.6848355208628659,0.753223275443597,1
1861,0.46709273555390707,0.7535401309323162,1
1862,0.6823304955406028,0.7539343290037318,1
1863,0.6751151956362289,0.7539713713078675,1
1864,0.3788432633835572,0.7540378482720893,1
1865,0.34863405241899703,0.7541384136051846,1
1866,0.535688158670856,0.7548235634818928,1
1867,0.6652746045449914,0.7551926874623531,1
1868,0.7238608796766579,0.7553095278129067,1
1869,0.5254369575365107,0.7553559989646127,1
1870,0.5754251410182522,0.7556251647030485,1
1871,0.4000055979170005,0.7558699638154618,1
1872,0.6265853080756736,0.7559435613432577,1
1873,0.4192780950772601,0.7561129141352989,1
1874,0.608216911855735,0.7561596295146997,1
1875,0.7552584954572495,0.7563103896274702,1
1876,0.5399933467905268,0.7568285819203081,1
1877,0.6297229586167227,0.7572071988342537,1
1878,0.4431957666394254,0.7576389565543787,1
1879,0.7127079492459247,0.7578396410864334,1
1880,0.6069001120777137,0.7578619573806581,1
1881,0.7169990454547913,0.7581558300914164,1
1882,0.4966651858437967,0.7582147512970682,1
1883,0.7255881555919975,0.7583195670641815,1
1884,0.6460182497311775,0.7584088972975078,1
1885,0.419394991055661,0.758567882891117,1
1886,0.40808347125689226,0.7587682378553361,1
1887,0.5626325892434839,0.7588302269185109,1
1888,0.5837753823022672,0.7593990668058804,1
1889,0.682287783747252,0.7594084157638727,1
1890,0.5470637934367983,0.759482385393278,1
1891,0.6589088866153312,0.7595465590664227,1
1892,0.7031340638173039,0.7599999141446182,1
1893,0.6196633207762053,0.7606163039171983,1
1894,0.6992756300299259,0.761047178426867,1
1895,0.6487326912702106,0.7614016711592301,1
1896,0.6913689110147238,0.761414070738731,1
1897,0.6345777660767993,0.7614502856828208,1
1898,0.6625600775254761,0.7617808979899516,1
1899,0.7530463142112435,0.7621250392549552,1
1900,0.7373347330300354,0.7621440803234599,1
1901,0.5929383115988546,0.762412286115505,1
1902,0.3639012986575987,0.762528918255414,1
1903,0.6828465723526208,0.7629368058098888,1
1904,0.659868842138889,0.7631800276263836,1
1905,0.4568155853456366,0.7634894272497451,1
1906,0.38092702478034857,0.7636456146445524,1
1907,0.4146190507285463,0.7639711606970259,1
1908,0.7507419376046838,0.7640378572944326,1
1909,0.68308958359551,0.7641509665905604,1
1910,0.7496273796695891,0.764359374089683,1
1911,0.4776172636089374,0.7644308598824794,1
1912,0.39906118070530294,0.7647448169546793,1
1913,0.3696550452031606,0.7647635349219515,1
1914,0.30694775319893797,0.765056073294685,1
1915,0.5365041076896758,0.7652672239710693,1
1916,0.47745866466369324,0.7653557273231881,1
1917,0.7519434309417234,0.7654765233800359,1
1918,0.45259229108290167,0.765494022547571,1
1919,0.6650987446432115,0.7659503289262937,1
1920,0.2880749063401119,0.7660909428116129,1
1921,0.47028244384052265,0.7663658308165973,1
1922,0.5272102057874347,0.7670889816723462,1
1923,0.6955689652167775,0.7672737442207908,1
1924,0.4136914493024513,0.767433815330056,1
1925,0.6119499045465094,0.7675134976271764,1
1926,0.5060754712304906,0.7676707612272964,1
1927,0.6649869349333725,0.7677588434372261,1
1928,0.7360552450416543,0.7678090089613144,1
1929,0.5932285499510862,0.7687711648831134,1
1930,0.5039367664618716,0.7691591035417886,1
1931,0.4949154744124572,0.7693637214028921,1
1932,0.6466298152280112,0.7695206817724513,1
1933,0.5490290826420641,0.7697464821336704,1
1934,0.5636822203404028,0.7698191904670082,1
1935,0.5610279099990971,0.7700542112610648,1
1936,0.7546852089195057,0.7700798769391609,1
1937,0.6191160818684561,0.7711603149884242,1
1938,0.48905738435337187,0.771240335197692,1
1939,0.6679438920084653,0.7713859221853411,1
1940,0.4588130526262175,0.7716615417231363,1
1941,0.6181758582850685,0.7716976243408058,1
1942,0.6104034318946046,0.7720195509588779,1
1943,0.6255918346108645,0.7723296279082541,1
1944,0.5483083737068913,0.7728718076464443,1
1945,0.57264636410435,0.7729027535363604,1
1946,0.528719284012856,0.7729511203944013,1
1947,0.763929371595663,0.773032922361397,1
1948,0.6509514964876885,0.7736040333609632,1
1949,0.7105478357900663,0.7740491486324899,1
1950,0.7631203038477355,0.7743833919812569,1
1951,0.6489360326451235,0.7744550569830883,1
1952,0.7537894471754,0.7746512203963484,1
1953,0.3894737879672403,0.774729400715108,1
1954,0.6714896980864072,0.7747313777130197,1
1955,0.43619808760062273,0.7748306458673908,1
1956,0.41785779924228117,0.7748549317947596,1
1957,0.7178062928595397,0.7748999786211455,1
1958,0.5014338881086156,0.7751936987509148,1
1959,0.6715356107559574,0.7753265007774046,1
1960,0.569195820562365,0.7757070302498661,1
1961,0.5936928468174327,0.7758832552901513,1
1962,0.47713809080784064,0.7759032582221097,1
1963,0.6464171187448879,0.7760577535908486,1
1964,0.7078341105629711,0.7761016394784008,1
1965,0.5725747534556396,0.7761301059163981,1
1966,0.574385473984606,0.7762138017316399,1
1967,0.7519434309417234,0.7765308283586212,1
1968,0.5195425551776287,0.7770983092677166,1
1969,0.38014887896105654,0.7772222971822883,1
1970,0.7311737378043927,0.7774306569947402,1
1971,0.490538141704136,0.7774407258125703,1
1972,0.49458828825572665,0.777637203185886,1
1973,0.47713809080784064,0.7776830155850913,1
1974,0.6769985730642475,0.7781941904210988,1
1975,0.6315213975543499,0.7782649305055463,1
1976,0.6754768741084817,0.7783311093758599,1
1977,0.6939208685992307,0.7784909211346913,1
1978,0.629307930658389,0.7785341140279279,1
1979,0.6412971833136241,0.7785562907319329,1
1980,0.5296787785405317,0.7787007806891474,1
1981,0.43605339133260734,0.7787993127067767,1
1982,0.41255884056093695,0.7790083170800761,1
1983,0.7407301173892382,0.779106201560502,1
1984,0.4073510331204758,0.7801260593096173,1
1985,0.4943694684877271,0.7803144364043979,1
1986,0.5259372886483655,0.7805030311131276,1
1987,0.7505078424428206,0.7807344267788008,1
1988,0.3093679403270937,0.7815356237789532,1
1989,0.6030257884170294,0.7819803206935767,1
1990,0.27356717308774825,0.7826402241866655,1
1991,0.4654286174577703,0.7828127070794934,1
1992,0.5889002380668408,0.7831272478874022,1
1993,0.6428039694862174,0.7836124435640136,1
1994,0.36293936754655,0.7838240031091648,1
1995,0.43619808760062273,0.7839337929684974,1
1996,0.5827222032886894,0.7841843633873833,1
1997,0.5525654643571957,0.7841963155885653,1
1998,0.6487326912702106,0.7844999580966087,1
1999,0.4997566826486911,0.7847651050958759,1
2000,0.7160579339358049,0.7848652508232263,1
2001,0.7418275225982002,0.7850985735564088,1
2002,0.7373406407607381,0.7851531024814363,1
2003,0.7140873580266089,0.7856088960315578,1
2004,0.7357115780165179,0.7856555243638919,1
2005,0.7745983054346433,0.7856734866912618,1
2006,0.5909170299388815,0.7858543011649717,1
2007,0.4773562227541982,0.7859354851697962,1
2008,0.7852383255268393,0.7860529437613177,1
2009,0.5208571821099957,0.7863250193175624,1
2010,0.6306281599607035,0.7868715953793357,1
2011,0.5631306416643452,0.787042561027887,1
2012,0.6504189358468775,0.787059673233854,1
2013,0.5842959201677976,0.7871816745067183,1
2014,0.6585223530749197,0.787651039357522,1
2015,0.6674986068286353,0.788018022496719,1
2016,0.627814404717818,0.788838738504315,1
2017,0.6746403282220754,0.7892901657514031,1
2018,0.6056346345174647,0.7899297789887808,1
2019,0.428854995446593,0.7899468743714344,1
2020,0.7446346536344155,0.7903443474499227,1
2021,0.5233380856403775,0.7904853450711834,1
2022,0.609103830337824,0.7908574922923914,1
2023,0.532191144542819,0.7909206723748943,1
2024,0.5923150625242254,0.7919664846181033,1
2025,0.7415168856845902,0.792070804304643,1
2026,0.6212411966509955,0.7920954926817089,1
2027,0.6379077308063509,0.7924884896927911,1
2028,0.46947720852016106,0.7925822479653867,1
2029,0.7874439566437673,0.7926664031584499,1
2030,0.5014338881086156,0.7927564382056899,1
2031,0.7216802655928904,0.7931193871336106,1
2032,0.7640746317782998,0.7933265381688872,1
2033,0.2925558568579184,0.7940384677118767,1
2034,0.5859852731763877,0.7951916104817526,1
2035,0.5204028541042626,0.795563521798352,1
2036,0.7429339926951998,0.7961609772826488,1
2037,0.5439484670799452,0.7963633893289614,1
2038,0.44262288363842783,0.7964669592392747,1
2039,0.7761955607585868,0.7967361453118651,1
2040,0.657601193374353,0.7967686043532719,1
2041,0.6956062659553124,0.7970627077606082,1
2042,0.3957102669593928,0.7973022852427561,1
2043,0.5815518353409942,0.7978938758770411,1
2044,0.7859752544133302,0.7979039394117726,1
2045,0.7873439540191781,0.7979423557167252,1
2046,0.6325170039309649,0.7979728191256251,1
2047,0.3132336916492714,0.7981369796446912,1
2048,0.7537999442892552,0.7986359916551246,1
2049,0.6715809166173727,0.7988501138595855,1
2050,0.6069001120777137,0.7989368492621386,1
2051,0.46533244082697156,0.7989693084481045,1
2052,0.6443209631616796,0.799375870346244,1
2053,0.6638344724785854,0.7997647796456995,1
2054,0.5999308945851417,0.7999860619949923,1
2055,0.28632152763026686,0.8000484446977754,1
2056,0.7975571569066653,0.8000817259803921,1
2057,0.7903439843791974,0.8002236248713217,1
2058,0.5653453904159971,0.8006847386115061,1
2059,0.6615968332940866,0.8009253149217673,1
2060,0.5034017222339551,0.8010289829968985,1
2061,0.32145809160993355,0.8013264987374025,1
2062,0.4850784065970477,0.8015936666703913,1
2063,0.6463735764233839,0.8016317476458287,1
2064,0.40479828491884406,0.8019622453622804,1
2065,0.43952496157491927,0.8020982417374994,1
2066,0.5252487284063921,0.8021356377919375,1
2067,0.6898191913234466,0.8022414146168941,1
2068,0.6772286959810974,0.80228934107548,1
2069,0.3477015730474281,0.8023425667040298,1
2070,0.48103602768352505,0.8028597929077028,1
2071,0.5107170698654712,0.8029398274322628,1
2072,0.4830982211478846,0.8030157710409946,1
2073,0.35532524325547155,0.8031691112338026,1
2074,0.6975955468288113,0.8034997446976944,1
2075,0.4721119655424403,0.8037829272027059,1
2076,0.8018974858034289,0.8038979152523433,1
2077,0.6316960159955023,0.8043332386981746,1
2078,0.5957303643634769,0.8044590927156224,1
2079,0.3529434019524771,0.805684767549918,1
2080,0.5402724977481681,0.8064511256334187,1
2081,0.7887763475744065,0.8065598343016199,1
2082,0.7657515647518754,0.80668263719054,1
2083,0.8046227417345401,0.8068789589307668,1
2084,0.6442335806034635,0.8069843557128867,1
2085,0.592760441819251,0.8081642398505863,1
2086,0.4761828074288924,0.8082777937223177,1
2087,0.5098318123335404,0.8088113737492967,1
2088,0.6013704802383244,0.8089160922266507,1
2089,0.43700326576063075,0.809017276585425,1
2090,0.5460734073391252,0.8095044779645519,1
2091,0.5251862524333122,0.8095276245669796,1
2092,0.6983499299533658,0.8103965689736905,1
2093,0.5716210323497132,0.8109483701909783,1
2094,0.5951317761521971,0.8110029647978529,1
2095,0.2844722503946674,0.8112301754488203,1
2096,0.6178196065792874,0.8113523100136865,1
2097,0.6126090842915195,0.8113638763146946,1
2098,0.3480810924273027,0.8115315564152749,1
2099,0.6986662169190841,0.811645100732316,1
2100,0.41093532013926415,0.8119295272988958,1
2101,0.4953451481137976,0.8125408048131795,1
2102,0.8011351500578953,0.8125453752315901,1
2103,0.725576425152684,0.8126352607386905,1
2104,0.7058284892884626,0.8127906589671318,1
2105,0.6958074330654488,0.8131456142966853,1
2106,0.6583886175705431,0.8133442020484438,1
2107,0.7689943041127127,0.8133710821290455,1
2108,0.11908534131395765,0.8134090406470427,1
2109,0.3864739761014757,0.8134107519629609,1
2110,0.48852748575436067,0.8135052090369866,1
2111,0.4146495878992098,0.8135237755390011,1
2112,0.7813765275730862,0.8135661732399354,1
2113,0.41656545229457087,0.8136149695052649,1
2114,0.6178094170937309,0.8136382518035238,1
2115,0.6064705677657533,0.8137661875946438,1
2116,0.4740996451645042,0.813770806030142,1
2117,0.7139129816066311,0.813828379579729,1
2118,0.6246905280739009,0.8138644597777411,1
2119,0.6638203390385877,0.813864664276758,1
2120,0.6762982379378861,0.8140318136869301,1
2121,0.4507509529095417,0.8141062438604972,1
2122,0.5852134747412907,0.8143186984382005,1
2123,0.6363002536741285,0.8143220654399012,1
2124,0.5462274238761287,0.8145645459477494,1
2125,0.21261706677253067,0.8147594116465445,1
2126,0.7863085068118544,0.8150663548894084,1
2127,0.6503362330791247,0.8151578801237825,1
2128,0.7475661282483745,0.8153483232573585,1
2129,0.5582373952284957,0.8155399192411072,1
2130,0.28449971506072946,0.8155505311836221,1
2131,0.6387477001987859,0.8156906121937173,1
2132,0.6412866880368465,0.815866179077292,1
2133,0.6862161203000309,0.8160882304684781,1
2134,0.44634313943625714,0.8162544782511031,1
2135,0.627530670422053,0.8162961913107367,1
2136,0.4883261347810042,0.8163333639092333,1
2137,0.37382899920095847,0.8164054909602756,1
2138,0.7493779724412554,0.8165137687456585,1
2139,0.5362427020312528,0.8166194116990052,1
2140,0.7320755039691015,0.8170683858518331,1
2141,0.6390272745731368,0.817079445299261,1
2142,0.6947622130983561,0.8171436282512664,1
2143,0.7245893650548523,0.8175062035001347,1
2144,0.5152024610901237,0.8175200472770445,1
2145,0.5762771817506661,0.8177913937729013,1
2146,0.6634269486253461,0.8178928325176511,1
2147,0.5451874055158165,0.8181099884110362,1
2148,0.43570488650257067,0.8181397342721412,1
2149,0.5542302784371078,0.818397444517519,1
2150,0.7887770242810376,0.8186268555979502,1
2151,0.6715356107559574,0.818716789715935,1
2152,0.7925084862911876,0.8188344473993128,1
2153,0.696821263614087,0.8190166906110966,1
2154,0.3929853706593085,0.819105823049977,1
2155,0.7585654212168818,0.819117644427224,1
2156,0.6218263965832662,0.8193835373242498,1
2157,0.5391309464180642,0.8193901420091855,1
2158,0.5358595022848576,0.8194544293349343,1
2159,0.43060062339175476,0.8194809564016169,1
2160,0.5973107169425429,0.8196345942644693,1
2161,0.5585801515521058,0.8196452506040941,1
2162,0.7651133415829107,0.8197632132071894,1
2163,0.5655198920486919,0.8198408373366785,1
2164,0.42868004790279357,0.8199122893307365,1
2165,0.6852026472787824,0.81998384945258,1
2166,0.567405336571059,0.8201176535000164,1
2167,0.511899182687219,0.8204190669035639,1
2168,0.39810332832064155,0.8205285175137578,1
2169,0.41581873319261387,0.8205786589762509,1
2170,0.6931866878242132,0.8206678670279005,1
2171,0.5207909768315487,0.8210872036042153,1
2172,0.500954237909921,0.82138080829935,1
2173,0.8206003861581578,0.8216126690745339,1
2174,0.5685527914057237,0.8216249676702376,1
2175,0.8203052032731127,0.82172314758625,1
2176,0.7807470929538889,0.8219767872747947,1
2177,0.6614597489732261,0.8221273068275539,1
2178,0.7744046226680158,0.8224720024949621,1
2179,0.5150586225700127,0.822661244690913,1
2180,0.5948149078786983,0.8226613172971654,1
2181,0.6758959710794257,0.8227742278911677,1
2182,0.7661540637770377,0.8228581875713264,1
2183,0.7479683078319679,0.8230765350867123,1
2184,0.23459037385206338,0.8233840840757224,1
2185,0.8060815563437962,0.8234154651887062,1
2186,0.4914153275176504,0.8237382419396915,1
2187,0.6948660655233526,0.8240258100301366,1
2188,0.524774052807822,0.8244144295420595,1
2189,0.7785946177152192,0.8245141783114435,1
2190,0.3620435448328936,0.8246199651396794,1
2191,0.6322708037244128,0.8246727055116652,1
2192,0.45641124149253165,0.8248974048480913,1
2193,0.459208706668526,0.825231417396102,1
2194,0.8004321382510666,0.8253876053142034,1
2195,0.6105858003944247,0.8254875307347175,1
2196,0.6461031990983653,0.8254939468329328,1
2197,0.795133104726782,0.8255380706300686,1
2198,0.22404934771047025,0.8257092915027369,1
2199,0.7960873032150831,0.825806305720609,1
2200,0.35971476923765244,0.8259312078726652,1
2201,0.49042572450658206,0.8259929914402315,1
2202,0.46787434755940516,0.8260631167523524,1
2203,0.7511485760172381,0.826101974140632,1
2204,0.4121071521559114,0.8266828206464907,1
2205,0.5815882928797916,0.8268884296395235,1
2206,0.7816092249797925,0.8270480822531532,1
2207,0.5163475778225161,0.8271080958810081,1
2208,0.6317478070941256,0.8271321584370521,1
2209,0.7606064309241926,0.8271905724622434,1
2210,0.6078114682783855,0.8275416697139599,1
2211,0.7398959053813362,0.8276964526052303,1
2212,0.6776020254468151,0.8277325627299137,1
2213,0.810837907706695,0.8277441274011501,1
2214,0.7274425113140254,0.8279042752016336,1
2215,0.47451822642691555,0.828011164375378,1
2216,0.5377212309178726,0.8281099713382825,1
2217,0.7459844941062185,0.8283207125118474,1
2218,0.4069548098020884,0.8284022996656262,1
2219,0.5826098996932618,0.828460855538474,1
2220,0.784777991128797,0.8293359969226938,1
2221,0.49037371599326673,0.8293729520356151,1
2222,0.7035826318193416,0.8294523002979992,1
2223,0.7475661282483745,0.8295943772337863,1
2224,0.7652260975793844,0.8301407915298223,1
2225,0.6724847787089853,0.8302142793612157,1
2226,0.7122594478514972,0.83064639279133,1
2227,0.5787187115039275,0.8312680451512036,1
2228,0.4790839439317994,0.8315191453613627,1
2229,0.5188632439677399,0.8316328680168567,1
2230,0.5088279759561457,0.8318382074080191,1
2231,0.7820245177424209,0.8318743844402423,1
2232,0.6788252517257253,0.8319112981325524,1
2233,0.6931411585072109,0.8319296250425632,1
2234,0.756549757148562,0.8321187711824661,1
2235,0.5590413472784381,0.8322907978151287,1
2236,0.4268633817026082,0.8329488893336303,1
2237,0.7147868449269289,0.8331076209548832,1
2238,0.6003798540772479,0.83316119804973,1
2239,0.556281688877094,0.8332780019028486,1
2240,0.7265813129290073,0.8333707862695513,1
2241,0.6237934214465606,0.8333874953190974,1
2242,0.720237712708326,0.8334140193479852,1
2243,0.6927970430905523,0.8337190104303309,1
2244,0.6232218545055449,0.8338844253081681,1
2245,0.5775483374137751,0.8338918646283398,1
2246,0.5601046302327536,0.8343815792750355,1
2247,0.6614597489732261,0.8346213963941167,1
2248,0.6686533871795881,0.8350621326822895,1
2249,0.5374911467987138,0.8356500969029284,1
2250,0.5912950786327797,0.835760238289124,1
2251,0.5460734073391252,0.8358602599229686,1
2252,0.7790459585121221,0.8362490798294422,1
2253,0.778720051058617,0.8364797085002877,1
2254,0.7334237624016064,0.8369761927321524,1
2255,0.442376534785613,0.8375584888602143,1
2256,0.725576425152684,0.8376463306548283,1
2257,0.5963220090280555,0.8376896695902321,1
2258,0.8060981941551902,0.8378272283284104,1
2259,0.5698385697676828,0.8380374440598586,1
2260,0.60280993156951,0.8383205303198046,1
2261,0.6460182497311775,0.8386655212983538,1
2262,0.6204141050004318,0.8387139753655057,1
2263,0.6703005700455381,0.8387948946869831,1
2264,0.4660761596606806,0.8389560467047537,1
2265,0.5342018363966634,0.8390105463911499,1
2266,0.568204234843093,0.8392251370271312,1
2267,0.6373667075229722,0.8392256213241669,1
2268,0.38700153237482937,0.8398643042951296,1
2269,0.3957102669593928,0.8401557420401414,1
2270,0.7246427610802793,0.8404536930670571,1
2271,0.6831694734420478,0.8406082323554935,1
2272,0.5175252123300241,0.8409067970442253,1
2273,0.7488029959211895,0.8409402968880811,1
2274,0.8321484372466604,0.8409503072441017,1
2275,0.7074481465262884,0.8411278909557818,1
2276,0.4580052404532091,0.8412931745183904,1
2277,0.7628988502032191,0.8413022351726909,1
2278,0.48676610574165924,0.8413935358702871,1
2279,0.5635910807850675,0.8414125586874339,1
2280,0.6951739636393371,0.841440578610547,1
2281,0.40326481957113314,0.84159219519706,1
2282,0.39042699321631436,0.841756965544929,1
2283,0.7015544294152242,0.8418421806913554,1
2284,0.46625271904934384,0.8419425299304836,1
2285,0.5386838550586341,0.8420832159166225,1
2286,0.8290381985286835,0.8421994724875802,1
2287,0.7419034287915636,0.8422330798955415,1
2288,0.6898559194021544,0.842425547371053,1
2289,0.8128865676745961,0.8425763769853415,1
2290,0.7454376609304747,0.8429231064010307,1
2291,0.7020392463061468,0.8432200701428113,1
2292,0.580550819760955,0.8438796175666069,1
2293,0.40161506204393327,0.8438893312054282,1
2294,0.8145733483586707,0.8439886920321465,1
2295,0.6710280561860987,0.8440538501366431,1
2296,0.766171244120041,0.844203236853412,1
2297,0.7970295228076237,0.844332281231114,1
2298,0.6743515667775144,0.8443579749615472,1
2299,0.7754313711946296,0.8446683555949406,1
2300,0.34842306813755985,0.8446931878669671,1
2301,0.580889511988782,0.8447085079874216,1
2302,0.8173710139518205,0.8448237590390475,1
2303,0.40451862275649286,0.8448561487285567,1
2304,0.2518844139571982,0.8451820229343235,1
2305,0.7720710274972826,0.8454716348172313,1
2306,0.4411413499691047,0.8456525479503373,1
2307,0.5489376606400337,0.8457884618235618,1
2308,0.4958572616769733,0.8460086445315159,1
2309,0.613744582414049,0.846400449982502,1
2310,0.5503894193638929,0.8470327046524134,1
2311,0.34821170155994363,0.8470518129012574,1
2312,0.8351878718613219,0.8471960212872346,1
2313,0.7492726415254877,0.847290043887693,1
2314,0.6392028754906639,0.8476977592926369,1
2315,0.5469358818902625,0.8479841815921052,1
2316,0.8408873946553908,0.8480094749250011,1
2317,0.46110420517659445,0.8480943776202587,1
2318,0.3317831885079152,0.848489809874391,1
2319,0.45118598833172396,0.8486148921032061,1
2320,0.75255931645077,0.8491294203035527,1
2321,0.7101981998024194,0.8492208353047023,1
2322,0.7508370111261882,0.8495917889175649,1
2323,0.3155080216969892,0.849592249105614,1
2324,0.6551681139748631,0.8496263993421351,1
2325,0.433874613329173,0.84988522881074,1
2326,0.6064705677657533,0.8498896821989381,1
2327,0.6518798696793001,0.8500177349943652,1
2328,0.4640556938018585,0.8500912374597305,1
2329,0.6515368373825686,0.8501625420117958,1
2330,0.808623457420194,0.8501627347796618,1
2331,0.8051347027833264,0.8504547255807244,1
2332,0.5981765926073378,0.8506303035324126,1
2333,0.39204700687605787,0.8506715570485456,1
2334,0.6477356171932116,0.8513467607307067,1
2335,0.8506437749527336,0.8514533694893069,1
2336,0.6142121222224926,0.8514563086371315,1
2337,0.6331402417581089,0.8516290094652823,1
2338,0.502878022345147,0.851793489953812,1
2339,0.8332480459041928,0.8518663233539917,1
2340,0.7008242295683724,0.8518937372364309,1
2341,0.8431371325808829,0.8519421388881157,1
2342,0.5775483374137751,0.8519523405989882,1
2343,0.6397125998827675,0.8521804885490916,1
2344,0.6081655189295004,0.8523783416736409,1
2345,0.6864970403484839,0.8528348841275906,1
2346,0.4254735590534786,0.8529256854207925,1
2347,0.6980454989855527,0.8529660828197587,1
2348,0.8174552298830357,0.8530332372875388,1
2349,0.5949354426617187,0.8530672911850138,1
2350,0.5641374086304521,0.8531690269355326,1
2351,0.5666556479025702,0.8532497574617063,1
2352,0.7999451340048271,0.853383199632355,1
2353,0.8431371325808829,0.8536721695447955,1
2354,0.5601359862226212,0.8536722081706917,1
2355,0.6967044157496917,0.8537581545055565,1
2356,0.8145186954542191,0.8537687001059135,1
2357,0.7859752544133302,0.8539613953972314,1
2358,0.47153284853798494,0.8541202615871999,1
2359,0.7628988502032191,0.854248125753154,1
2360,0.5562162001523906,0.8545208921632942,1
2361,0.48687331696250713,0.8545267962441235,1
2362,0.5411465012453072,0.8546032409620543,1
2363,0.5632979719862615,0.8546337961308038,1
2364,0.8164201516671116,0.8548038754577963,1
2365,0.7863492926934762,0.8548924148315322,1
2366,0.43539619809840935,0.8550012314191052,1
2367,0.5710759818222299,0.8551636715245545,1
2368,0.40479828491884406,0.8553507138064563,1
2369,0.5389928828792336,0.8555548072133112,1
2370,0.8206003861581578,0.8556554414665346,1
2371,0.5318449807594882,0.8556641520374101,1
2372,0.25519172544493496,0.8558726115704954,1
2373,0.6992003652070825,0.8559603818241622,1
2374,0.6522054403206043,0.8561033233971713,1
2375,0.6227378456889232,0.8562995677747044,1
2376,0.759785214088797,0.8564557341265286,1
2377,0.5346031090287954,0.8569671921236578,1
2378,0.652377494491202,0.8569830741197892,1
2379,0.4966588284754424,0.8570294131364405,1
2380,0.36175024311049964,0.8570533189248389,1
2381,0.7286870598463461,0.8571629002564216,1
2382,0.5411093757725813,0.8573392196993052,1
2383,0.6247589973596372,0.8577664298891963,1
2384,0.3480810924273027,0.8578454364650377,1
2385,0.823308316587507,0.8579668687166925,1
2386,0.5408332078831614,0.8579925476885925,1
2387,0.5570562027708043,0.8581480011500234,1
2388,0.8494817306291363,0.8582901239327896,1
2389,0.7417393520136191,0.8583638086095646,1
2390,0.6355432747870934,0.8585116539414879,1
2391,0.6366798993521545,0.8585498463275035,1
2392,0.6407207020899385,0.8588358622116081,1
2393,0.4003908035685628,0.8590884399738723,1
2394,0.7234910567683439,0.8592315266149729,1
2395,0.6312394036763695,0.8594326234540811,1
2396,0.6655318027131992,0.8594845987753824,1
2397,0.6415261738364995,0.8596295296689885,1
2398,0.613744582414049,0.8599850516829833,1
2399,0.4883247581488003,0.8602594939531875,1
2400,0.40379759118777414,0.8603741674944072,1
2401,0.6624084388749482,0.8604876213887379,1
2402,0.5603006067275864,0.860491473898545,1
2403,0.8543009899562368,0.8607712948755615,1
2404,0.6020248795550821,0.8607932304220317,1
2405,0.7243255096030452,0.861181466925867,1
2406,0.6511132153795777,0.8614032810432688,1
2407,0.16288884848544527,0.8614910969654862,1
2408,0.7072694738094616,0.8615079893882962,1
2409,0.5601046302327536,0.8617766479357879,1
2410,0.5931577985916585,0.8618748714226536,1
2411,0.6407610876612632,0.8619426693657273,1
2412,0.7705237727786498,0.8621948293638358,1
2413,0.5828015108280648,0.862306270423269,1
2414,0.8251210594943036,0.8625633128376013,1
2415,0.7476274693012235,0.8627112750061168,1
2416,0.5701014554551432,0.8627196583694736,1
2417,0.7148930654893424,0.8627284671236815,1
2418,0.45333426178193736,0.8630275949146848,1
2419,0.7830574383906198,0.8634078492701042,1
2420,0.6173806142584728,0.8635139647721475,1
2421,0.6526181972090677,0.8638178657329975,1
2422,0.6240314424720839,0.8642550325496398,1
2423,0.7712561564225933,0.8642945700606136,1
2424,0.4671486649054417,0.8643017681660342,1
2425,0.5930702470600319,0.8645238407470072,1
2426,0.6953569687066835,0.8646282078812705,1
2427,0.3180954775135445,0.8646645472958624,1
2428,0.6739248091970235,0.8647884843794748,1
2429,0.8587808775397932,0.8649076842217174,1
2430,0.6836492779829544,0.8649093305629275,1
2431,0.22420906590595524,0.8649346932668707,1
2432,0.5110405886105457,0.8650142280234214,1
2433,0.5446839730911336,0.8652128068621127,1
2434,0.6126090842915195,0.8652515116004371,1
2435,0.5755971167868119,0.8654122353996013,1
2436,0.41553121412284044,0.8654498776274586,1
2437,0.4241581859293575,0.8655138508842226,1
2438,0.5237438875021193,0.8656964461970688,1
2439,0.6005171471347112,0.8657026737151159,1
2440,0.48501343965527666,0.8658942434345172,1
2441,0.43782708106593027,0.8659817302955862,1
2442,0.6315277163183439,0.8660059912235121,1
2443,0.5467306990471854,0.8661034387665003,1
2444,0.822770431240545,0.8663131125220581,1
2445,0.8304789124098091,0.8664218780803857,1
2446,0.7259883519898367,0.8665570574185787,1
2447,0.5957201431506284,0.8665625854431027,1
2448,0.48151780093384045,0.8666656736099158,1
2449,0.5286614285912835,0.8667574482841802,1
2450,0.6086230887828694,0.8669095592522397,1
2451,0.622011791781722,0.8671943225306644,1
2452,0.5173204334116354,0.8672023827419956,1
2453,0.49919321568012365,0.8672888502030874,1
2454,0.6331710867038821,0.8673777317836642,1
2455,0.6588183305557975,0.867478857166906,1
2456,0.784499412064507,0.8674897569133144,1
2457,0.7500994942466738,0.867493721749725,1
2458,0.7743611030698322,0.8675086408467905,1
2459,0.6927485557570834,0.8675106289181358,1
2460,0.46713669500256383,0.8677688508606095,1
2461,0.6048720471307043,0.8678810599183463,1
2462,0.4902714109231342,0.868077431046326,1
2463,0.6588080636395918,0.8680802275346403,1
2464,0.7304208685249067,0.8681698943714088,1
2465,0.5814290809369524,0.8684004623846585,1
2466,0.5782327334050579,0.8685182289051707,1
2467,0.8046227417345401,0.8686936283981909,1
2468,0.8326842916284801,0.8687300556015579,1
2469,0.8143975926247345,0.8688920643426811,1
2470,0.48532509381127675,0.8689111096998167,1
2471,0.8643151447709967,0.869021126893948,1
2472,0.4160780704646262,0.8694846924963187,1
2473,0.6965612946382456,0.8696356590522055,1
2474,0.5209519006037913,0.8696481853777253,1
2475,0.8665249707219574,0.8698189124616114,1
2476,0.7818502080828474,0.8701225028357715,1
2477,0.42369919478753715,0.8703091200717017,1
2478,0.44318163255449305,0.8703832737358765,1
2479,0.7128037003065201,0.870430698589244,1
2480,0.8410045686588892,0.8708688193710601,1
2481,0.8383452973894318,0.8708694007136561,1
2482,0.719739503617596,0.8709086962682672,1
2483,0.8018974858034289,0.8712800033674443,1
2484,0.29851374787555773,0.8713780561115919,1
2485,0.6816453104610786,0.8714388462610072,1
2486,0.7866145033107289,0.8716406157564117,1
2487,0.6217962104271866,0.8717696032349613,1
2488,0.8364379721770622,0.8717751400454918,1
2489,0.6909212162935786,0.8717792690347411,1
2490,0.7408522359653834,0.8718201171665471,1
2491,0.5403564592280038,0.8718622504849923,1
2492,0.2681648816725728,0.8719667253091011,1
2493,0.42687655642568645,0.8719905125160895,1
2494,0.7604391420411191,0.8719919768681087,1
2495,0.3671727583516391,0.8720005003317586,1
2496,0.4297675604110609,0.8720961359350513,1
2497,0.6064304219416179,0.8721254948405645,1
2498,0.7651133415829107,0.8723352363278204,1
2499,0.8056530021825659,0.8724336340633302,1
2500,0.6252274683274208,0.8724792055740129,1
2501,0.8135634368369311,0.8724920951142661,1
2502,0.5377212309178726,0.8725135793178087,1
2503,0.7593560945860246,0.8726379426828753,1
2504,0.8367693963895252,0.8730871385511205,1
2505,0.6387477001987859,0.8732837632282769,1
2506,0.46158941428038314,0.8734584473561839,1
2507,0.7747836365773055,0.8736228033562616,1
2508,0.6741526661129442,0.8737664413874137,1
2509,0.6366786042559864,0.8742126091272857,1
2510,0.5294056862837386,0.8742610972171004,1
2511,0.4850492957797592,0.8742701443051376,1
2512,0.7962507502327134,0.874284158637991,1
2513,0.7223388358290729,0.8743385996020481,1
2514,0.4609066995815315,0.8744935172983505,1
2515,0.8039641934953744,0.8745729100736063,1
2516,0.8162963919244457,0.8745731221455654,1
2517,0.8494004711003011,0.8747125552713597,1
2518,0.7123737504864677,0.8749081148122998,1
2519,0.3783311942109532,0.8749756121217855,1
2520,0.5858335413951329,0.8754390389310992,1
2521,0.37674973078451013,0.875635503763258,1
2522,0.5616809171097029,0.8757308592491477,1
2523,0.6740859095713978,0.8760325002227387,1
2524,0.7044539558285475,0.876538696122423,1
2525,0.6822144860611303,0.8766441655406086,1
2526,0.7952554730128215,0.8766959700534628,1
2527,0.7322868501822812,0.8767587860789243,1
2528,0.30131559759551985,0.8769492071192972,1
2529,0.8597203761230876,0.8772120732371675,1
2530,0.6965612946382456,0.8772314676369306,1
2531,0.8655253784293508,0.8773567959482738,1
2532,0.3572560861941064,0.8773930293115122,1
2533,0.7901176642587429,0.8774157441864028,1
2534,0.5211710891745202,0.8774760273651296,1
2535,0.5204028541042626,0.8775891968907503,1
2536,0.719739503617596,0.8777110994180027,1
2537,0.594592812511391,0.8777325397766144,1
2538,0.4157670665390496,0.8777558444925004,1
2539,0.7639817696791216,0.8778993957389878,1
2540,0.5398038259643899,0.8780220051765601,1
2541,0.5658089217907283,0.8780229185055372,1
2542,0.5636516334425662,0.8781257982974728,1
2543,0.6237699301890219,0.8781545817152527,1
2544,0.878212925664292,0.8782744427625928,1
2545,0.4475288661263199,0.8785188001661032,1
2546,0.483917486548182,0.8786282634866464,1
2547,0.6401909014240068,0.8786822711377165,1
2548,0.6382880413648229,0.8787833067638089,1
2549,0.6461031990983653,0.8788892140549526,1
2550,0.5909156391000989,0.8792361708063662,1
2551,0.718212439483682,0.8793197547988663,1
2552,0.427641731723006,0.8794707212349696,1
2553,0.690018045693598,0.8795689476466816,1
2554,0.4073510331204758,0.8796979056269323,1
2555,0.823308316587507,0.8799548337409479,1
2556,0.6087247910933309,0.8802826237017497,1
2557,0.6642659930802146,0.8803076801896835,1
2558,0.6151130753288415,0.8808542425488477,1
2559,0.4981536926542104,0.8808590735412467,1
2560,0.7004069632777993,0.8810678220041416,1
2561,0.49458828825572665,0.8812467756841715,1
2562,0.7190313424136145,0.881433025374847,1
2563,0.6024171466608392,0.8816592251654842,1
2564,0.6889423344450328,0.8817351012123051,1
2565,0.6045706079082792,0.881783851272118,1
2566,0.4372461776719859,0.8820485380056718,1
2567,0.7881988723467077,0.8822125447541573,1
2568,0.6357202876025166,0.8825855108526884,1
2569,0.8300101745839072,0.8828769293849793,1
2570,0.8243833695731269,0.8830673267716393,1
2571,0.6286579261719736,0.8833093520889491,1
2572,0.8607495189804631,0.8833523391207042,1
2573,0.6900625583043469,0.8834200358278411,1
2574,0.6105858003944247,0.8836082647266092,1
2575,0.7491581056302841,0.8838105166580499,1
2576,0.5762319117781908,0.8839469143787297,1
2577,0.33158546674723965,0.88407793770147,1
2578,0.7537825543279053,0.8843404155957332,1
2579,0.2829739371543577,0.884603312344138,1
2580,0.5285265662961833,0.8848406478302935,1
2581,0.7960575203900128,0.8848434685660843,1
2582,0.6965683805530103,0.885007192762499,1
2583,0.4406902389282238,0.8850734631287276,1
2584,0.6570013005633957,0.885408928010352,1
2585,0.42409435076466284,0.8855683587003151,1
2586,0.6654628858584976,0.8856309854253173,1
2587,0.3269244608695485,0.885643220140697,1
2588,0.3764089246525061,0.8860251328816756,1
2589,0.4914586242492539,0.8861134997662137,1
2590,0.8688313526866289,0.8861581830816625,1
2591,0.5556819243811165,0.8864401605197169,1
2592,0.8009623761425817,0.8868325496793824,1
2593,0.7863982457039684,0.8869348256235214,1
2594,0.8608020482162143,0.8869897252683513,1
2595,0.635312484892618,0.8870008691518745,1
2596,0.5611162190609175,0.8875349013680814,1
2597,0.5234453235926798,0.8876225267714846,1
2598,0.6638030484329148,0.8876634545774267,1
2599,0.5088279759561457,0.8877478791812832,1
2600,0.6640119385101456,0.8880204670385884,1
2601,0.6094333152985084,0.8880302541735927,1
2602,0.5698385697676828,0.8880306556813004,1
2603,0.7418275225982002,0.8880379368174083,1
2604,0.43843521531708307,0.8881118859122028,1
2605,0.862709665012066,0.8882270558188777,1
2606,0.48300581882137605,0.888340796491086,1
2607,0.5762173531753051,0.8883532957913853,1
2608,0.48159668279808343,0.8884847963696202,1
2609,0.8377439811344437,0.8886010443520282,1
2610,0.5582803795023911,0.888847464268242,1
2611,0.5762728086076467,0.8889206215891277,1
2612,0.555627120542451,0.888994297799451,1
2613,0.4631080194005883,0.8891873893321514,1
2614,0.5461912781173998,0.88984714140428,1
2615,0.5036887956529349,0.8899102575941482,1
2616,0.24809910456548623,0.890012543068187,1
2617,0.6045257190465524,0.8902032077093208,1
2618,0.6604561899947957,0.8907107648350356,1
2619,0.3773514440468224,0.8907817120710412,1
2620,0.7965108535181779,0.8907856265593691,1
2621,0.5808506541545806,0.8908261923101942,1
2622,0.4024252333079884,0.8908306140421671,1
2623,0.43802431738777114,0.8909614986389713,1
2624,0.7584547137376547,0.8911528780123108,1
2625,0.4108578403020514,0.8912452759852422,1
2626,0.6287631839892929,0.8915344306432442,1
2627,0.6962209334562597,0.8915970427480806,1
2628,0.5974029515319328,0.8918961751487405,1
2629,0.8044317257332971,0.8919200994100993,1
2630,0.544992521605988,0.8921437239162179,1
2631,0.4431432270459372,0.8929523802336077,1
2632,0.5266307622540718,0.8929852045237413,1
2633,0.867671881782801,0.8930791258540112,1
2634,0.8733470592050666,0.8931140909119206,1
2635,0.5177330189700583,0.8931214602341648,1
2636,0.32708685009275207,0.8932260901538492,1
2637,0.4103603265197906,0.8932680727224019,1
2638,0.7988754723358679,0.8933254896273598,1
2639,0.8056518239019792,0.8934739712790489,1
2640,0.41142333640524553,0.8935781016467068,1
2641,0.38999211848879434,0.8936450628563685,1
2642,0.5854195158586708,0.8936646044475945,1
2643,0.7873611092496139,0.8939254160658521,1
2644,0.712905762060463,0.8940327026367726,1
2645,0.7163580153521687,0.894049046353984,1
2646,0.7559429608691421,0.89411494168212,1
2647,0.5364787010285823,0.894167187021229,1
2648,0.5680839254691455,0.8942045586567634,1
2649,0.8236605836108017,0.8942089820908098,1
2650,0.5729779614388321,0.8943998381416334,1
2651,0.8310736664877841,0.8944186796024339,1
2652,0.8516337750429218,0.8944481718072569,1
2653,0.8409611204258353,0.8946438147654742,1
2654,0.5002610824928369,0.8947456152958765,1
2655,0.6780667471121222,0.8950316411250847,1
2656,0.6151755505666425,0.8951296907364164,1
2657,0.49089875946912576,0.8951771794822466,1
2658,0.5591873257384958,0.8953346504518173,1
2659,0.6510122470060078,0.8954489492829585,1
2660,0.7325637061632625,0.895611882494018,1
2661,0.3667169173181297,0.8957519238629414,1
2662,0.6194198704930168,0.8960538243304952,1
2663,0.4293243752420106,0.8960972367396688,1
2664,0.69023219646067,0.8961362421725271,1
2665,0.45389465038779864,0.896163664360815,1
2666,0.49808035575532295,0.8961919692505667,1
2667,0.34698262464170215,0.8962008353942641,1
2668,0.6826471776638753,0.8962116765712443,1
2669,0.8476717720114153,0.8962225640412349,1
2670,0.8211632520491092,0.8963582732790889,1
2671,0.3858120167178918,0.896372216031358,1
2672,0.5515725184085373,0.8964779241850458,1
2673,0.47086930570076413,0.8965236918502393,1
2674,0.5144165313783164,0.8965591567627187,1
2675,0.5923806483222223,0.896940287024249,1
2676,0.7936397276429464,0.8971072758276541,1
2677,0.7369615507061885,0.8971599933759593,1
2678,0.5970676686329847,0.8973647698888362,1
2679,0.7985828043916382,0.8974300565339638,1
2680,0.33528311605579997,0.8975151753609065,1
2681,0.6437970423265901,0.8975521480937808,1
2682,0.5702411437737763,0.8976038085878398,1
2683,0.3764089246525061,0.8978749905881814,1
2684,0.869707190586386,0.8978899797933468,1
2685,0.330288270467219,0.8980593536851781,1
2686,0.6045257190465524,0.8983285484302067,1
2687,0.5524700620401317,0.898614356554056,1
2688,0.5026253289879242,0.8989369573507356,1
2689,0.35968060306980765,0.8990455384835127,1
2690,0.4180747427418987,0.8990563139223484,1
2691,0.47915001081493125,0.8992780593202955,1
2692,0.6216843161889389,0.8994912465138083,1
2693,0.6573250278541702,0.899537225475658,1
2694,0.5624004125645398,0.8996835971580207,1
2695,0.731523177300286,0.8997448318978928,1
2696,0.7864020426204242,0.8998738582838379,1
2697,0.39008233689728944,0.8999715409178494,1
2698,0.4087668591614937,0.9000086483740698,1
2699,0.7393670569757809,0.9006687615953672,1
2700,0.8229288338270883,0.9009036626397255,1
2701,0.5799870763862254,0.9009154634198046,1
2702,0.5545381801147434,0.9011050235274307,1
2703,0.6691046898322667,0.9013233683397414,1
2704,0.46349616753775513,0.9013977296501171,1
2705,0.7106273653712665,0.9014445811322442,1
2706,0.6475235995456187,0.9015730353459563,1
2707,0.5224437305458074,0.9017482058581808,1
2708,0.718879131626952,0.9020105306549195,1
2709,0.5199971661255449,0.9020205948999314,1
2710,0.34695121726885225,0.9021001288931648,1
2711,0.42915434996402246,0.9021457175932145,1
2712,0.7350962876684364,0.9021777032440601,1
2713,0.7683364799605362,0.9023082647775671,1
2714,0.5714222840245535,0.9023827725022333,1
2715,0.6957623307776933,0.9023919968852346,1
2716,0.6089590833083979,0.9024811930695616,1
2717,0.4708211342419657,0.9025086685647167,1
2718,0.6947658834621155,0.9025934373123228,1
2719,0.42423235909969637,0.9026500283740118,1
2720,0.48477470993229255,0.902663833840202,1
2721,0.6514518447797781,0.9028917980224074,1
2722,0.4757274381976965,0.9029890230096617,1
2723,0.5152024610901237,0.9030294364715625,1
2724,0.7923666919728584,0.9030467474944556,1
2725,0.7918530331538775,0.9035668273288961,1
2726,0.33859864248816307,0.9037672561966338,1
2727,0.5844225802197075,0.9041112758447055,1
2728,0.5580321202301147,0.9042146593069317,1
2729,0.6828333311323335,0.9042938272238813,1
2730,0.7721396040086906,0.9043755966671705,1
2731,0.5881281732191789,0.9044093041225972,1
2732,0.8168425057072544,0.9044421986982301,1
2733,0.7060498574810367,0.9049514476979257,1
2734,0.39648467709866164,0.90497840913137,1
2735,0.7750195127419682,0.9050855415770749,1
2736,0.27590282162500623,0.9051050909229489,1
2737,0.8899010956696212,0.905267627085068,1
2738,0.6082554577206197,0.9053653234591414,1
2739,0.4243103542044284,0.9054266890962328,1
2740,0.28284158389561387,0.9054899019347031,1
2741,0.5471730347301749,0.9055131762614308,1
2742,0.6589905510899826,0.9059301176274334,1
2743,0.7805056437906235,0.9059423983740549,1
2744,0.4407338100616761,0.9059808226089278,1
2745,0.5931577985916585,0.9062041284213022,1
2746,0.6833433140740327,0.9062599590503626,1
2747,0.5818057349571365,0.9063390359525154,1
2748,0.5119228815520427,0.9064108919676405,1
2749,0.43640567007749365,0.9064698586763613,1
2750,0.6427889657555048,0.9065877135743436,1
2751,0.7124116781937723,0.906825523147871,1
2752,0.7889448268530055,0.9069114915042648,1
2753,0.8186652771345272,0.907086887171349,1
2754,0.5234453235926798,0.9072310518770247,1
2755,0.7381094087946527,0.9073056853843057,1
2756,0.7412851510711738,0.9073799702770444,1
2757,0.6913274484808657,0.9073818424049832,1
2758,0.40410521791116993,0.9074527325280185,1
2759,0.5695522406553064,0.9074531735933192,1
2760,0.4166573147080338,0.9074710573628647,1
2761,0.4940510074217632,0.9075293123580748,1
2762,0.702424636255118,0.9075638818994889,1
2763,0.6621632701253636,0.9076314473053303,1
2764,0.43316224755610777,0.907724706622403,1
2765,0.7755591008227829,0.9079532087152352,1
2766,0.5736199120264789,0.9080440750913934,1
2767,0.4846508967284291,0.9080815180646916,1
2768,0.6012292463438876,0.9081254406498769,1
2769,0.38567835253433425,0.9082022115263106,1
2770,0.45162697735435675,0.9083603126235839,1
2771,0.5139337852007284,0.9083727467539522,1
2772,0.4656805381561415,0.9083974366841502,1
2773,0.49852580146386094,0.908452519304033,1
2774,0.5932486254311301,0.9084891065098324,1
2775,0.7795469659835909,0.9086113323981412,1
2776,0.37653869235603554,0.9087126694437856,1
2777,0.6512107407907278,0.9087938984806949,1
2778,0.5889985942311835,0.9088261226591952,1
2779,0.5066941493681371,0.9088668273795629,1
2780,0.47648475225301246,0.9089758006635543,1
2781,0.8124048020480739,0.9090337167198823,1
2782,0.6081569170786293,0.9090965126360713,1
2783,0.7816394563655448,0.9091196593905324,1
2784,0.6263122364442113,0.9091294128801068,1
2785,0.432743836177636,0.9092379922320437,1
2786,0.43121716050671444,0.9092461128928916,1
2787,0.6035134355020448,0.9093119181846928,1
2788,0.47971657244113086,0.9093838814984987,1
2789,0.6775415851180675,0.9095326270286881,1
2790,0.8516670658392266,0.9095942974056724,1
2791,0.8440368550865047,0.9096206923087382,1
2792,0.8323726150819446,0.90988167842081,1
2793,0.6831694734420478,0.9099040018230777,1
2794,0.5506746884750948,0.9099750999283532,1
2795,0.4667958417897844,0.9100485500748207,1
2796,0.77417792556873,0.9101125663184162,1
2797,0.3784060048208131,0.9107991044265432,1
2798,0.5948560705826276,0.910853415226698,1
2799,0.8619075475558969,0.9108634366702992,1
2800,0.5858990775910954,0.9108669602744546,1
2801,0.5237438875021193,0.9108952335253034,1
2802,0.3838441537194983,0.9109068099818588,1
2803,0.744674032204692,0.9110527990408405,1
2804,0.8276094210038207,0.9114593222839971,1
2805,0.566608898532995,0.9115097744387648,1
2806,0.49277692735763057,0.911683501538325,1
2807,0.7415168856845902,0.9121250844491322,1
2808,0.6048720471307043,0.9123708329269922,1
2809,0.6334673263046574,0.9124445116829355,1
2810,0.5040568680344557,0.9126037654527154,1
2811,0.7723085179682505,0.9126331801072533,1
2812,0.527165249956183,0.912756976133396,1
2813,0.655052772218171,0.9129538322553614,1
2814,0.6393832624253113,0.9132743115347818,1
2815,0.7836622483446126,0.9133908016502751,1
2816,0.7082117264551961,0.9134742424130284,1
2817,0.5925003376644348,0.9134768256270805,1
2818,0.5034707799735849,0.9135503989510257,1
2819,0.736797972163521,0.9135762288364578,1
2820,0.48967452068328543,0.9137234184921111,1
2821,0.45824724250891147,0.9137698723432763,1
2822,0.588072218225384,0.9139019620798431,1
2823,0.45172795883692674,0.9140093107164059,1
2824,0.5602048504783681,0.9140524460191998,1
2825,0.556375189519263,0.9140781372653713,1
2826,0.6391037087581446,0.9142640515379629,1
2827,0.8474896607794601,0.9144405029100305,1
2828,0.48720447617166673,0.9144580020872636,1
2829,0.698766910262106,0.9147095690447437,1
2830,0.33029946810565225,0.9148687524661109,1
2831,0.3463762996733345,0.9150541376702066,1
2832,0.7508853735641796,0.9151225009837227,1
2833,0.6909469126696927,0.9151396625655904,1
2834,0.34444393820931396,0.9152005255123014,1
2835,0.6238748092592195,0.9153526722943514,1
2836,0.6390272745731368,0.915386540912217,1
2837,0.8783349928272655,0.9156063390034419,1
2838,0.4477394885792201,0.9158395555431114,1
2839,0.586659592565843,0.91591467287491,1
2840,0.4907084391527692,0.916022061983654,1
2841,0.7149158495626524,0.91624539262274,1
2842,0.8831391262124555,0.9162960087130526,1
2843,0.5601046302327536,0.9164325952908767,1
2844,0.8220795264270525,0.9164973599695871,1
2845,0.5338522203290447,0.9166521478715552,1
2846,0.46735025764594795,0.9167168205401222,1
2847,0.8811828570107195,0.9168311979884592,1
2848,0.556281688877094,0.9169714902461018,1
2849,0.43427199480579726,0.9169900890374987,1
2850,0.7105478357900663,0.9171370347173342,1
2851,0.6566586659728514,0.9173326597030006,1
2852,0.39201677145593694,0.9174341097967772,1
2853,0.4852838909651721,0.9176378740925657,1
2854,0.5237823384055285,0.917766067332972,1
2855,0.5359420676641243,0.9177729357293054,1
2856,0.4976533635660819,0.9178633269322876,1
2857,0.4273569882413206,0.9178849313888975,1
2858,0.8647112603066852,0.9180741671869679,1
2859,0.5394140003662262,0.9181214581859545,1
2860,0.5233551055528427,0.9183040105889133,1
2861,0.4695769059666288,0.9185152341723821,1
2862,0.7349322980238113,0.9186132882707241,1
2863,0.5264064080035739,0.918926168257217,1
2864,0.6085083815006558,0.919020407706856,1
2865,0.6758959710794257,0.9191676441553104,1
2866,0.7462953671978809,0.9192684951629481,1
2867,0.8025946405992865,0.9193725993761389,1
2868,0.7190136644746556,0.919476215686335,1
2869,0.32043838495837396,0.919852313067452,1
2870,0.8164201516671116,0.9201704597150537,1
2871,0.6938720793290142,0.920215862259799,1
2872,0.7816394563655448,0.9204731904651274,1
2873,0.8783349928272655,0.9204742020800838,1
2874,0.614364711371295,0.9208364192085355,1
2875,0.5722262589665014,0.9210144404198405,1
2876,0.4534587064851947,0.9210172860487347,1
2877,0.7899586159074916,0.9212233664787872,1
2878,0.4121071521559114,0.9213597648823704,1
2879,0.4382020926626642,0.9215178552118285,1
2880,0.6988030388051565,0.9215505108144592,1
2881,0.5209794117913334,0.9215980552885821,1
2882,0.5325593112823549,0.9218503192949753,1
2883,0.49002832663002427,0.9218879402547745,1
2884,0.6325541305749678,0.9219277490112382,1
2885,0.5325073493285465,0.9220834939267994,1
2886,0.5922303289588672,0.9221574242291456,1
2887,0.5721885755984082,0.9223508814970545,1
2888,0.5543711935046759,0.9225372715320579,1
2889,0.8210732894633015,0.9228541690399797,1
2890,0.5325073493285465,0.9228872948717177,1
2891,0.5132067239880694,0.92312436799963,1
2892,0.6391305200801042,0.92315821331215,1
2893,0.6178094170937309,0.9231847197280738,1
2894,0.5970524905639494,0.9232631983957481,1
2895,0.9182418872340706,0.9233627581284405,1
2896,0.4145716959924136,0.9234826226044667,1
2897,0.8305344753561473,0.9235269901967159,1
2898,0.8371279850902251,0.9238373431753291,1
2899,0.8817183088395885,0.9239061221453578,1
2900,0.5625887846415825,0.9241861394125903,1
2901,0.4325137667990645,0.9242029512234804,1
2902,0.40222555837367824,0.924488598266398,1
2903,0.5252487284063921,0.9245336952096307,1
2904,0.382528993510875,0.924598370560414,1
2905,0.4476427592447826,0.9246340887370189,1
2906,0.4656443132525132,0.9247323284096542,1
2907,0.48086639733429204,0.924957599985556,1
2908,0.5685527914057237,0.9253796091990022,1
2909,0.7369615507061885,0.9254520694211322,1
2910,0.529515519717137,0.9256857374953912,1
2911,0.39041701291947994,0.9258506126650954,1
2912,0.7404163705820518,0.9258802962538955,1
2913,0.49089875946912576,0.9259496553860405,1
2914,0.6366861763098759,0.9259736300767755,1
2915,0.6548404504376839,0.9262022197382572,1
2916,0.5269453106456653,0.9272654784707206,1
2917,0.7341410507510544,0.9273732486444721,1
2918,0.32377708052350407,0.9274250913928771,1
2919,0.8846425045066721,0.9274346414766891,1
2920,0.7603359672463013,0.9274362686098565,1
2921,0.9097466523876369,0.9276374223837904,1
2922,0.7359042980118787,0.9276830077781357,1
2923,0.8223941616921,0.9277672980824538,1
2924,0.34064678055280273,0.9277758530003526,1
2925,0.5190484452278724,0.927937206708565,1
2926,0.6865756409180027,0.9280347032084694,1
2927,0.6643221712498661,0.9280932010782982,1
2928,0.8268054356383933,0.9281059486191624,1
2929,0.5757743240346068,0.9282932548027591,1
2930,0.8593144962467306,0.9283883977972489,1
2931,0.5533777140403171,0.9284133094081022,1
2932,0.8684403543537081,0.9284825743763827,1
2933,0.49919321568012365,0.928703635271494,1
2934,0.8300101745839072,0.9288357300571916,1
2935,0.6120592332375107,0.9289039009703629,1
2936,0.43562126946292046,0.9289923279643378,1
2937,0.5138009173999932,0.9290715384759489,1
2938,0.5772590152053615,0.9291059872969984,1
2939,0.5943322521855651,0.929452720841423,1
2940,0.7903439843791974,0.9296322147967097,1
2941,0.7723085179682505,0.9296346664905835,1
2942,0.5155037189024989,0.929727236796409,1
2943,0.6761042303617483,0.9297538601961391,1
2944,0.36841405756193735,0.9298917185581571,1
2945,0.8924403597133697,0.9299690351947949,1
2946,0.522044624096367,0.9300367722999829,1
2947,0.2998772885935327,0.930377647085873,1
2948,0.5435363439302953,0.9303987656486649,1
2949,0.8223271217279577,0.9304212635084803,1
2950,0.5507034768287359,0.9305053662707898,1
2951,0.5189648199534067,0.9305117945103343,1
2952,0.7518349037363925,0.9305230998998534,1
2953,0.582940336612563,0.9306090710090501,1
2954,0.5938272106165166,0.9308237649448692,1
2955,0.8904940970149409,0.9308446219445298,1
2956,0.6906495988833113,0.93119245235463,1
2957,0.7129716827508669,0.9315638624392084,1
2958,0.5473509458515443,0.9316915534240651,1
2959,0.7163580153521687,0.9318130282943826,1
2960,0.6520986008117109,0.931996463458054,1
2961,0.7271436787655434,0.9320180088605369,1
2962,0.4217378103913445,0.9320216604950206,1
2963,0.8000786195902791,0.9321172913542579,1
2964,0.8494817306291363,0.9321385894748141,1
2965,0.6621739105106097,0.9322372982306829,1
2966,0.37516047307774136,0.9323829518619194,1
2967,0.6255895537282684,0.9326581945371226,1
2968,0.5148585985911913,0.932682743855425,1
2969,0.5630982864391808,0.9327786158073896,1
2970,0.17227889905689397,0.9329117451581513,1
2971,0.74513285859355,0.9330187665436038,1
2972,0.8717027108472396,0.9331109383986367,1
2973,0.4987073682594123,0.9333100098809538,1
2974,0.40214421951157187,0.9340435914638795,1
2975,0.7590894140876498,0.9342559623957881,1
2976,0.6071375410524992,0.9343511524100666,1
2977,0.5710109791413415,0.9343765681556827,1
2978,0.6774897635892168,0.9343977237111311,1
2979,0.5050440486528622,0.934528017187547,1
2980,0.5516232045382486,0.9345724507486127,1
2981,0.3863900988980321,0.9345756507937005,1
2982,0.5214367633569756,0.9346590727621582,1
2983,0.548060495489587,0.9348287581373785,1
2984,0.5684994176629143,0.9348622255759068,1
2985,0.41907620847402105,0.9349507787724237,1
2986,0.5543450513000956,0.9349637934140402,1
2987,0.7918530331538775,0.9349650373050042,1
2988,0.5911303958301928,0.9349677074181215,1
2989,0.20263549867409214,0.9351131253466538,1
2990,0.6509980478253811,0.9354677594301075,1
2991,0.5370846003543425,0.9355889656909113,1
2992,0.469584116152013,0.9356338040902771,1
2993,0.4831520595228189,0.9357813312622927,1
2994,0.4610591656254658,0.9359613910062569,1
2995,0.7874773331006619,0.9360019878639733,1
2996,0.9133003938648274,0.9360584880412337,1
2997,0.5920917675071783,0.9361734992463683,1
2998,0.7142672035288684,0.9362192363025829,1
2999,0.7004795860334512,0.9362843423625833,1
3000,0.5163370110680285,0.9363787990622984,1
3001,0.478562882698774,0.9370115310753515,1
3002,0.5513811333134477,0.9370161364548859,1
3003,0.592463404064595,0.9370538669304082,1
3004,0.4675121229607575,0.9370970601405043,1
3005,0.5600251373045113,0.9371347653764374,1
3006,0.5366414518020213,0.9374118856118636,1
3007,0.6755670937650936,0.9375677022843465,1
3008,0.7020864407828928,0.9376030725303579,1
3009,0.5325073493285465,0.9378968380075364,1
3010,0.7892622440884289,0.9379360603762015,1
3011,0.5404237441859436,0.937946970511926,1
3012,0.7537894471754,0.9380591627843018,1
3013,0.573724434025749,0.9381781660029024,1
3014,0.6741526661129442,0.9382478055173171,1
3015,0.8427442130588457,0.938255433274422,1
3016,0.9163796102072764,0.9382841928445493,1
3017,0.32238013881633776,0.9382872604352883,1
3018,0.4050167728194066,0.939129028648536,1
3019,0.553063711686082,0.9391479756557074,1
3020,0.6073130392168267,0.9392461327635033,1
3021,0.553063711686082,0.9393822930226533,1
3022,0.4252116631969698,0.9394149487535248,1
3023,0.5322697032838012,0.9397863279573951,1
3024,0.3706389151417706,0.9400825402270725,1
3025,0.7923666919728584,0.9402615320581852,1
3026,0.6775386062761154,0.9404723920267806,1
3027,0.7795469659835909,0.940528224683171,1
3028,0.4778797543370319,0.940531585054465,1
3029,0.6115851979921112,0.9406330929567334,1
3030,0.5449771495950283,0.94065820609674,1
3031,0.5397657228702815,0.9406926460679391,1
3032,0.7668137713427531,0.9407980408668332,1
3033,0.5615643683383076,0.9408732876127643,1
3034,0.5678546345513188,0.9409288836127381,1
3035,0.6408394656694302,0.9410118248351566,1
3036,0.48852748575436067,0.9411414305231368,1
3037,0.6671377487941881,0.9412150640434491,1
3038,0.4922329053764223,0.9412179336368152,1
3039,0.5401873747717342,0.9414888264554416,1
3040,0.3125585142694325,0.9415705807523668,1
3041,0.9314317477734244,0.9418562672484421,1
3042,0.45114577997265637,0.9418594114030213,1
3043,0.33982329349893836,0.941917327563338,1
3044,0.48779786720137197,0.9421122852792861,1
3045,0.7393412684115118,0.9421866006972657,1
3046,0.48367772632646266,0.9424302957335944,1
3047,0.3897336929545415,0.9427353928948371,1
3048,0.6422996530984603,0.943059136309728,1
3049,0.6317708832773455,0.9431040683597944,1
3050,0.45133502810539017,0.9434850621932451,1
3051,0.3819529890644404,0.943505861798954,1
3052,0.7499489376017671,0.9436108648903204,1
3053,0.458216174096411,0.9436738059576354,1
3054,0.5939343550179333,0.943804956011577,1
3055,0.5700253633643493,0.9439175528191129,1
3056,0.5725914713874459,0.9439896793277006,1
3057,0.5209519006037913,0.9441060425171905,1
3058,0.6777218075293765,0.9441644639830183,1
3059,0.6707431363768743,0.9441672189956134,1
3060,0.6394259402813296,0.9441824615917559,1
3061,0.4672746677758941,0.944410964804133,1
3062,0.6211615922789174,0.9444614340661162,1
3063,0.42471337148476085,0.9445431951875661,1
3064,0.8827118977702594,0.9446776116794259,1
3065,0.8142664276154071,0.9447102735886999,1
3066,0.4406443756850674,0.944719272016932,1
3067,0.46666509216658314,0.9448557030081257,1
3068,0.6286161813063162,0.9450057121705449,1
3069,0.67762454604187,0.9452308880346594,1
3070,0.5336122117214219,0.9452799145302359,1
3071,0.7204491118126611,0.9453193052605209,1
3072,0.7263222976218494,0.9453251492377923,1
3073,0.4259893514331804,0.9453522104497596,1
3074,0.5323431626229626,0.9453588507385533,1
3075,0.5838134629625221,0.9454606579651599,1
3076,0.7775998855778298,0.9456292140754906,1
3077,0.5448867576171202,0.9456525118441882,1
3078,0.929906964493465,0.9457063972691483,1
3079,0.5034017222339551,0.9457114037932965,1
3080,0.8507965565162473,0.9457348290348722,1
3081,0.9319983430429453,0.9457774665457602,1
3082,0.6727185799420923,0.9459164162815877,1
3083,0.26169744519459515,0.9462198933385727,1
3084,0.6750701679689278,0.9464318941791974,1
3085,0.8268119163258117,0.9464643273059901,1
3086,0.9448171074322465,0.9464843859206981,1
3087,0.5017582997053863,0.9466499552095471,1
3088,0.3933025311549334,0.946818398680926,1
3089,0.6599332017378571,0.9469588127222669,1
3090,0.8733470592050666,0.9470158338446417,1
3091,0.61151394645565,0.94719742534273,1
3092,0.8001849911820558,0.9473768589770513,1
3093,0.7448818572751708,0.9474078068110867,1
3094,0.48086639733429204,0.9474773776605929,1
3095,0.6310828532401962,0.9475065328915594,1
3096,0.4892168489905939,0.9475141138727927,1
3097,0.5440896407645388,0.9476725103382136,1
3098,0.4261074310991837,0.9477116271037648,1
3099,0.9171996463859646,0.9478461877763857,1
3100,0.28967389177128,0.9479431330342137,1
3101,0.67762454604187,0.9481235080589727,1
3102,0.9252318470947373,0.9481773986368648,1
3103,0.650763958048936,0.9481820676170153,1
3104,0.41255884056093695,0.9481871778100562,1
3105,0.7243675133342837,0.948267764063525,1
3106,0.560539673270706,0.9484208345999426,1
3107,0.4621856250512567,0.9484759409597329,1
3108,0.6368032497675564,0.9487026774752891,1
3109,0.4900091749058666,0.9487230027565052,1
3110,0.40479124904117836,0.9487812684339318,1
3111,0.3100132829110612,0.9488808379853219,1
3112,0.5433571753266291,0.949054053738836,1
3113,0.7580760855823488,0.9495207067693752,1
3114,0.6054644774249912,0.9496221454308043,1
3115,0.5178458955441197,0.9498240447682079,1
3116,0.5599112278426196,0.949837024330968,1
3117,0.17057796963100058,0.9498579719452522,1
3118,0.5907260447818121,0.9498930121173014,1
3119,0.8117161140800666,0.9500354316954387,1
3120,0.5666556479025702,0.9500705951894928,1
3121,0.6056848374676365,0.9501832268179248,1
3122,0.49629036357472056,0.9501884389870973,1
3123,0.55707317447634,0.950270819416372,1
3124,0.7059996954572588,0.9505283989830945,1
3125,0.6566586659728514,0.9506078690393722,1
3126,0.46990522412662383,0.9506189368563347,1
3127,0.6265149368765702,0.9507543589473054,1
3128,0.6511303706913771,0.9507807387717865,1
3129,0.5144525939308475,0.9508328663817724,1
3130,0.8446039203580027,0.9509336265685501,1
3131,0.4660543569928519,0.951013507745312,1
3132,0.7680744462756187,0.9513395351571712,1
3133,0.610861693967478,0.9514814807505195,1
3134,0.48953219324824226,0.951568205675632,1
3135,0.6583642952139701,0.9517426276316131,1
3136,0.5391236372046554,0.951785429449904,1
3137,0.8629915237877788,0.9520518593893893,1
3138,0.5773720976479557,0.9520605687288549,1
3139,0.5134894845501488,0.9521096431021935,1
3140,0.5245688009877777,0.9521213607767999,1
3141,0.6310161035405809,0.9521427892824558,1
3142,0.27661415854084714,0.9523831134268547,1
3143,0.8129053079130901,0.952566160412798,1
3144,0.5386732010023882,0.9526468019186562,1
3145,0.40214421951157187,0.9527357457314231,1
3146,0.688620943601549,0.9528141487802405,1
3147,0.8282576878409408,0.9530677750276262,1
3148,0.445721087014711,0.953144176034652,1
3149,0.8858084547438523,0.9533292060483144,1
3150,0.6133688515161132,0.9534409392579811,1
3151,0.5093695972597944,0.9536482162539509,1
3152,0.7368019259120724,0.9537414202940359,1
3153,0.5722262589665014,0.9539589038402677,1
3154,0.9097466523876369,0.954007637102813,1
3155,0.7755591008227829,0.9542257084230632,1
3156,0.6800031994839218,0.9542960585087419,1
3157,0.5370279143388298,0.9543860918879828,1
3158,0.7300768676222616,0.9545284143563106,1
3159,0.9122243970590787,0.9545799169963055,1
3160,0.4342916951495648,0.9546737312148029,1
3161,0.8400494955131895,0.9548629951743361,1
3162,0.8878754741253027,0.9548897063409938,1
3163,0.5923150625242254,0.9549186783835473,1
3164,0.16762329616363425,0.9550017211752438,1
3165,0.5825685514798647,0.9550114216679106,1
3166,0.3690971891463688,0.9550313401968475,1
3167,0.4989487671965983,0.9550989095794491,1
3168,0.5451874055158165,0.9552604415970967,1
3169,0.46324222121230363,0.9553465704689194,1
3170,0.5396623071079211,0.9553700463112746,1
3171,0.6796019446106342,0.9553923913783624,1
3172,0.6423066694097308,0.955462065046156,1
3173,0.6184710660558415,0.9555150288455868,1
3174,0.7339238443635477,0.9556037444930788,1
3175,0.3384780431743951,0.9559288324679963,1
3176,0.8213070703171595,0.9559359998765827,1
3177,0.5940304501429159,0.9561717104653135,1
3178,0.537243598019662,0.9563555952193108,1
3179,0.4744673034164949,0.9563979604752417,1
3180,0.622132806326744,0.9564212642666982,1
3181,0.5714700184857195,0.9565469183408412,1
3182,0.6068401440368998,0.9566805672714442,1
3183,0.3694296997170311,0.9569823470848742,1
3184,0.7781935824424427,0.957035975440833,1
3185,0.6634269486253461,0.9570574960797249,1
3186,0.623477673663664,0.9570996831531638,1
3187,0.5123279150027045,0.9571358251350449,1
3188,0.6636003984337384,0.9571943685239706,1
3189,0.5491927305617609,0.9573008857125039,1
3190,0.9438778950738774,0.9575424973822814,1
3191,0.7990892789833396,0.9575685564178295,1
3192,0.4778201705347592,0.9576095901404258,1
3193,0.31594312745711073,0.9576147353994662,1
3194,0.5942280596491163,0.9579189867261619,1
3195,0.5628591194617145,0.9579377783715268,1
3196,0.4817903938165842,0.9579530081356059,1
3197,0.28719002786031367,0.9582209817646025,1
3198,0.6582027116017611,0.9583090217146426,1
3199,0.5295888456099995,0.9583976898244735,1
3200,0.7457724380435528,0.9584291974853815,1
3201,0.47019515600538764,0.958433019389496,1
3202,0.6561239625895051,0.9584506484675077,1
3203,0.5399933467905268,0.9587201024238907,1
3204,0.7147648621595201,0.9587208380928228,1
3205,0.4562259998629987,0.9589958061834456,1
3206,0.32652963694054016,0.959070205085533,1
3207,0.5378336160660655,0.9590925458990658,1
3208,0.7074481465262884,0.9592930689383784,1
3209,0.6726177640925284,0.9593192482081322,1
3210,0.47525585687632954,0.9596572453469848,1
3211,0.6678965863785541,0.9597162888880424,1
3212,0.6846168355509119,0.9597533128073967,1
3213,0.5802752205401511,0.9597660022188436,1
3214,0.6391037087581446,0.9598202919831095,1
3215,0.8268968879557504,0.9598494458158823,1
3216,0.44667806025491574,0.9599087720688819,1
3217,0.47789406234653065,0.9599197505417171,1
3218,0.48011524839568553,0.9601095482534612,1
3219,0.59269092087006,0.9601674239566319,1
3220,0.54956886807884,0.9603903414185356,1
3221,0.6043521647743982,0.9604614618960752,1
3222,0.6588080636395918,0.9604714664561241,1
3223,0.5901872429917977,0.9605470220749195,1
3224,0.6252274683274208,0.9609302109310133,1
3225,0.4525814382193374,0.9610401325592389,1
3226,0.4540947339557154,0.9610491133737468,1
3227,0.5411093757725813,0.9611062349544096,1
3228,0.5506498664224767,0.9612274075409231,1
3229,0.23371106157849997,0.9615010698311084,1
3230,0.7292026778371654,0.9615956819989194,1
3231,0.7755591008227829,0.961612593579933,1
3232,0.4798910052945168,0.9616545305258103,1
3233,0.8006548822414111,0.9618137015225716,1
3234,0.5177330189700583,0.9619161673066234,1
3235,0.4747203058886116,0.9619632131569997,1
3236,0.31774995106800386,0.9619863921489,1
3237,0.3981887732789666,0.9620697581051684,1
3238,0.9533474142612405,0.9623454913149483,1
3239,0.8424422295048004,0.9623795244691005,1
3240,0.731523177300286,0.9626120084918579,1
3241,0.6428039694862174,0.9628345319544465,1
3242,0.4966651858437967,0.9629012854219183,1
3243,0.47324534270105345,0.9629776341383026,1
3244,0.3456618629998792,0.9630588352881504,1
3245,0.6429079163640222,0.9630682514841873,1
3246,0.4500701348902929,0.9630817507954861,1
3247,0.871843571537304,0.9632417819089286,1
3248,0.5570928508477013,0.9632599887536268,1
3249,0.4884306139795904,0.9633994770813203,1
3250,0.7845758289242705,0.9634387212071431,1
3251,0.6355432747870934,0.9634871339743339,1
3252,0.5498824924431567,0.9641026903789724,1
3253,0.5466766169477627,0.964251395362494,1
3254,0.6625832554097284,0.9643446897650881,1
3255,0.570847218954973,0.9647112121104027,1
3256,0.35886400665058016,0.9648551275583656,1
3257,0.47078092754506473,0.9651225980322002,1
3258,0.7338882654735982,0.9652893167295247,1
3259,0.4457581037662217,0.9653257480291823,1
3260,0.4694868889182183,0.9657066692041368,1
3261,0.5963054258205572,0.9657759235273154,1
3262,0.6773695015569773,0.9658017462980513,1
3263,0.8805144194417664,0.9658608232187363,1
3264,0.5365932941385877,0.9659372719186161,1
3265,0.9640363983191936,0.9659480261682413,1
3266,0.4813553162132854,0.9659969699598859,1
3267,0.5497341080128499,0.9661966700927962,1
3268,0.8393714424361527,0.9662657610838149,1
3269,0.4138790666223545,0.9663200034702062,1
3270,0.59757111136225,0.9664149910313466,1
3271,0.41028180366217193,0.9666374661909242,1
3272,0.5777648117989094,0.9667675641531887,1
3273,0.7785946177152192,0.966828996692584,1
3274,0.7473422569578002,0.96705116310184,1
3275,0.4981381747878908,0.9672261793728179,1
3276,0.8345988393361998,0.9675017091815539,1
3277,0.8840750247721586,0.9675251570554819,1
3278,0.65377443973209,0.967550262447543,1
3279,0.5621156170827215,0.9676602813760189,1
3280,0.4562275900605518,0.9676616318187262,1
3281,0.6618504218817343,0.9680811562145666,1
3282,0.4419278079600655,0.9682233498944832,1
3283,0.5709682621062552,0.9682762805681444,1
3284,0.8776628014729511,0.9683705391302811,1
3285,0.5827729448726715,0.9686324163625819,1
3286,0.24703299344381147,0.9686463897171387,1
3287,0.5423273892270294,0.9686880918032731,1
3288,0.7090125614301922,0.9689891539473038,1
3289,0.8211326033834476,0.9690250689706464,1
3290,0.6372268680813485,0.9690509236871782,1
3291,0.45039366628236566,0.9692213311392036,1
3292,0.9678806464255307,0.9693557188124584,1
3293,0.66171388520733,0.969481803519912,1
3294,0.6413090249403101,0.969616556184472,1
3295,0.5002496813317555,0.9696304104074464,1
3296,0.5901107627652381,0.9696526036556994,1
3297,0.6696991552537976,0.9697878777486834,1
3298,0.5763294756093146,0.9697970487670818,1
3299,0.6587711567667273,0.970011823341937,1
3300,0.9581470207742165,0.9701068492297827,1
3301,0.6440794469635603,0.9703902419892627,1
3302,0.7474623391682833,0.9704079682665487,1
3303,0.5746495685781345,0.9704165297936368,1
3304,0.7098028724530546,0.970533482342982,1
3305,0.4905676587155111,0.9706020273835334,1
3306,0.2785905945112619,0.970615767592983,1
3307,0.4845518964818799,0.9707440682225451,1
3308,0.4571731971974482,0.9709319177388245,1
3309,0.5694059666948856,0.9709844598184623,1
3310,0.4023354657413397,0.9710026780261383,1
3311,0.6651365771259852,0.9712035827263028,1
3312,0.5386679279926619,0.9714818656279455,1
3313,0.723465800728184,0.971526330153077,1
3314,0.847873200018647,0.9718145413642386,1
3315,0.7797857356192727,0.9718257830083138,1
3316,0.7160579339358049,0.9718617082420221,1
3317,0.6115955721948731,0.9719670528242975,1
3318,0.611187539523318,0.9720309448601312,1
3319,0.6796019446106342,0.9721270313235684,1
3320,0.7503224211333346,0.9722857597641418,1
3321,0.4263487694843524,0.9724505713821076,1
3322,0.5593936931482901,0.9724939069783974,1
3323,0.7240509712031709,0.9724987015363388,1
3324,0.48006500311785394,0.9725715553176062,1
3325,0.6331657321559145,0.9725830341848916,1
3326,0.6507909456503738,0.9727079296116312,1
3327,0.6797306933668407,0.9728976637041792,1
3328,0.7219721721082882,0.9729534215040622,1
3329,0.5856586607804387,0.9729993459183602,1
3330,0.3395077145558407,0.9730058024604177,1
3331,0.5971802658544839,0.973212587073937,1
3332,0.5505585997197673,0.9733220754167341,1
3333,0.5378776483475541,0.9733244048264171,1
3334,0.7743611030698322,0.9734857565106111,1
3335,0.4875671997032339,0.9735227952965597,1
3336,0.4481614364405786,0.9736244098099996,1
3337,0.48060520164236187,0.9736707312959837,1
3338,0.5471806926357204,0.9736822124210451,1
3339,0.4695008850222705,0.9737067763164384,1
3340,0.5047790610976586,0.9738028282740343,1
3341,0.9487133965496075,0.9738934599643481,1
3342,0.3704575376075325,0.9739547497698442,1
3343,0.4697878179824948,0.9740641126010757,1
3344,0.7404163705820518,0.974287106356534,1
3345,0.8993846360564233,0.9743287678939858,1
3346,0.46552417957756065,0.974334301659325,1
3347,0.5666556479025702,0.9744243892571084,1
3348,0.4813553162132854,0.9745105396487662,1
3349,0.4350164024609914,0.9746311205178263,1
3350,0.7232387407741008,0.9746961143788084,1
3351,0.4679917591487074,0.9747013281568275,1
3352,0.40437430404771113,0.974786038882497,1
3353,0.8812195549536398,0.974841664621344,1
3354,0.3800948656072217,0.9748923876900448,1
3355,0.41033152270784223,0.974906997072806,1
3356,0.4754946005251969,0.9749216797132868,1
3357,0.44950596112678,0.9749328652109436,1
3358,0.49731614103952726,0.9750180881424028,1
3359,0.4822353260439476,0.9751120698305437,1
3360,0.5453311238707258,0.9751360799099017,1
3361,0.6337637877927029,0.975231435041892,1
3362,0.8143975926247345,0.9753052806640844,1
3363,0.414714803651108,0.9755707470020886,1
3364,0.8259492545190952,0.9757168997560569,1
3365,0.5463841266600254,0.9758059572936643,1
3366,0.42914563433261255,0.9759432258097669,1
3367,0.6424937228579337,0.9759465230475984,1
3368,0.5958037929233325,0.9760909817698772,1
3369,0.5852459913423069,0.9762737680943424,1
3370,0.6787735876257008,0.9762875524078494,1
3371,0.7152021255054016,0.9768083198666575,1
3372,0.6237792455752783,0.9768286269636367,1
3373,0.404759986986166,0.9769314895180637,1
3374,0.4779328983175759,0.9769347832237787,1
3375,0.5539987295155611,0.9771097828685535,1
3376,0.7166477237781339,0.9773199070090334,1
3377,0.8910846610063837,0.9775309650379279,1
3378,0.5350100132140847,0.9775473891196943,1
3379,0.6069513938155342,0.9775665230932366,1
3380,0.4104787026984723,0.9776105324254991,1
3381,0.4999025691270539,0.9776355127479814,1
3382,0.4770871919360139,0.9776497349371562,1
3383,0.5514164514481577,0.9776749966962645,1
3384,0.43638884575577896,0.9776809953256677,1
3385,0.3475154456345836,0.9777580724099849,1
3386,0.4227604849350417,0.9777994532983502,1
3387,0.4879035197170718,0.9781721237891127,1
3388,0.6396709374683055,0.9784941120844995,1
3389,0.47453328266889505,0.9785572209825059,1
3390,0.871843571537304,0.9788930363471731,1
3391,0.5394140003662262,0.9789433154580373,1
3392,0.7705237727786498,0.9789491275771154,1
3393,0.6140360118511027,0.9790944357188008,1
3394,0.5513869503733764,0.9791554011178346,1
3395,0.6069030805767244,0.9791666905595575,1
3396,0.5002610824928369,0.9792118942905442,1
3397,0.5145946874760664,0.9792947742619745,1
3398,0.5470307373114323,0.9793210675159435,1
3399,0.570652381365076,0.9793438798027797,1
3400,0.5068364438628916,0.9794321846988239,1
3401,0.3983207069074327,0.9795481094527689,1
3402,0.5356374443481229,0.9795584936773211,1
3403,0.3922650020584115,0.9795739317390045,1
3404,0.5570216060722732,0.9795873816730798,1
3405,0.5295960197660629,0.9797485948291094,1
3406,0.576086734716131,0.9799039046622573,1
3407,0.4557245820351581,0.9800353949065584,1
3408,0.5336390381925199,0.9801798382163136,1
3409,0.6160564069051016,0.9802217950612718,1
3410,0.5149931731646297,0.9802847107395459,1
3411,0.4708609306792433,0.980347447683473,1
3412,0.5028592673938779,0.9803533242127825,1
3413,0.6535400114671868,0.9804679850921815,1
3414,0.47138375535872323,0.9807074218660945,1
3415,0.5506025331680955,0.9807548599879526,1
3416,0.47549105415268234,0.9807731583483792,1
3417,0.44063664124107005,0.9808144470071061,1
3418,0.3309253869321622,0.9809091754477086,1
3419,0.4721953644530864,0.9809797884854816,1
3420,0.6324937224416798,0.9810773072783937,1
3421,0.5422156047421022,0.9810802115930688,1
3422,0.7828766399430024,0.9811937391110563,1
3423,0.6898559194021544,0.9812354667918434,1
3424,0.4656378417280582,0.9812393062149284,1
3425,0.3600807717511183,0.9812630292246589,1
3426,0.48676610574165924,0.9812745877235532,1
3427,0.4721628635699966,0.9813102144771347,1
3428,0.5359420676641243,0.9813509888495207,1
3429,0.5616809171097029,0.9814283549659695,1
3430,0.3942520553984029,0.9814384192399285,1
3431,0.4914130151929236,0.9814558858161694,1
3432,0.7704037213921558,0.9817011941278051,1
3433,0.72490325131976,0.9817986923631166,1
3434,0.5324216904407716,0.9820317486659902,1
3435,0.5104717829148673,0.9823695402977314,1
3436,0.5163475778225161,0.9823774213093913,1
3437,0.45544631782411993,0.9824433626892008,1
3438,0.48853323749019983,0.9825853033014356,1
3439,0.5142420057689808,0.9825986522872404,1
3440,0.823046117136887,0.9827062575204915,1
3441,0.47131971697948094,0.9827244695821729,1
3442,0.6246443235471147,0.9827710651458132,1
3443,0.5950855857685129,0.982950649277655,1
3444,0.5204481101778875,0.9829781262757293,1
3445,0.38700311732123516,0.98310155875426,1
3446,0.282716048390382,0.9831576070912217,1
3447,0.45321607656158913,0.9831706171869016,1
3448,0.6180580199758099,0.9832035006012217,1
3449,0.46921332976879404,0.9833414005766149,1
3450,0.8649714531158474,0.9834042207762886,1
3451,0.9826411790921725,0.9834777381908458,1
3452,0.5664335164015916,0.9836241336824704,1
3453,0.5645532780579667,0.9836587210697683,1
3454,0.5071662478166705,0.9836926051765373,1
3455,0.4391301809847986,0.9836959480031203,1
3456,0.6409230176739943,0.9837649491435894,1
3457,0.4575992256105952,0.983846138175848,1
3458,0.6012839114419838,0.9840252717819695,1
3459,0.5022108598684153,0.9841492283795209,1
3460,0.9439574836989689,0.9841653537343883,1
3461,0.4431825213985072,0.9841839497881698,1
3462,0.6167712806990691,0.9841883646822807,1
3463,0.47210763291749047,0.9842283368322972,1
3464,0.3737631693924459,0.9843140229021519,1
3465,0.4395860782169331,0.9845335310947424,1
3466,0.6266893933487944,0.9845757775032046,1
3467,0.6139453112173336,0.9846067828386827,1
3468,0.5091776642277173,0.9847674415977798,1
3469,0.5437717809534405,0.9847898996235075,1
3470,0.5418963895740342,0.9847990052753587,1
3471,0.799334152973758,0.9848335239782433,1
3472,0.5415573898780986,0.984862452600285,1
3473,0.5153067591036987,0.984879496228392,1
3474,0.4241004606884211,0.9849480809826391,1
3475,0.611741874144243,0.9850911405344406,1
3476,0.5033575368217922,0.9851089007373537,1
3477,0.6869333547761584,0.9851544342265782,1
3478,0.5330400232944257,0.985188461273874,1
3479,0.5041739403931536,0.985198623311284,1
3480,0.97948592834275,0.9852215527256625,1
3481,0.5591873257384958,0.9853749106696885,1
3482,0.5446169056587881,0.9854739243802243,1
3483,0.3345205233678573,0.9857120956740729,1
3484,0.5050440486528622,0.9857847386414983,1
3485,0.4453461376989988,0.9859403721130108,1
3486,0.46520401826464397,0.9860326062100936,1
3487,0.39691952951521303,0.9861830527661213,1
3488,0.4185088239989546,0.986341764430051,1
3489,0.46669168906495606,0.9863527821329229,1
3490,0.5315432339181578,0.9864043957120505,1
3491,0.4763214460990791,0.9866138802350308,1
3492,0.5654330149648319,0.9867848202731576,1
3493,0.4255027155602318,0.986803131064885,1
3494,0.5894536940116856,0.9868430655538821,1
3495,0.44225559264277625,0.9870682469364702,1
3496,0.5410318466266119,0.9870852849545981,1
3497,0.42319083015071135,0.9870981724619372,1
3498,0.6643976348808555,0.987186519310264,1
3499,0.4192780950772601,0.987256069719045,1
3500,0.7126032877976873,0.9872619268081126,1
3501,0.4695769059666288,0.9873190921639042,1
3502,0.4304143860904025,0.9873237988122984,1
3503,0.6523657174479919,0.9874970923264399,1
3504,0.4619999848844558,0.9875856053817782,1
3505,0.5605327769031693,0.987614007002804,1
3506,0.49826551974240696,0.9876288339165596,1
3507,0.9392280956817276,0.9877105999711877,1
3508,0.4004094286443155,0.9877966301873412,1
3509,0.3933610144320674,0.9877988334269813,1
3510,0.6838522474877893,0.9880358155450206,1
3511,0.43782708106593027,0.988083641451755,1
3512,0.38801480268274857,0.9881844772412637,1
3513,0.5752937292675442,0.9883167092087415,1
3514,0.5307384899049867,0.9883723176321918,1
3515,0.3735567964984048,0.9884521458496638,1
3516,0.39212554510907993,0.988502918677303,1
3517,0.4453778549897305,0.9886357370059999,1
3518,0.6884684517538281,0.9886980347141018,1
3519,0.5341648290047254,0.9888772739994096,1
3520,0.399872089422445,0.9889062931936741,1
3521,0.37294168848412146,0.9890206052510137,1
3522,0.5374911467987138,0.989265283682961,1
3523,0.4431825213985072,0.9894045393208463,1
3524,0.5790347781551657,0.989783630645946,1
3525,0.5628591194617145,0.9898720572185127,1
3526,0.395727364673519,0.9898907123731431,1
3527,0.6568083115720237,0.9899671349929129,1
3528,0.7527472934662846,0.9899791711580703,1
3529,0.4037372784753558,0.9902573422394824,1
3530,0.2982321635506876,0.9902802930490934,1
3531,0.4616987230745263,0.9903070228442491,1
3532,0.5687659298986433,0.9903203622382503,1
3533,0.8365185244962385,0.9903423909835819,1
3534,0.4345164053840266,0.9903447152166445,1
3535,0.4724831793442078,0.9903497172994135,1
3536,0.5350100132140847,0.9903959178836691,1
3537,0.4664391945977566,0.9904937527406886,1
3538,0.466866582462079,0.9906255877665577,1
3539,0.44855197829369,0.9907040620420207,1
3540,0.5134378628215945,0.9907226950409752,1
3541,0.46993552332929045,0.9909768939214092,1
3542,0.6086230887828694,0.9910925562331061,1
3543,0.39948489387554253,0.9912159704454774,1
3544,0.39207757654273767,0.991326260313859,1
3545,0.6153654586771111,0.9913596460273091,1
3546,0.5438412975739609,0.991431559976533,1
3547,0.45071806170367346,0.9916021514699951,1
3548,0.4613969905256443,0.9917262872306084,1
3549,0.5149931731646297,0.9917973985938865,1
3550,0.714501820359717,0.9921607080632499,1
3551,0.5052578984892102,0.9922269224379481,1
3552,0.42621756745930905,0.9922425374254801,1
3553,0.5060617932757594,0.9922917371654524,1
3554,0.5971993727848943,0.9924554202361798,1
3555,0.38418986553393886,0.9925410950600781,1
3556,0.8380960805149094,0.9925619551886522,1
3557,0.4174524234748094,0.9925891781612401,1
3558,0.4812403455555555,0.992688279794048,1
3559,0.4973961461533172,0.992835159183846,1
3560,0.38551439147376176,0.9928389179413571,1
3561,0.5828557630495889,0.9928651452239422,1
3562,0.41496394640814727,0.992960240056332,1
3563,0.43752060483703714,0.99312466608706,1
3564,0.43221515240562824,0.9931568878596444,1
3565,0.43060252901311746,0.9931961551080535,1
3566,0.18820375839872416,0.9932013094805731,1
3567,0.2606125048000755,0.9932479515137832,1
3568,0.458390041617344,0.9934298238735849,1
3569,0.4826780095361608,0.9934526046058068,1
3570,0.5077226412402729,0.9934705299862449,1
3571,0.40380932651493007,0.9934892644842155,1
3572,0.26024292435747487,0.9936422488273692,1
3573,0.4881497887896976,0.9939061303209435,1
3574,0.4800130237313863,0.9940075666342971,1
3575,0.43741791325964474,0.9940603211517107,1
3576,0.5461809153409821,0.9941830204520419,1
3577,0.44472816243156266,0.9942469179237959,1
3578,0.4771063763483998,0.9942526223053995,1
3579,0.4285959967465214,0.9944070666502445,1
3580,0.4850492957797592,0.9944233111474875,1
3581,0.5898154286180064,0.994527536803959,1
3582,0.390879594503855,0.9945571039234498,1
3583,0.4314856112361164,0.9945791979649774,1
3584,0.5932182583988184,0.9946901318637356,1
3585,0.43121716050671444,0.9947504692250752,1
3586,0.7512560322268518,0.9951201352843356,1
3587,0.49291689908379377,0.9951664798257924,1
3588,0.40027091580085394,0.9954254556712465,1
3589,0.45589004583947823,0.9954595053480756,1
3590,0.5492030072775027,0.9957953754948144,1
3591,0.42828282723906164,0.9959191546809317,1
3592,0.5605714313486941,0.9959673863537314,1
3593,0.514269636937673,0.9960000870964344,1
3594,0.5040881229955704,0.99607919430089,1
3595,0.45832809729582746,0.996102164971176,1
3596,0.4248432444886838,0.996224026335325,1
3597,0.41915296859195394,0.9962628581058361,1
3598,0.4625424558431709,0.9962929545243625,1
3599,0.39716644913300225,0.9963510175477229,1
3600,0.45163868824320375,0.9963942151627517,1
3601,0.45463426934738904,0.9964681860970753,1
3602,0.3308085432054798,0.9965917438158903,1
3603,0.38216872939669444,0.9966226849559443,1
3604,0.4182776143547434,0.9966723908247741,1
3605,0.4341460979888908,0.996952123645181,1
3606,0.5068364438628916,0.9969964133063033,1
3607,0.39033363505977725,0.9971395567255109,1
3608,0.4768823359493576,0.9974195982440737,1
3609,0.4585416829932103,0.9974229035392503,1
3610,0.4805198389054197,0.9974539439570167,1
3611,0.4425193888059865,0.997566658566644,1
3612,0.40210517399199086,0.997752157539096,1
3613,0.4652962590969403,0.9977791735159105,1
3614,0.4277177753963236,0.9979339470166868,1
3615,0.4420394525467659,0.9983811216396278,1
3616,0.4678296905995284,0.9986235695301069,1
3617,0.33258113229735087,0.9986888877137287,1
3618,0.4102243147438167,0.998692082973309,1
3619,0.46054127503688447,0.9987995750412122,1
3620,0.35212715182453513,0.9988555375504728,1
3621,0.42055325197148385,0.9989535720816629,1
3622,0.37728154736499697,0.9992300378843468,1
3623,0.4721420508152656,0.9993956321967262,1
3624,0.445185691332159,0.9994441922942037,1
3625,0.5365808116154277,0.9994575982830511,1
3626,0.43674642895919813,0.9994753376479494,1
3627,0.4338108623356992,0.9995539069262032,1
3628,0.428854995446593,0.9995830225829845,1
3629,0.42796230061729046,0.999779297399173,1
3630,0.4004453441198622,0.9998864541552216,1
3631,0.44239949001639134,0.9999029703800733,1
3632,4.5464026305896965e-05,inf,0
3633,0.41456491571382625,inf,1
3634,0.42584188550949487,inf,1
