,Birth,Death,Dimension
0,0.006685215494652952,0.00878371130080402,0
1,0.022860492325389226,0.026176892041957056,0
2,0.020833044554356972,0.03170587194079033,0
3,0.02779569234296242,0.035328502360304714,0
4,0.03009394274253152,0.03886630478019326,0
5,0.017901069365667488,0.041130052223283475,0
6,0.012572994677074512,0.043170850654864146,0
7,0.030759107135118757,0.043998706351630834,0
8,0.040183276979853355,0.04404461662267323,0
9,0.04043003998870753,0.046886178935328204,0
10,0.012572743519083107,0.05030623557807867,0
11,0.011449376442999704,0.05201756229861554,0
12,0.04509854319315443,0.05609456009210856,0
13,0.02924674793411819,0.05786949379485973,0
14,0.05204520642152466,0.058688833370165394,0
15,0.026501842477767767,0.06331440483775963,0
16,0.056549694580318555,0.06406873897948295,0
17,0.01830017768839476,0.06406873897948295,0
18,0.03944795810901258,0.0650715531230418,0
19,0.0466368504153839,0.06755011978488479,0
20,0.055926563851943945,0.06758607100028136,0
21,0.014881615628009048,0.0679293762236658,0
22,0.041347403068264565,0.07028517465439366,0
23,0.05418160312704856,0.07039411577019206,0
24,0.04484333414979946,0.07072495120239142,0
25,0.03537014278505557,0.07105012330764615,0
26,0.0645097227105158,0.07172599020835668,0
27,0.033200292741828896,0.07207208183379954,0
28,0.04402579931891126,0.07222447056885972,0
29,0.021074189820087685,0.07222447056885972,0
30,0.0665677311177254,0.07395356437786949,0
31,0.02668749523327507,0.07488546083143954,0
32,0.021712526741436866,0.0771913548462172,0
33,0.020202332888176855,0.07749614741152311,0
34,0.06054535025242136,0.07846760191123581,0
35,0.05589864846182235,0.07903376121573591,0
36,0.05126376057015858,0.07970605789817087,0
37,0.06658931787698075,0.08017644089225662,0
38,0.08154976317353457,0.08163773402475871,0
39,0.06311249217806603,0.08163773402475871,0
40,0.04688712894967595,0.08492180129941851,0
41,0.048985616854510305,0.08555839727319303,0
42,0.04922203863913033,0.08633567864106939,0
43,0.02654113986887474,0.08806293092935957,0
44,0.08545242043975965,0.0897156155563279,0
45,0.08542000730108756,0.09005575793687037,0
46,0.03227430437230061,0.09354163467547605,0
47,0.013557192932814432,0.09408741200224635,0
48,0.06399340657606278,0.09413648475405567,0
49,0.010974798003764108,0.09543239647719559,0
50,0.07048118627077915,0.09568104095013641,0
51,0.033988474077033426,0.09612291809152929,0
52,0.059258438014847536,0.09661336065437476,0
53,0.017103392085081826,0.09842118280992973,0
54,0.07321954097074579,0.0987237519896037,0
55,0.06877212157963619,0.10052878098329421,0
56,0.09053911850142082,0.10082996262799693,0
57,0.07145777424007715,0.10125434258964872,0
58,0.033200827086511175,0.10157270252836115,0
59,0.08833573430083119,0.10228067733252977,0
60,0.016484960507865187,0.10233556335356009,0
61,0.08066055716589038,0.10270506720752604,0
62,0.07918245606047425,0.10362754395654439,0
63,0.09808920352384409,0.10381784473661226,0
64,0.09919360101821573,0.10384765023369047,0
65,0.10177750059491009,0.10494515515303438,0
66,0.03681921140143074,0.10536125696850962,0
67,0.029075179692135467,0.1055075808364877,0
68,0.02182994169906438,0.10722776480478646,0
69,0.08840574061291151,0.10786916433532179,0
70,0.035034331601427104,0.1082118378829855,0
71,0.059165421479257185,0.1087836564883563,0
72,0.0575764329815337,0.11111374801509732,0
73,0.03681410637539584,0.11112963050944513,0
74,0.07656838016912004,0.11117795093528005,0
75,0.06395857456246778,0.11170333853958803,0
76,0.03375879519454161,0.11170333853958803,0
77,0.06030612351771836,0.11187052236385664,0
78,0.09060149985038035,0.11261932482200421,0
79,0.11065203284243685,0.11262528168358377,0
80,0.09566955707139002,0.11287316520537838,0
81,0.09780538424914242,0.11296971954318047,0
82,0.08458238143320096,0.11321983097036226,0
83,0.09618536593760085,0.11350105397830212,0
84,0.01921079037238871,0.11449293187191867,0
85,0.11287876366739724,0.11463246124325677,0
86,0.08723487612113323,0.11649760406946752,0
87,0.11251450182417289,0.11659127295492011,0
88,0.07716627209800142,0.11713301791998543,0
89,0.06417969734961915,0.11942172527572126,0
90,0.07702802823969168,0.12030126173651923,0
91,0.00439426473705562,0.1204728057635448,0
92,0.08883393960604669,0.12056109119693093,0
93,0.006999533992652074,0.12123786159767302,0
94,0.04349918777598383,0.12167139603389332,0
95,0.09930685557521213,0.12201048312486074,0
96,0.10765583049584104,0.12211937647241744,0
97,0.07540523092587303,0.12233437765408894,0
98,0.07704226754988053,0.12286996136183526,0
99,0.0210194769685087,0.12290654836343462,0
100,0.02000654513654665,0.12290654836343462,0
101,0.06305588865835887,0.12416585296157168,0
102,0.01272092938965974,0.12433710754407834,0
103,0.09854984715842974,0.12441665746736252,0
104,0.07224505100208556,0.12479834120605604,0
105,0.05110403495007654,0.12487474293916645,0
106,0.08137789390156414,0.124984753334759,0
107,0.055933405503491795,0.12616024692387662,0
108,0.11506394833983347,0.12685573402954387,0
109,0.010654138784198741,0.12685573402954387,0
110,0.057597662585793685,0.1275099850336746,0
111,0.07024345238660701,0.12754636842054534,0
112,0.028320909191080434,0.12757594249577564,0
113,0.12733239923273332,0.127694682397685,0
114,0.012792512745295137,0.12813508512466798,0
115,0.11471503230382596,0.12869168350399918,0
116,0.00789638657089664,0.12883807883277854,0
117,0.10477472890875061,0.12897142223404678,0
118,0.0649827848964959,0.1290419243564782,0
119,0.049199976708311,0.12926905363691066,0
120,0.12303327878373393,0.12955619027590326,0
121,0.1010885689129093,0.1296236502634328,0
122,0.11445315825992708,0.1299097503042821,0
123,0.07270380580243008,0.12999432286068846,0
124,0.06498277856734802,0.12999432286068846,0
125,0.04327296238046352,0.13011854391549138,0
126,0.09410055176643084,0.1303378701374961,0
127,0.04346719971999913,0.13034502093254108,0
128,0.11643033771177747,0.1306851633643179,0
129,0.03552865468790556,0.13093394433257932,0
130,0.07803346292377633,0.13185158588183343,0
131,0.06228325663788181,0.1319269772633198,0
132,0.09253445690126294,0.13206783332450034,0
133,0.1149779279129306,0.13230903563478535,0
134,0.07364691319795025,0.13266992059538085,0
135,0.10570351158509772,0.13287874288162083,0
136,0.09395556856937315,0.13293136621093793,0
137,0.050801376827984135,0.1335380613877526,0
138,0.008533743881108058,0.1342222646423713,0
139,0.015013984833982641,0.13509504218755475,0
140,0.08716095335136353,0.13526190083359013,0
141,0.11540985642330959,0.13708190832485756,0
142,0.1287058619730279,0.13775172331014185,0
143,0.08338747409235847,0.13852854936406955,0
144,0.09301523465203676,0.13890969415658094,0
145,0.09657644259202014,0.1398144716262928,0
146,0.08382942337822874,0.13982929179098347,0
147,0.09270285408173495,0.13987184110852735,0
148,0.0486618438079095,0.13988465450601084,0
149,0.04241810513879474,0.14006075513480454,0
150,0.10355318148834824,0.14091080309747328,0
151,0.14053194596653473,0.14107861102679442,0
152,0.07738789927820022,0.14167459079216393,0
153,0.11055474663657183,0.14244784233037988,0
154,0.010127557584900138,0.14300900587459708,0
155,0.03268949591015491,0.14376750875468192,0
156,0.017361638470060226,0.1445156356946462,0
157,0.10444158417816829,0.14455245844568865,0
158,0.029340093142975032,0.14468150779880085,0
159,0.08179076441747801,0.1447080905649908,0
160,0.13998693530315198,0.14506170984597544,0
161,0.09915342924313175,0.14549752684252326,0
162,0.032887256624969274,0.14585090814140544,0
163,0.07218695232429084,0.14637768256254124,0
164,0.05670279680279411,0.14694695843172378,0
165,0.0758037336269487,0.14695620904940232,0
166,0.06888022500615931,0.14704044310868436,0
167,0.01629738861328467,0.14707019191364434,0
168,0.034556467037893834,0.1471148443864736,0
169,0.08161629876197396,0.14740102552429935,0
170,0.03351998092796071,0.14757759036613471,0
171,0.06650511818144134,0.14878089630221025,0
172,0.143186498195235,0.14932393114844988,0
173,0.10499533363499736,0.14939872255349984,0
174,0.08821502381679236,0.14959805345062027,0
175,0.032662909420669184,0.14983293163410494,0
176,0.02340951576344885,0.15014171643953345,0
177,0.00717011140330337,0.150874883838366,0
178,0.0828726303334203,0.1510344709549406,0
179,0.07113873090203326,0.15173316716348706,0
180,0.11373225921292485,0.15183108649344856,0
181,0.04680374147845878,0.15212777528563448,0
182,0.12638406736498198,0.15214367272707108,0
183,0.10349891030782044,0.15242705664838552,0
184,0.10007584103802059,0.15327103430396216,0
185,0.11698291339947997,0.15381624440459096,0
186,0.0777920705052173,0.1540376745665456,0
187,0.08150063104264638,0.15406584778283672,0
188,0.12020921795988404,0.1540768235487865,0
189,0.04886731505413089,0.1542014631048414,0
190,0.0686179286856543,0.15437675569687326,0
191,0.12642144015973744,0.15437955736845832,0
192,0.056808901587837246,0.15441098075394677,0
193,0.15359910116588615,0.15462703320696625,0
194,0.06250683970972704,0.15481630036662986,0
195,0.014968075102620881,0.15489870029498898,0
196,0.1190255022631106,0.15529385250910288,0
197,0.07222113481273362,0.15546828731650375,0
198,0.12443166397535832,0.15563156610955342,0
199,0.027567404672916962,0.15595180383517726,0
200,0.12335790623724441,0.15595180383517726,0
201,0.018302919587789512,0.15628858144965452,0
202,0.005608847109969561,0.15663988311500687,0
203,0.13097585773441967,0.15687872234778777,0
204,0.033373628053858684,0.15782434649898902,0
205,0.018356312801257157,0.15795323338678957,0
206,0.1383106331698366,0.15939084026997197,0
207,0.041175893166729205,0.15988803562881948,0
208,0.06684784687202838,0.1599068574000605,0
209,0.02188542114659875,0.16087680908881086,0
210,0.04651051953158558,0.1609030713854651,0
211,0.012132773759713444,0.16097985181684027,0
212,0.10449465715738993,0.16162244396973924,0
213,0.08823995442873278,0.16228925105806447,0
214,0.021391198867521277,0.16237197860517938,0
215,0.12436287319028494,0.16264232852985272,0
216,0.050566356901382226,0.16305197342752298,0
217,0.06859519288799809,0.16318912476033876,0
218,0.15109497416621065,0.16366600709291845,0
219,0.03760421492759147,0.16377994672958363,0
220,0.028566470840794222,0.1640390541216319,0
221,0.04356482273585127,0.1642075945486804,0
222,0.11435613470688255,0.1654760069039798,0
223,0.03298117954599977,0.1655562576205727,0
224,0.03724562228080375,0.1665430886532231,0
225,0.09042601637862313,0.16663874245860855,0
226,0.04897330700864211,0.16670345082017424,0
227,0.08188017998170849,0.1669649933041344,0
228,0.14367020788881513,0.16742619649622026,0
229,0.04828366932660211,0.1686577117206146,0
230,0.11940368849415961,0.16922852353580464,0
231,0.08414870384036988,0.17028959996712123,0
232,0.060704482314244634,0.17072006592069955,0
233,0.11267285572282004,0.1707335217777124,0
234,0.04083507485162563,0.17081557042854845,0
235,0.07890876125890445,0.1710903333839665,0
236,0.06450259875014897,0.17116565324877075,0
237,0.12220029272311117,0.17147576128738362,0
238,0.050856362564421165,0.1719403570050677,0
239,0.1046325505135115,0.17198609045677937,0
240,0.07270939815775457,0.17226739172044558,0
241,0.07325427419083097,0.17261208955253815,0
242,0.07683330578671022,0.17325108101225828,0
243,0.049807855822527114,0.17402146589754452,0
244,0.1630730438868122,0.1742860084247988,0
245,0.14607803207965697,0.1747813249971213,0
246,0.05948536767452528,0.17523219093493148,0
247,0.01546592472349917,0.17580018130853003,0
248,0.020394555896960154,0.17612923648443268,0
249,0.1153785839586754,0.1763809609085445,0
250,0.04008390164710374,0.17655555658605915,0
251,0.0677019867158315,0.17697000791565665,0
252,0.174191345478226,0.17720043517941764,0
253,0.08606458240446357,0.17721634594394697,0
254,0.06326190445094926,0.1782445010574385,0
255,0.12554749843011004,0.17859925995188997,0
256,0.07125826096433074,0.17859925995188997,0
257,0.05388971536645426,0.17867202631612422,0
258,0.039910967541530895,0.17867439184884815,0
259,0.06080340675768958,0.17880701230420493,0
260,0.09644131641101239,0.17942169139590824,0
261,0.16144419987675995,0.18015654302187067,0
262,0.0907190368264752,0.18055335888657842,0
263,0.12688972690325095,0.18110448277744773,0
264,0.10059898432361081,0.181135623050103,0
265,0.03403478674479221,0.18143476970136108,0
266,0.053585712874121616,0.1817688149647968,0
267,0.03247950813534095,0.18189379888767265,0
268,0.17605822322413733,0.18248210957148325,0
269,0.11999556825813906,0.18274030990433643,0
270,0.026132913200199503,0.18276806730505546,0
271,0.04305335818193301,0.18291716338923836,0
272,0.016676257840878006,0.18323569657174255,0
273,0.08343691412052101,0.18347946752535793,0
274,0.1145757437313546,0.18364429307617203,0
275,0.037382461202228656,0.1836951492689155,0
276,0.08756793241986227,0.18374018689908345,0
277,0.03517059406708578,0.18407341181049774,0
278,0.15729876041152235,0.18411372005779958,0
279,0.03702326070275952,0.1842002422243465,0
280,0.11646857504818342,0.18507220989015594,0
281,0.12158300072102224,0.18511069602491792,0
282,0.15934771041935536,0.18534301123273356,0
283,0.1544743417676414,0.18577958858711008,0
284,0.1373595742668411,0.18605205658775192,0
285,0.039045560470518215,0.18607431043356015,0
286,0.06908067534923967,0.18698159875372344,0
287,0.13464892375907211,0.18701712817917326,0
288,0.1784580583700187,0.18776036366838622,0
289,0.15308334960148007,0.18783195813134912,0
290,0.06741062075869342,0.18812939089276615,0
291,0.09210246887799378,0.1882276307766314,0
292,0.1717317658151245,0.18831370757710852,0
293,0.028779340152441657,0.18844473599179012,0
294,0.09572721599802303,0.18850250948092684,0
295,0.033744509712834825,0.18856576883171672,0
296,0.04778631102349873,0.18873516337182228,0
297,0.03862474739256816,0.18874152023833102,0
298,0.021190393359494242,0.18895131111670993,0
299,0.015761325269531667,0.18924939776523408,0
300,0.0548787273756729,0.18949922897866456,0
301,0.14235872881115186,0.18958403601733276,0
302,0.15335767856602256,0.19004932586691903,0
303,0.018622601467648825,0.19009144078549578,0
304,0.03345903427080166,0.1901472056636906,0
305,0.038274127794483914,0.19022371410780958,0
306,0.023790482951273617,0.19046476599289397,0
307,0.17526602739149155,0.19080086771720028,0
308,0.10148581627830144,0.19087370106622403,0
309,0.03391016809353298,0.1910230459620429,0
310,0.013239434409536344,0.19111384848247215,0
311,0.04468278227813349,0.1911711052804761,0
312,0.11060038662938909,0.19138286469426924,0
313,0.18337792876241377,0.19166438825406673,0
314,0.061600009319211724,0.19166699920773345,0
315,0.13215523582339794,0.19178077253501535,0
316,0.15028943506720305,0.1921273773109775,0
317,0.08120322802781621,0.19289980848795085,0
318,0.14770419301178517,0.1931096734733141,0
319,0.014685476538221831,0.19333947717682465,0
320,0.12614198149855982,0.19419524629720375,0
321,0.09463744618415182,0.19431916333110655,0
322,0.07387736860610328,0.19431916333110655,0
323,0.08930544264907092,0.19477880014251936,0
324,0.011451974218170902,0.1948627376420552,0
325,0.03957534378216521,0.19525938367318607,0
326,0.011953070464134186,0.19544119937001248,0
327,0.10570453678551461,0.1962025492131827,0
328,0.13718827587261595,0.19647645473763076,0
329,0.09024538366459156,0.19655856672560856,0
330,0.14797168539809047,0.1967220055834913,0
331,0.04925727766295218,0.19684840099190049,0
332,0.12207800608976538,0.19690093142806708,0
333,0.017327403375013928,0.19708677339957248,0
334,0.010102935936517898,0.19708677339957248,0
335,0.13968339493426063,0.1974383528766419,0
336,0.1791988719254194,0.19745059712363355,0
337,0.1499620786150474,0.1976299903669022,0
338,0.028525492818812004,0.19774810959565692,0
339,0.09905642307748108,0.19797239729495486,0
340,0.08912074356157051,0.19830733940600054,0
341,0.032430948888722555,0.19842465384489683,0
342,0.08080365232719999,0.19854109551360521,0
343,0.14356560458960455,0.1985622971254516,0
344,0.08701440872109678,0.1991025506357711,0
345,0.010290584837945094,0.19969674805595494,0
346,0.057318157686708116,0.19969674805595494,0
347,0.09562899903613375,0.20018626066584,0
348,0.14840902219740915,0.20019904626044882,0
349,0.12228000506195047,0.20036291370822923,0
350,0.10952669918554381,0.20067952167572245,0
351,0.0756713775547111,0.20085434794813595,0
352,0.07194004825056954,0.20090599939057407,0
353,0.03384645993082991,0.2011903187313817,0
354,0.12199577156602082,0.20122703378664553,0
355,0.008484355651115938,0.2016640937594565,0
356,0.16492980090780718,0.20205090720189134,0
357,0.19091530481374408,0.2020656265790246,0
358,0.07602962751480213,0.20219899344781767,0
359,0.15438383434508351,0.2024836822384275,0
360,0.19583156079413455,0.20260101298203592,0
361,0.15847403746179534,0.20336627561195975,0
362,0.04520721600912503,0.20341404307720523,0
363,0.03381891970459483,0.20345473060943153,0
364,0.0631949078227656,0.20345473060943153,0
365,0.020407719913386302,0.20372591203061274,0
366,0.17661768946915346,0.20428982027605624,0
367,0.1770075876923669,0.20448604045297714,0
368,0.04676067271222606,0.2049102507263575,0
369,0.1985879318668089,0.20515027187663182,0
370,0.03885425385208319,0.20537904013999353,0
371,0.046998376460375746,0.2054198529472494,0
372,0.017326749276540765,0.20572943938540988,0
373,0.051387823152110434,0.20589450631033102,0
374,0.0886663971239694,0.20589450631033102,0
375,0.10023408103501352,0.20605294379580186,0
376,0.16420299262974114,0.2062374148418834,0
377,0.20181279439695543,0.20675489659430124,0
378,0.17873526882262192,0.2069435054886164,0
379,0.17835987288867472,0.20699020567637716,0
380,0.06869290821778506,0.20699020567637716,0
381,0.12205098169351136,0.20726538467041822,0
382,0.188713848495752,0.20812725723510128,0
383,0.12810706343222933,0.20819706179349629,0
384,0.08524142895181186,0.20821209438159904,0
385,0.15583673071812565,0.2082212155830968,0
386,0.11767868079978683,0.20846636021332587,0
387,0.11112780306178505,0.20850235445621312,0
388,0.08674111512331284,0.20858063472280186,0
389,0.09026518940120576,0.20858063472280186,0
390,0.05812292096233118,0.20858063472280186,0
391,0.0797672724509102,0.20861665170493515,0
392,0.05968059546715987,0.2087367624712244,0
393,0.07036041131747628,0.20938685391798473,0
394,0.12248637080210178,0.20964677046940594,0
395,0.15676848188237946,0.20966687672604545,0
396,0.1521555768464058,0.20970062350735652,0
397,0.035710128681281095,0.2097387309791423,0
398,0.12691051107186302,0.20987016523485313,0
399,0.1881436699661737,0.2103365464483461,0
400,0.182789926475454,0.21035729112038037,0
401,0.06527278722501118,0.21035729112038037,0
402,0.008064618836461812,0.2104236166658644,0
403,0.11765131608660395,0.2107152037850174,0
404,0.05876261518926529,0.21105589840493955,0
405,0.17582586892715313,0.21105589840493955,0
406,0.05230985426415169,0.21115115414310348,0
407,0.1099019535749306,0.21137820030055454,0
408,0.07898813365072321,0.21146873321309345,0
409,0.05732611947426447,0.21164328416980538,0
410,0.19808891252011507,0.21170787615473163,0
411,0.11224717806197937,0.21175031883423434,0
412,0.09582290555151063,0.21188707523325434,0
413,0.1365631637103516,0.2120085815542998,0
414,0.08440725097943724,0.2123875910844626,0
415,0.1598607350865573,0.2123928846021932,0
416,0.18800771063448485,0.21266150889708801,0
417,0.06114774592549044,0.21267160182400247,0
418,0.08966744796099602,0.21281353044785645,0
419,0.17218036925943947,0.21286336726001076,0
420,0.03821485462959828,0.21286336726001076,0
421,0.10444122337022532,0.21303150795723402,0
422,0.08165806962617161,0.2131591078002939,0
423,0.05465485287031624,0.2135094921599585,0
424,0.01327423031375996,0.2135094921599585,0
425,0.15658380373001957,0.21379679997609535,0
426,0.11612770196137401,0.21386081882004615,0
427,0.012346669407670374,0.21395822813800158,0
428,0.13439114336271474,0.21398086155297857,0
429,0.1414296371405186,0.21402283242358222,0
430,0.19120249257258204,0.2141924065248153,0
431,0.009954994674406858,0.21445163650716337,0
432,0.07390576837525642,0.21451830836039554,0
433,0.045951128688001774,0.21476188826819764,0
434,0.16790263951859252,0.21511742161899583,0
435,0.1305518741852194,0.215157260658142,0
436,0.03254298686616597,0.21523576116755805,0
437,0.19641804292894638,0.21540450435194725,0
438,0.022662948516733672,0.21554187066360164,0
439,0.0881661129723389,0.21617884964943923,0
440,0.19772469639962809,0.21625412567157076,0
441,0.05040173819665261,0.21648970188793537,0
442,0.027919011347743328,0.21687772358670765,0
443,0.03979175345886887,0.21690462917011055,0
444,0.03820552547958711,0.21690462917011055,0
445,0.05683663305769271,0.21704233699037767,0
446,0.023821919887930698,0.21731862292033355,0
447,0.202807529864392,0.2180710737068673,0
448,0.02363550572957085,0.2182229303620843,0
449,0.18338457669224717,0.21857416387941642,0
450,0.09382421694389265,0.2188088775915269,0
451,0.002532445612014822,0.21900465298122918,0
452,0.031188210884671053,0.21902831222763752,0
453,0.20804567104574334,0.21914212665245525,0
454,0.10536828011439714,0.21919429228250642,0
455,0.10950963558598137,0.21940596053454897,0
456,0.17277624415340975,0.21940596053454897,0
457,0.02770590486015545,0.2195051261435932,0
458,0.059601867954028886,0.21986617681416254,0
459,0.017402887049433713,0.22002243682280676,0
460,0.019990634047666322,0.22085323488418518,0
461,0.16953297339404338,0.22087398050386786,0
462,0.007637065655453523,0.2214311477105826,0
463,0.06791362215080576,0.2215000334669125,0
464,0.1465903829347257,0.22205305759306448,0
465,0.11153038816692151,0.22227835692071096,0
466,0.1504169219337489,0.22234070735097478,0
467,0.08735123761705255,0.22256296608070059,0
468,0.0328476647444349,0.2231521848944722,0
469,0.07582413087285667,0.22315304246649303,0
470,0.059292707592519145,0.22341892716018552,0
471,0.0936090249306839,0.22344280969371833,0
472,0.16840552553289534,0.2235275002184034,0
473,0.03354766034704615,0.22381270773829343,0
474,0.13302039350059547,0.22385614209642746,0
475,0.0247363170177185,0.22388293451974473,0
476,0.12212611694256392,0.22393882137675292,0
477,0.02741588729882638,0.22397386085196214,0
478,0.011378703694068348,0.22422064975092126,0
479,0.01929291919064502,0.22436252355001385,0
480,0.016819368320397765,0.22454391954252106,0
481,0.07400825436648739,0.22466601318505353,0
482,0.22063771224900486,0.22516324358731765,0
483,0.0306161486493578,0.22522916004884874,0
484,0.03396632428658952,0.22539238739317313,0
485,0.01731705601466993,0.22544294501289575,0
486,0.06599245081876037,0.2255132756968743,0
487,0.052121281598942804,0.22591384704113904,0
488,0.20275066998531355,0.2260776812231603,0
489,0.18491993930290718,0.2261565106687372,0
490,0.14459284675052753,0.22661399721574038,0
491,0.021927986155272583,0.22661399721574038,0
492,0.14326698338720745,0.22664881944302173,0
493,0.11068978081935865,0.2268396859141263,0
494,0.02370216103032896,0.22709435550828316,0
495,0.010218210756723023,0.2272109602719713,0
496,0.01737767592652595,0.22726496425092746,0
497,0.1902113288549695,0.22731717174419763,0
498,0.15625447397813874,0.22747158319000327,0
499,0.09270549592900124,0.22776027858418257,0
500,0.008382643833856118,0.22814304234400584,0
501,0.05956892604328057,0.22816763321526257,0
502,0.14374412215219323,0.2286038138564922,0
503,0.0974610640818947,0.228880701993601,0
504,0.13055441422540692,0.2293323804055276,0
505,0.07728934997645442,0.22936881147517751,0
506,0.1686666146027178,0.22937538725286544,0
507,0.009954026832956542,0.22937538725286544,0
508,0.10904438457460763,0.22943347897500888,0
509,0.14800673218816407,0.229503580342571,0
510,0.07140453831561899,0.22959409781608997,0
511,0.19155914199600532,0.22964276517310045,0
512,0.05770031553449462,0.23010148595445723,0
513,0.06481017072537598,0.2303743226171573,0
514,0.036353936120608554,0.2303743226171573,0
515,0.09750882905196723,0.2304860098791296,0
516,0.1821774488806811,0.23061917541959653,0
517,0.21893269898396417,0.23157131859135482,0
518,0.145988216096688,0.2319197950071099,0
519,0.10986948258650531,0.2319197950071099,0
520,0.1993704156650995,0.2319197950071099,0
521,0.006579600127780472,0.23197111521526015,0
522,0.19335915865083952,0.2326277842997897,0
523,0.07536695952379202,0.2327486191138637,0
524,0.18555108511717477,0.2328485035206327,0
525,0.013115512808041685,0.23287574238600695,0
526,0.01850238831537032,0.23296100265327868,0
527,0.13554926773320664,0.23383791924171626,0
528,0.08510918134794487,0.2338741375026815,0
529,0.117025300940649,0.2340174712581068,0
530,0.06960056900487088,0.2340174712581068,0
531,0.18836803436175142,0.2340174712581068,0
532,0.051823332673173184,0.23424436776468938,0
533,0.1412469253657188,0.23435649350508037,0
534,0.02806139195444779,0.23529264819941953,0
535,0.00590007323399766,0.2353967718440294,0
536,0.06832105639633124,0.23547229310119555,0
537,0.07753630804216272,0.23564822087138904,0
538,0.09637452751529973,0.23574197652273865,0
539,0.2135393476826999,0.2358441981478363,0
540,0.006346711488467882,0.23592919675768687,0
541,0.12072889128214692,0.23596595398340492,0
542,0.01584691375864733,0.2360094854882424,0
543,0.03023181394022556,0.2362091789232923,0
544,0.14798063099384007,0.23656531392433455,0
545,0.02630666458930553,0.23682711497834208,0
546,0.048822882468222084,0.23684000289433782,0
547,0.047001217751179825,0.237074202384982,0
548,0.12512193455244214,0.23722260160725994,0
549,0.21496319250432872,0.23747488633254754,0
550,0.19803882768839576,0.23767010181637527,0
551,0.048489701491898574,0.23771285919471696,0
552,0.14332563388093733,0.23780922497911683,0
553,0.07621519162584534,0.2380442211849152,0
554,0.1678385118548007,0.23815293790758119,0
555,0.04242313831201605,0.23828970451735354,0
556,0.022572674632268308,0.23831549064536572,0
557,0.16740842083216823,0.23841377232075034,0
558,0.06525179497486022,0.23844654782956254,0
559,0.10668547424088148,0.23849718646612694,0
560,0.02161909749336488,0.23868804572969504,0
561,0.10785159070373951,0.23876199790309682,0
562,0.05528774532870928,0.23902753661652798,0
563,0.09365368587096357,0.23907139890308993,0
564,0.1217188505251946,0.2395060083776842,0
565,0.0885145570739495,0.23999676624363409,0
566,0.14402642092148255,0.24001856824525492,0
567,0.11973081831492871,0.2402780833724404,0
568,0.18722651762517384,0.24040433671095118,0
569,0.13840591552622994,0.24079778204602098,0
570,0.04743959419356181,0.24079778204602098,0
571,0.09926974878617056,0.24118326077829744,0
572,0.07433845125703409,0.24150396446198497,0
573,0.15092812865928795,0.2415611106037664,0
574,0.011772818029458065,0.2417833925279198,0
575,0.0428391047551383,0.24197670744194533,0
576,0.09888048696927088,0.24208643088340753,0
577,0.20201978325958148,0.2421440836370612,0
578,0.008551775379466942,0.24220017204971034,0
579,0.2323939939619848,0.24239186716903083,1
580,0.20355404305123836,0.24258483454999902,0
581,0.024389750091608375,0.24258483454999902,0
582,0.07851649377669079,0.24258633983007327,0
583,0.10156805455755513,0.24279397222696997,0
584,0.13676694857809513,0.24284704316624295,0
585,0.10064931217672102,0.24302921886269768,0
586,0.1339848086698222,0.2434751387241184,0
587,0.15698055340683548,0.24362334350238846,0
588,0.019004279936415513,0.2440347346246251,0
589,0.04375677282782808,0.24413030917802814,0
590,0.21902831222763752,0.24471203516253126,1
591,0.0694634345240338,0.2448765348238222,0
592,0.16463424174579555,0.2451286212740379,0
593,0.04914066989794674,0.2452423757302794,0
594,0.11773523690561172,0.24592016563838692,0
595,0.15805662558604194,0.24603912876469547,0
596,0.16564639237687362,0.2467204317261632,0
597,0.08411863677475273,0.24698668672198787,0
598,0.06197949277468662,0.24720103347213496,0
599,0.023308788800705638,0.2476888884637225,0
600,0.018240310771689416,0.24770561037347494,0
601,0.13971383908555435,0.2477497249117614,0
602,0.204519258645664,0.24775811814462467,0
603,0.01574935383254883,0.24816094212703754,0
604,0.07060925464486278,0.24839139124641318,0
605,0.23536482509961398,0.24841561692793646,0
606,0.17063307517919601,0.24866421422757312,0
607,0.20754412044597437,0.24881371778512618,0
608,0.09548341000295912,0.24881371778512618,0
609,0.18567618868757285,0.24888475992569237,0
610,0.16124353912861544,0.24895887295075214,0
611,0.02372845036482818,0.2489848987899672,0
612,0.17346066661996395,0.24901854761526065,0
613,0.23693775129126693,0.24901854761526065,0
614,0.09424231981246856,0.24907145003913111,0
615,0.24906994085574674,0.24907145003913111,0
616,0.21788515212376103,0.24915166228071894,0
617,0.21001603604304464,0.2495542943451301,0
618,0.06980029491895057,0.24958371934054013,0
619,0.010328680147245306,0.2496702595681729,0
620,0.07438495518218469,0.24976058391272804,0
621,0.09005582698820602,0.24976058391272804,0
622,0.11288855952613175,0.2500130237090631,0
623,0.0073507032131342465,0.2500445434934465,0
624,0.08722112579520813,0.250120111428349,0
625,0.05744415973924144,0.25032283072661765,0
626,0.005536148988334766,0.2503371757325814,0
627,0.11256925777886662,0.25066123250565975,0
628,0.07303035482732112,0.25081781907084044,0
629,0.17215378158108396,0.25098086132205233,0
630,0.15068244211581416,0.25098453983234914,0
631,0.013008752214344721,0.2515186528378701,0
632,0.05296574503810314,0.2518806198601483,0
633,0.01610368702631404,0.2520027746065361,0
634,0.21602961499122653,0.2521358269299554,0
635,0.22334790906093382,0.2526535658520306,0
636,0.10626251050152768,0.2526535658520306,0
637,0.01589719552015767,0.25273817520211217,0
638,0.20725653140160483,0.25273817520211217,0
639,0.12674964908029318,0.25273817520211217,0
640,0.05805733624923792,0.2527872516489895,0
641,0.09745889420384157,0.2531790750893933,0
642,0.13420308656191893,0.2533363764823775,0
643,0.038322686834108,0.25346972890791664,0
644,0.05460851288280333,0.25368012279505525,0
645,0.11126299066110157,0.25373391044464655,0
646,0.19688857987285124,0.25374579130311326,0
647,0.18291589159745725,0.2537752560126193,0
648,0.2318308283850199,0.25394707487055856,0
649,0.02494332095472429,0.2542668726163021,0
650,0.13893401375281766,0.2544363978543339,0
651,0.22125308767214802,0.2544363978543339,0
652,0.07679869057533562,0.2544875693424019,0
653,0.07551338185948253,0.2545724336800467,0
654,0.13956431405279923,0.2547669752705869,0
655,0.18407254527343353,0.25479731287808327,0
656,0.042392392431405024,0.2548296706083457,0
657,0.1402521402526904,0.25500354704534056,0
658,0.09716572660737388,0.2551298795483168,0
659,0.005179615059909826,0.25543160751610006,0
660,0.1264069666429699,0.25560511409602127,0
661,0.0518846322200861,0.25560550027744144,0
662,0.0787104634319643,0.25664279895373376,0
663,0.06958295573986362,0.2571700639797345,0
664,0.017394218409651274,0.2574165141335224,0
665,0.11302977243769108,0.25816485377025733,0
666,0.030127820080092405,0.25816485377025733,0
667,0.06409245384214013,0.2582356391559998,0
668,0.1835406072144331,0.25825770064497067,0
669,0.05892847051233285,0.2583834083136416,0
670,0.06532084703615193,0.25841072519171204,0
671,0.0011905947981539766,0.2587853055480456,0
672,0.07885442577785506,0.25881404633714156,0
673,0.17256839750296726,0.25885586055799514,0
674,0.14159880017482063,0.2590252168600473,0
675,0.10782765389318127,0.2591179212288717,0
676,0.14530285285143474,0.2596267868977228,0
677,0.1457549593960239,0.2597553081008759,0
678,0.0456387603409345,0.2602038653521124,0
679,0.1418254144690444,0.2602547177079224,0
680,0.03126866944942808,0.26095352172021813,0
681,0.04446327055143062,0.26153898108305274,0
682,0.005518714241911082,0.26161550030453506,0
683,0.03900657457997814,0.2617450194938572,0
684,0.07383664116317534,0.2625501175532303,0
685,0.21094924292746808,0.2625863898136078,0
686,0.2541092785291289,0.2634857984853576,0
687,0.10268881389993745,0.2636761159045776,0
688,0.14123162189839134,0.2643849448875649,0
689,0.018793453187638476,0.2647195157268757,0
690,0.07121307143675648,0.264768660522835,0
691,0.09011563060006922,0.264792874614869,0
692,0.033111349865949324,0.265130366519151,0
693,0.137031491897864,0.2651706481080235,0
694,0.24839580323039745,0.26543565901474186,0
695,0.08399640321195057,0.26554541489415584,0
696,0.018367905530474626,0.26574270932255095,0
697,0.2145790393043766,0.26575758040670494,0
698,0.1219000255191498,0.26595374788628945,0
699,0.20991017374471077,0.2665383401050585,0
700,0.02311400668768726,0.2665385799976131,0
701,0.1115795650010496,0.266603825754572,0
702,0.06960967401106,0.26684619081698413,0
703,0.08640739357246885,0.26696112942823624,0
704,0.0762657339549262,0.26704561329865883,0
705,0.19364697258810326,0.26708799801543703,0
706,0.07531125822065388,0.26710768630689785,0
707,0.08001342315302817,0.267360440855004,0
708,0.11227726542081085,0.26740649536960237,0
709,0.04464843107829475,0.26748130079690224,0
710,0.19540968353262478,0.26750105135358027,0
711,0.0026889479067891964,0.2675545346637439,0
712,0.012302039289003308,0.2675837024378279,0
713,0.019007851100222295,0.26859541409464893,0
714,0.07143728673028715,0.26885632138323745,0
715,0.04473400745473355,0.2688733720002544,0
716,0.05979512448720303,0.2692917515330495,0
717,0.06543359206805077,0.2693818787475094,0
718,0.1482086678285669,0.26954379351352153,0
719,0.07984876007489694,0.2698977494778454,0
720,0.1975073711619726,0.270052599636468,0
721,0.16882161311968868,0.27015073308003656,0
722,0.222710299526668,0.27016457789338255,0
723,0.11435153758416772,0.2710631002902798,0
724,0.26643078211803783,0.2710631002902798,0
725,0.09369931064231063,0.2714505871277163,0
726,0.11281675012404668,0.2718819183223662,0
727,0.19867329078035045,0.27200578187323543,0
728,0.022699587152064438,0.2721233490754984,0
729,0.07011400702606918,0.27222604562887953,0
730,0.08537063794332389,0.2724192206592865,0
731,0.07398661909518667,0.27257916251128844,0
732,0.061870099387974054,0.27275121486301424,0
733,0.12612327529116307,0.2728010842864852,0
734,0.053519891292357014,0.2728010842864852,0
735,0.03526789681337206,0.2728381879997849,0
736,0.22337449512278895,0.27293750234133185,0
737,0.22824850211750825,0.2730005959518491,0
738,0.17141961357516322,0.27369691415636,0
739,0.2039373173296123,0.27392818128342133,0
740,0.07369508284887283,0.273981461086501,0
741,0.029338830195407284,0.27414231056504346,0
742,0.00623142878995786,0.2741870956293624,0
743,0.11726599292649076,0.2744650807063369,0
744,0.25830141577385934,0.2744650807063369,0
745,0.11770572803924595,0.2746200968817226,0
746,0.0809011906821423,0.2746512497397734,0
747,0.15256151160701792,0.27476054434399566,0
748,0.027057683642870978,0.2748333325279497,0
749,0.0056720784936095114,0.27491358680987765,0
750,0.24137313392544635,0.27529366567981384,0
751,0.16732091510447333,0.27575919508709,0
752,0.21508682718199934,0.2764648444683512,0
753,0.03194484177329371,0.2764762229459642,0
754,0.013980634968138506,0.27656312690302187,0
755,0.07371083845770687,0.2766664184823341,0
756,0.26707776257331584,0.2770576822101075,0
757,0.21324429996521543,0.2770576822101075,0
758,0.008947780262262617,0.2771874819513187,0
759,0.030740079370356943,0.2773252173200629,0
760,0.04796595878163212,0.2778073012768899,0
761,0.09107539425264954,0.2779907229548495,0
762,0.11238287386020396,0.27799857766368075,0
763,0.028529573045147583,0.27799857766368075,0
764,0.2716435993431211,0.27854019118151896,0
765,0.13372708927626142,0.278589092061017,0
766,0.2515186528378701,0.2786600575808822,1
767,0.11200052428934659,0.2787443189021629,0
768,0.009295233873796938,0.27897026168696515,0
769,0.16734984058087266,0.27902805258134544,0
770,0.21258969699863228,0.27905854566563515,0
771,0.2052761119524027,0.2791215085528532,0
772,0.11542670481804573,0.27915632963107384,0
773,0.21484618730812277,0.27976082514426825,0
774,0.09026870528863096,0.27978513950679984,0
775,0.1727872882645466,0.2797938598967433,0
776,0.05537474689470612,0.2801861834695256,0
777,0.0080388867022535,0.2801861834695256,0
778,0.06449063430303903,0.28020624589801457,0
779,0.07859833475193712,0.2802172360842543,0
780,0.10320486252091943,0.2804989434874441,0
781,0.022720941189604882,0.2804989434874441,0
782,0.04147003944449368,0.2804998633499828,0
783,0.011194145530255883,0.2809613444129586,0
784,0.18202411561791532,0.28142202591419163,0
785,0.1437755449240642,0.2817956335079215,0
786,0.04525634365269182,0.28196554231902515,0
787,0.14718047017880143,0.2822235262986502,0
788,0.07340703888221489,0.2822693421044937,0
789,0.05523563119339081,0.28286426553777655,0
790,0.016909019429183103,0.283173412974672,0
791,0.1209941334393756,0.2834018855582193,0
792,0.1839506800462266,0.28353075726558696,0
793,0.024585728037862076,0.2836185932149149,0
794,0.23916298244614498,0.2836969221638568,0
795,0.04958598913633483,0.2838749257510754,0
796,0.19402499038741228,0.28388008219222927,0
797,0.02256969215046911,0.28418183491054116,0
798,0.24801048863486275,0.2842493976178442,0
799,0.028222238902787078,0.28465207713892804,0
800,0.06517883991813067,0.2848213371843946,0
801,0.263188783440951,0.285200408446459,0
802,0.1532240929137365,0.28566455912962796,0
803,0.24925792111720224,0.2857855704089336,0
804,0.16217621083095313,0.2859570439859419,0
805,0.027727366367234718,0.2862096033468394,0
806,0.0060590714932557965,0.28623482073069084,0
807,0.2312076618274287,0.2863725039898819,0
808,0.048369388164468674,0.2864281403465536,0
809,0.0227850315152337,0.2874358331304798,0
810,0.1607075980920437,0.28755520551443137,0
811,0.09320750289661706,0.28755520551443137,0
812,0.1795242049648612,0.28765436804171707,0
813,0.1173149096185564,0.2877839331187466,0
814,0.016149843266622832,0.2877839331187466,0
815,0.11577549588318847,0.2879863133482239,0
816,0.009987447957312212,0.28831721254058906,0
817,0.27872370827191206,0.2891922865117367,0
818,0.03618006034487786,0.2891922865117367,0
819,0.058056233038293326,0.2892475559560733,0
820,0.289114178503852,0.2892610855197083,1
821,0.0729295232613969,0.28948326339406016,0
822,0.049319013805139034,0.2895405022604285,0
823,0.23697547921086548,0.28979696209098293,0
824,0.20205297156081203,0.2898440312184465,0
825,0.07033611448094834,0.28989312728838235,0
826,0.07159804121298108,0.28992041005343183,0
827,0.1735799372505168,0.29009072878392683,0
828,0.036166571406564096,0.290197576408726,0
829,0.19260529396406145,0.2902564095101623,0
830,0.11032851987860393,0.2904463907820046,0
831,0.018799531504234412,0.29054220195097447,0
832,0.23966258536922858,0.29056843439710167,0
833,0.2759582034201796,0.29102708572022074,0
834,0.052741884110850124,0.29114722117538216,0
835,0.020379772106383642,0.2912028832038943,0
836,0.11159642607133646,0.2913048494092396,0
837,0.03630126798909172,0.2915844505124511,0
838,0.05232917127101333,0.29183935566884633,0
839,0.2163085673097479,0.2919866330772195,0
840,0.029438963129548967,0.2920581424082441,0
841,0.06584715698281374,0.2922300921626473,0
842,0.27714737902453956,0.2924301308916326,1
843,0.040552527932195215,0.29288879832457904,0
844,0.11795866318562587,0.2929100645078141,0
845,0.15987972629275138,0.2929308749872669,0
846,0.10693063515421597,0.29342056116452253,0
847,0.17060790504514844,0.2935105481755649,0
848,0.21174495167029717,0.2935908889860209,0
849,0.09300158290719596,0.2935908889860209,0
850,0.034685325574753456,0.2936772935397065,0
851,0.06482788584697485,0.29370651596818886,0
852,0.02009399817150137,0.2940439464855469,0
853,0.06274415839307712,0.294243045211248,0
854,0.2874358331304798,0.2943019053932595,1
855,0.24606241584521293,0.29431607043752694,0
856,0.046406770229850736,0.29462254270622334,0
857,0.04324996305033968,0.2946584995107423,0
858,0.03427104832789685,0.2947797582270719,0
859,0.011065741149963726,0.2948334556171275,0
860,0.02745292160761237,0.2949554056433098,0
861,0.02823851199703875,0.2951367333582553,0
862,0.01544161546155709,0.29537116134253627,0
863,0.20810270202537462,0.295533382386993,0
864,0.07894880843373098,0.2960129499824855,0
865,0.016676721840666042,0.29602774733504356,0
866,0.032940884738601905,0.2961015839482595,0
867,0.1041424858050638,0.2961532136020921,0
868,0.08167793388177214,0.2963154416833078,0
869,0.020206931947163054,0.29661260370790177,0
870,0.1384681814645966,0.29692533234328944,0
871,0.07648044898860784,0.29728379602564514,0
872,0.2411112792888117,0.2973562372205302,0
873,0.27770769404267504,0.29736189667161805,1
874,0.11922198831956876,0.29766402577854156,0
875,0.2367060417106991,0.29844848184201167,0
876,0.04185162024134503,0.29871425705996424,0
877,0.039304305861290745,0.2988076806359491,0
878,0.03793554199215177,0.2990541651198676,0
879,0.048994236740861785,0.29913595690005457,0
880,0.14015463198147016,0.29913640104960726,0
881,0.02982454834908943,0.2992981244878963,0
882,0.013091198805126658,0.2994399401610931,0
883,0.04413510809436039,0.2994593616693232,0
884,0.14970891578390433,0.30014621714814493,0
885,0.0889999916521168,0.3002380955200382,0
886,0.010556293482036572,0.30023996998210456,0
887,0.21498718244819004,0.30028461891339686,0
888,0.016289889153280668,0.3007311736785767,0
889,0.014654257989245134,0.30077766610639944,0
890,0.2791840991468074,0.30102750737393835,0
891,0.11840731572655994,0.30127639716488486,0
892,0.14705401609877866,0.3014693758412882,0
893,0.03558509199836013,0.301559244718585,0
894,0.15448198241648692,0.3018693313530334,0
895,0.023332755828717633,0.3019172493484673,0
896,0.23088919249983053,0.30213766410690435,0
897,0.19759413499561662,0.3022118626595244,0
898,0.12101103819708448,0.30236743836433944,0
899,0.21699594528505317,0.3026826462836405,0
900,0.044163772538103,0.3027745069867035,0
901,0.037138879086406895,0.30297530099353,0
902,0.02741425824249888,0.3031609910210137,0
903,0.24336940969970722,0.30331647173150456,0
904,0.2962458221118702,0.30354406704604975,1
905,0.031583612381227755,0.30356422930380944,0
906,0.01116699571028279,0.30356660469836294,0
907,0.028953185835620787,0.3038536136850424,0
908,0.006742747873360266,0.3040743815535397,0
909,0.015844965137405076,0.30431207132976823,0
910,0.011587823324243351,0.3048392045929107,0
911,0.12244877435952994,0.304956927812422,0
912,0.012885736849500229,0.3050914738760149,0
913,0.04768932649462343,0.3052441230356775,0
914,0.03498010833150633,0.3052453826362651,0
915,0.12693441280338735,0.30559479108992327,0
916,0.0359306328532758,0.3060864718614974,0
917,0.0017057807048252993,0.3061195926433028,0
918,0.004270862512111395,0.3062801586938242,0
919,0.15696280223304004,0.3064031533507193,0
920,0.18558694465149395,0.30655329734232084,0
921,0.2384227635615046,0.3066008368598844,0
922,0.026119928339045417,0.3071963845301766,0
923,0.17494522061375684,0.3072238828313527,0
924,0.11657812481205176,0.30733671237799687,0
925,0.02718018004452838,0.3074020275624143,0
926,0.15809108477444966,0.30779944322612884,0
927,0.2931081138054571,0.3080165368371517,0
928,0.16193522647755565,0.30854239275990725,0
929,0.03909733694038364,0.3085806709851754,0
930,0.01821186833048849,0.3089167849370521,0
931,0.04047444649412546,0.30894625052024016,0
932,0.049094629740823126,0.30895028355442467,0
933,0.20749830475562947,0.308990990073598,1
934,0.0101081950347639,0.3092428674258444,0
935,0.11162027346517411,0.3094276935278726,0
936,0.12377002021930383,0.30958611693928273,0
937,0.17749251824604062,0.3097958034573348,0
938,0.00915461182060684,0.3097958034573348,0
939,0.11780557943832892,0.31012083459860174,0
940,0.05767323049025119,0.3101244645783767,0
941,0.25537585132791474,0.3101476027120458,0
942,0.03884398844488668,0.31023069921106217,0
943,0.05499131654261624,0.3105380212990436,0
944,0.2031692771644137,0.3108720356354575,0
945,0.020327644497320274,0.3109189071738928,0
946,0.18479088746578365,0.3110159857853215,0
947,0.038289583852068265,0.31124305275605624,0
948,0.24816866502930612,0.3113266445806394,0
949,0.06835626086198299,0.3113319645385224,0
950,0.12571936620870638,0.31148131159867,0
951,0.09160039862107194,0.3121268723072641,0
952,0.1267517326909413,0.3122142232014,0
953,0.18377783520473812,0.31236536114158553,0
954,0.06431973199490526,0.31241433354800385,0
955,0.045350508377141274,0.3125105919542732,0
956,0.07059987665676803,0.3129677091422175,0
957,0.004466931567888688,0.3131143493552212,0
958,0.23463897861056526,0.3132414654930674,0
959,0.22224771459151937,0.3132661732167008,0
960,0.009442947157824344,0.3135071008257647,0
961,0.11325619393491992,0.31403451831357354,0
962,0.13527504621866193,0.31406737017399744,0
963,0.015335906039356306,0.3144503220700776,0
964,0.2665217380482159,0.3145107749457682,0
965,0.2327947996171319,0.31470883786870296,0
966,0.03014831980914978,0.31470883786870296,0
967,0.008961106006571296,0.3150313621515808,0
968,0.03771687849005301,0.31528835174561687,0
969,0.061467951579874947,0.31550291863841873,0
970,0.27108988933451983,0.3155173122916699,1
971,0.030017971230424823,0.31557905756849847,0
972,0.22901328390411624,0.31598670203232926,0
973,0.004894502258473654,0.3159874699198578,0
974,0.1821721956461152,0.3160654509495978,0
975,0.1348212658916087,0.31627579565301056,0
976,0.19063225410730478,0.3163368523546276,0
977,0.18409247827176267,0.31641056069318907,0
978,0.033827594122495586,0.3165491629386372,0
979,0.06985841737337217,0.3167061041003285,0
980,0.1464945157098705,0.3169121997081108,0
981,0.23101303100720472,0.3169892645283817,0
982,0.23897397546244503,0.31706932055148274,0
983,0.18603826910375443,0.31706932055148274,0
984,0.176829161869415,0.31723574518047815,0
985,0.04735981930336397,0.3173121429377549,0
986,0.014867127760955556,0.31748933747804997,0
987,0.018597207158480344,0.31753497324255586,0
988,0.06536342704959863,0.3179195893862684,0
989,0.005123045977783458,0.3179195893862684,0
990,0.26689723299697987,0.31794774076587007,0
991,0.013125826767422244,0.31797200151862814,0
992,0.06832068323157059,0.3182543677050764,0
993,0.1272680128152227,0.3189519152283993,0
994,0.11379279930944941,0.3189659724922794,0
995,0.08611305142389636,0.31898232852135566,0
996,0.05096558428169473,0.3192576072893045,0
997,0.0159058955016268,0.3192818357446414,0
998,0.0623536977988689,0.3194821198579242,0
999,0.038082777170436066,0.31966866351844614,0
1000,0.06852645203261265,0.31969058774541403,0
1001,0.07478806997693443,0.3200741841052479,0
1002,0.03465404028528818,0.3200741841052479,0
1003,0.009780553511781198,0.3200982217665992,0
1004,0.0035492699059388455,0.32013876920961515,0
1005,0.033388066633118885,0.3205968034291351,0
1006,0.1749645276601356,0.3208954231047476,0
1007,0.24034862131850554,0.3208954231047476,0
1008,0.027255273157697824,0.3210308640796914,0
1009,0.00952989194086451,0.321214827052114,0
1010,0.07640847686104746,0.3212395305492266,0
1011,0.250057597600427,0.3213141086832104,0
1012,0.2255654991298176,0.3214664481231442,0
1013,0.020052216412592805,0.32158677857939366,0
1014,0.23230068022028516,0.3216720406207443,0
1015,0.06817172417316997,0.32174532849924886,0
1016,0.19219188862156866,0.3220343482604501,0
1017,0.22647039389065204,0.3221676082934464,0
1018,0.004907069492753213,0.3221977708699416,0
1019,0.05506859958279564,0.3222507358895047,0
1020,0.10059475487099567,0.3222814825479978,0
1021,0.15529893445579424,0.3224414689938768,0
1022,0.25860435109101865,0.322629673043341,0
1023,0.10807800113526278,0.32271213341364224,0
1024,0.1279575986457785,0.3228680956120359,0
1025,0.055513027046405705,0.3228680956120359,0
1026,0.02018227090913871,0.32301767268675885,0
1027,0.17612923648443268,0.3232613671247774,1
1028,0.30433165270815354,0.3232835510580402,0
1029,0.04171560945624919,0.32334842017886256,0
1030,0.14774298640799655,0.32356518126541844,0
1031,0.021331291529965712,0.323786196631322,0
1032,0.027962379104512713,0.3240075439913951,0
1033,0.05115857934178569,0.3241639642842571,0
1034,0.08230821742934746,0.32458729946393294,0
1035,0.1757211328135022,0.3245935000614232,0
1036,0.2894868746674668,0.32473237424899304,0
1037,0.039368043158366506,0.32473237424899304,0
1038,0.24100161803904163,0.325161536792273,0
1039,0.23780922497911683,0.3251710152418148,1
1040,0.09834257669130286,0.32561107763147734,0
1041,0.017167901632493376,0.3257971984571497,0
1042,0.1767469944457769,0.3259737524009413,0
1043,0.16424378101969572,0.32609976820463005,0
1044,0.2611675666215282,0.32622361549026446,0
1045,0.21637288724861914,0.326393092287515,1
1046,0.18217136539440637,0.32676118698460455,0
1047,0.006872841651914374,0.3268263582249954,0
1048,0.08159383659968977,0.327024886518413,0
1049,0.3100737333037439,0.3270281906397928,0
1050,0.14669259124805856,0.3270324539145907,0
1051,0.1416804794009896,0.32716610264465573,0
1052,0.22563076214830802,0.3273730574718926,0
1053,0.0542479915392583,0.32741719490376886,0
1054,0.2945267533621658,0.3277375610539165,0
1055,0.19222598783930678,0.3278550000821304,0
1056,0.06584358762588982,0.3278550000821304,0
1057,0.026487026140234238,0.32790648772060427,0
1058,0.017578585187154605,0.32790648772060427,0
1059,0.03358877652240699,0.3282599092977555,0
1060,0.10373033352414918,0.3284047690458888,0
1061,0.16699699312863014,0.32869035213229236,0
1062,0.19068790238383593,0.32879652446873275,0
1063,0.006056393755079603,0.3289168100950106,0
1064,0.04401591702448682,0.32911130594958404,0
1065,0.011446290263612657,0.3291685860759366,0
1066,0.06408472959350497,0.3292078782172081,0
1067,0.21584374459337408,0.3292078782172081,0
1068,0.07985404961038389,0.32925733919067623,0
1069,0.02257833623330585,0.3295929953605071,0
1070,0.02032462165844573,0.32971524788047124,0
1071,0.009480407002980251,0.3297194986611969,0
1072,0.0016713685732964167,0.32983714924174123,0
1073,0.058347582333969084,0.3298462718299995,0
1074,0.26037696043042047,0.3300194148324791,0
1075,0.026864740733809622,0.3300194148324791,0
1076,0.3259686302937448,0.3301927491179327,0
1077,0.12204544031811382,0.3304637799391641,0
1078,0.0834278078979308,0.33129945544379036,0
1079,0.2596427754139833,0.33143539879510986,0
1080,0.06908262522880604,0.33162972009660074,0
1081,0.05968917769720705,0.3316901162932532,0
1082,0.04891480367767054,0.33183985222534396,0
1083,0.001339519657280741,0.33185774587979644,0
1084,0.3319470531838634,0.3326263812093212,1
1085,0.010508746834271276,0.3327147804557653,0
1086,0.015685840245534877,0.3328631293790931,0
1087,0.25938056815375976,0.33321840881227516,0
1088,0.0021846274474986993,0.33329523329036814,0
1089,0.055380014067561434,0.3334088204462434,0
1090,0.2754131015950857,0.3334777567127881,0
1091,0.07222145235931887,0.3335502814959006,0
1092,0.02129946720349718,0.33358238084797187,0
1093,0.06719106042792056,0.33360522181216756,0
1094,0.25194442993978783,0.3336961941871307,0
1095,0.07572501054364023,0.333875153697313,0
1096,0.011477879598806306,0.33388893307371525,0
1097,0.06663021941728442,0.3340783740980433,0
1098,0.014467765873749094,0.33429475569044675,0
1099,0.101061216202184,0.3343354300933261,0
1100,0.12663937150504478,0.334398174324975,0
1101,0.014185029092655954,0.3345202192565062,0
1102,0.029956580304878022,0.3347808576306821,0
1103,0.017277606513688704,0.334810063182723,0
1104,0.05152839617416394,0.3348147889353599,0
1105,0.2800895550555035,0.33489013359084596,1
1106,0.11874278372565261,0.3349266151539182,0
1107,0.18453860987234638,0.3352678593507974,0
1108,0.013364856099617795,0.33532967757937915,0
1109,0.0680974514041689,0.33546520588187745,0
1110,0.10904369278293335,0.33547904736385037,0
1111,0.2160158276026498,0.33547904736385037,0
1112,0.05192561534620399,0.3355522162479675,0
1113,0.00908632891388872,0.3360023862561924,0
1114,0.2788124682137608,0.3360023862561924,0
1115,0.1973921191465443,0.3361575584764602,0
1116,0.14037458930048918,0.33622299605319805,0
1117,0.07989741669620154,0.3368097253316473,0
1118,0.04010713328599802,0.33688380411425045,0
1119,0.011237280327299537,0.3369564829390236,0
1120,0.03900493586338194,0.33708894117913446,0
1121,0.014237339665531201,0.337212024225237,0
1122,0.03778013755340082,0.3373242919706343,0
1123,0.10761249991010091,0.3374800916877696,0
1124,0.05133113454945215,0.3376063393941333,0
1125,0.010033255599934732,0.3377544851092149,0
1126,0.16386218222879723,0.3377674119729024,0
1127,0.3157515934975841,0.33777595181807785,0
1128,0.012194808584825134,0.3377866435280267,0
1129,0.3198627747357493,0.33796629668788014,0
1130,0.02099143314488805,0.3379699157174607,0
1131,0.004011748586492003,0.3379699157174607,0
1132,0.193409758813041,0.33800655996215057,0
1133,0.24074536568735028,0.33818818993409394,0
1134,0.17319363340905203,0.33818818993409394,0
1135,0.18265257798476275,0.33833934535201815,0
1136,0.008504796258172242,0.3384786808218331,0
1137,0.12768697767436865,0.33853342018743926,0
1138,0.2818011743238359,0.3387006808982138,0
1139,0.023418813884781398,0.33879220196583604,0
1140,0.1201592059212695,0.3388228460464159,0
1141,0.007442500241158334,0.3390645280766904,0
1142,0.3236995888480464,0.3391510928669942,1
1143,0.2828508056773287,0.33923290442921517,0
1144,0.005031866354275771,0.3393771486928844,0
1145,0.017507888791588933,0.33953683523161393,0
1146,0.07925224982413193,0.3396531246496768,0
1147,0.027404597980246526,0.3399598674608071,0
1148,0.020239533257123132,0.33996508034428197,0
1149,0.05903073396234193,0.33998409200795665,0
1150,0.015141962913077456,0.3400917503161931,0
1151,0.131663104479826,0.3402679375310067,0
1152,0.04933675108439406,0.34031090866151537,0
1153,0.00362263103959215,0.34054580689155367,0
1154,0.046809759273026,0.34091738864749754,0
1155,0.13171859856895207,0.34117365291547785,0
1156,0.28841750675115196,0.3413372346658976,0
1157,0.029947764636131247,0.34175053094786545,0
1158,0.08625991103599895,0.3421381892369336,0
1159,0.16318504992791316,0.34216050958532584,0
1160,0.012389596406631176,0.3422170004587881,0
1161,0.07424615375554511,0.3424416199078275,0
1162,0.29678025746530834,0.3425670578793778,0
1163,0.01089698222281621,0.3428599055199273,0
1164,0.016320007187992425,0.3429799634474878,0
1165,0.3061140994305348,0.3435044134353308,0
1166,0.3242096480826492,0.34366377227325906,0
1167,0.003220151588999687,0.34381510071090826,0
1168,0.020070220945105355,0.343924583014137,0
1169,0.2133007097541304,0.34461112404142813,0
1170,0.034629075747069415,0.3446451945537182,0
1171,0.0020180312577905424,0.3448903755380496,0
1172,0.20729450613171818,0.3449869252700054,0
1173,0.2270503947153546,0.3449869252700054,0
1174,0.2916502479447224,0.3450671761995513,0
1175,0.04713665577243831,0.3453101898849308,0
1176,0.2917915793514949,0.3453292372953011,0
1177,0.2190505068348223,0.34545341198609203,0
1178,0.053162452972042695,0.34550957662674353,0
1179,0.16433194193971723,0.34575084227795505,0
1180,0.332890197756597,0.34575654057052885,1
1181,0.0606395660089184,0.34581494179227446,0
1182,0.05857642145547348,0.34582396613398614,0
1183,0.003082641998567226,0.345832399114567,0
1184,0.0021568173380303035,0.3458505212419952,0
1185,0.028532739751217617,0.3459173307752754,0
1186,0.30617608430611265,0.3460124969552416,1
1187,0.05343068388812966,0.34604148407612745,0
1188,0.09488684932018387,0.34618491185945033,0
1189,0.014730544180450611,0.3469141219238512,0
1190,0.2715729354484453,0.34754860924776054,0
1191,0.012529851357855226,0.3478660163229328,0
1192,0.29313132423294685,0.34803210286455766,0
1193,0.3111532409181944,0.3480621138205179,0
1194,0.31878246778869657,0.34848415148790257,0
1195,0.10352626860189318,0.34852616206012754,0
1196,0.09504937236269395,0.3488056704194994,0
1197,0.023924751457242155,0.3491472795356504,0
1198,0.014652155693569813,0.3492192031557776,0
1199,0.008266956546280624,0.34936410943006857,0
1200,0.3341508448051155,0.3493649849128292,0
1201,0.11078445254748093,0.3493649849128292,0
1202,0.02256500789244431,0.34942373535991234,0
1203,0.29556985014854253,0.34949764223735946,0
1204,0.15848980645740396,0.3497316639161129,0
1205,0.12034716394255018,0.3497518359556757,0
1206,0.05357063350017255,0.3497518359556757,0
1207,0.008356436034652304,0.349885139464696,0
1208,0.06829993414727398,0.350040802231975,0
1209,0.04162475479807748,0.3501302688679704,0
1210,0.013780527653298402,0.3502039748200655,0
1211,0.012071708704193163,0.3502176321095336,0
1212,0.2650928111213906,0.35060727093169075,0
1213,0.06875072070218757,0.3507352704103788,0
1214,0.15778839657367383,0.3507859739215806,0
1215,0.3455775058091214,0.35087248884693334,0
1216,0.04448076433982695,0.35108006647342804,0
1217,0.10782447669523254,0.3515551358420116,0
1218,0.02212378755525224,0.3516170940961135,0
1219,0.24389686756635665,0.3517923232894755,0
1220,0.19728199972621818,0.3518401403184629,0
1221,0.28876178964366284,0.3520508019691545,0
1222,0.03205173132898531,0.3521630753510111,0
1223,0.13079340682405438,0.35217846894414406,0
1224,0.00545885002782498,0.35265771579703054,0
1225,0.012869881566968444,0.3526626207572827,0
1226,0.11392885132873454,0.35294187314211556,0
1227,0.215842945086835,0.3530807909300423,0
1228,0.04202285469411915,0.3531508799686647,0
1229,0.19941945136940786,0.35323411745191313,0
1230,0.009978361280080561,0.35323411745191313,0
1231,0.006555823863892529,0.353288365571639,0
1232,0.003660082965453282,0.35359036016723544,0
1233,0.3511004235966272,0.3542806256286831,0
1234,0.13117073090520115,0.35428440042207343,0
1235,0.015840551328852648,0.3548455316361637,0
1236,0.10858228269921621,0.3549350273370976,0
1237,0.027168649168737846,0.3550235908957933,0
1238,0.005917671023527804,0.35550368013498546,0
1239,0.124984753334759,0.35569817191674147,1
1240,0.2716185334243034,0.3557009514927585,0
1241,0.0732533219549174,0.35585405459216224,0
1242,0.013363568127369052,0.35607055385303044,0
1243,0.2606188350250167,0.35637089446620185,0
1244,0.029649724490282692,0.356711874352853,0
1245,0.13432513097169096,0.3568080039559903,0
1246,0.14240096593845375,0.3569007772078492,0
1247,0.3318658517526083,0.35691198184613027,0
1248,0.07165048277037289,0.3573856594178174,0
1249,0.01853083895345098,0.3573961973026286,0
1250,0.1189279614309412,0.3574784766130188,0
1251,0.0020347684810499977,0.357502977816916,0
1252,0.04789691405149532,0.35757054411899336,0
1253,0.010554178918390389,0.35757054411899336,0
1254,0.033922007914513386,0.3576327357411264,0
1255,0.041161587319435755,0.35848621377195544,0
1256,0.03307467424472321,0.3586850792923464,0
1257,0.03544105624446914,0.3591844560969759,0
1258,0.2625379241534307,0.3592823674899551,0
1259,0.030605574529321666,0.35951394741579434,0
1260,0.29720116492354487,0.35964323547439503,0
1261,0.10261083405418958,0.35979100634862826,0
1262,0.34551141753609793,0.36085391903920117,0
1263,0.06830420634290602,0.36085391903920117,0
1264,0.008878067847238325,0.36130536885413145,0
1265,0.0014742598363836068,0.3613993469650001,0
1266,0.07620334923191263,0.36144412207602206,0
1267,0.04718253366997238,0.36144968010595024,0
1268,0.04818564727875074,0.3616861025601392,0
1269,0.35990229602782153,0.36191460486430715,1
1270,0.10860455358531373,0.36219624222837765,0
1271,0.35067391643809853,0.3624214224010015,0
1272,0.03904931067209405,0.3624559655359707,0
1273,0.006467049426326366,0.36281555067483495,0
1274,0.06933698751382222,0.363609871694322,0
1275,0.19178331610556132,0.36409054836543886,0
1276,0.04309410617877618,0.36458810973116884,0
1277,0.09129450962131125,0.36465406477963136,0
1278,0.05712032731052685,0.36468099718577174,0
1279,0.26473419096889184,0.36468099718577174,0
1280,0.04471239758251677,0.3647011370606934,0
1281,0.13823035717817989,0.36485975311835395,0
1282,0.2629039984792605,0.36493009694823064,0
1283,0.1607049507806313,0.36493816480770225,0
1284,0.10798390435584138,0.36502165140271303,0
1285,0.05017643542509698,0.3650231500801516,0
1286,0.10956670778527955,0.36543946522230764,0
1287,0.0721096986923262,0.3655002237650984,0
1288,0.03902442535661543,0.3659231079829458,0
1289,0.017361028239949117,0.36640564141779286,0
1290,0.23259441372641432,0.36662766561021165,1
1291,0.011594350392395425,0.36666348335673005,0
1292,0.018981323994201493,0.3669619443898099,0
1293,0.29939316678993066,0.36737885581088425,0
1294,0.030268439883566978,0.367475792254627,0
1295,0.21534970931350084,0.3675242376164285,0
1296,0.0015027787211078225,0.3675242376164285,0
1297,0.01704395806186454,0.3680551567476643,0
1298,0.12688009653273946,0.3680974033122053,0
1299,0.06673341514874886,0.36826967725634463,0
1300,0.23197540072647593,0.3683361002147517,1
1301,0.1285924210259245,0.3683848905041447,1
1302,0.29375920608692063,0.3689065782559451,0
1303,0.0011706807926258334,0.368969015011551,0
1304,0.0619483004840522,0.3697944334974269,0
1305,0.0038386446512980177,0.3701938185947574,0
1306,0.3188669609752851,0.3704225442501584,0
1307,0.007968990299476508,0.3708289251790464,0
1308,0.006573903559965122,0.37097035484687735,0
1309,0.033114239587878624,0.37111267652614977,0
1310,0.160327012874669,0.37123486605796274,0
1311,0.19904596850860057,0.3714678836094911,0
1312,0.028956299254455087,0.37155204754502413,0
1313,0.16595234370150436,0.3717030954867281,0
1314,0.09670380131412815,0.3717030954867281,0
1315,0.07470513237745402,0.37170397238437924,0
1316,0.02556923651253462,0.37193394625525145,0
1317,0.06228237121291802,0.3720602928759281,0
1318,0.07553102409024093,0.37225352848696136,0
1319,0.026032743482052534,0.3722689890390397,0
1320,0.015664757536255847,0.3722689890390397,0
1321,0.18389434165316232,0.37229094523061923,0
1322,0.0021085486802147058,0.3723216779644216,0
1323,0.00196009522636853,0.37241413985973537,0
1324,0.005852395133594035,0.37244592424972767,0
1325,0.2013776692829855,0.37264726892488775,0
1326,0.008389362155710733,0.37270787840834374,0
1327,0.01961134262784403,0.37272001682814326,0
1328,0.0079543522812775,0.37326132277601043,0
1329,0.32721153460963304,0.37351533528485736,0
1330,0.14308739367531476,0.37389528167757935,0
1331,0.17119779883966801,0.37389528167757935,0
1332,0.0040496684152060425,0.3742080244914473,0
1333,0.08315000823944496,0.37489884856170363,0
1334,0.021143189788831007,0.37499633597294957,0
1335,0.11609119682899716,0.375244011857923,0
1336,0.1726549273017539,0.375343425595837,0
1337,0.09360032791088724,0.375672180616224,0
1338,0.006808134539353583,0.3758764655673622,0
1339,0.09125891978272349,0.37623333677087933,0
1340,0.021584278898859166,0.37660635420110566,0
1341,0.011844468459453417,0.37668799946914244,0
1342,0.04054278480699769,0.37671066548793153,0
1343,0.22698449003603505,0.3767775899012469,0
1344,0.14084612145568354,0.37700260558084864,0
1345,0.08919523530665685,0.37722723909072353,0
1346,0.020828847045958443,0.37771654935291143,0
1347,0.10879572690627304,0.37796011026355636,0
1348,0.0853067475191398,0.37796011026355636,0
1349,0.014631064124003279,0.3780780634116896,0
1350,0.16866707871043274,0.3784473903460883,0
1351,0.0059553733514436935,0.37863246622120905,0
1352,0.0022310187778242785,0.3790787916394631,0
1353,0.18664028271627564,0.3791691999289307,0
1354,0.16421477512324179,0.3792250115044621,0
1355,0.1079837884676349,0.3793538567455059,0
1356,0.07533996932117104,0.37971899421024113,0
1357,0.004723355158814391,0.3800038718375318,0
1358,0.13091468287302577,0.38010042311641334,0
1359,0.06321587809739393,0.3802197916229869,0
1360,0.03477533113067077,0.3805292550485805,0
1361,0.012495772149017648,0.38074270676798294,0
1362,0.0014625091149014224,0.380909859371918,0
1363,0.002944576989389436,0.38116237496381955,0
1364,0.1964538551907976,0.38144777442170363,0
1365,0.0948296872054476,0.38145147550743286,0
1366,0.0019048905790902682,0.38163625523905365,0
1367,0.30233782956627986,0.3818681592507006,1
1368,0.03363229302625703,0.38192637998075074,0
1369,0.12988673378756121,0.3819974292004674,0
1370,0.31386050892925355,0.3821460366162416,0
1371,0.0024851136752398473,0.38214629855925675,0
1372,0.10295330509419076,0.3824651396690345,0
1373,0.003083576891043549,0.3825259319302535,0
1374,0.23031985805680677,0.38278847792172155,0
1375,0.014029706434475653,0.38292593769230243,0
1376,0.0313409199385295,0.38314477140065284,0
1377,0.004532371964165116,0.38317534900273953,0
1378,0.005662451256647327,0.38318814798823775,0
1379,0.05812542873903093,0.38330453122573516,0
1380,0.17469451566233518,0.3833971544701059,0
1381,0.01999765884307636,0.38349436301509054,0
1382,0.0014619646136196929,0.3838533445441459,0
1383,0.37722723909072353,0.38436126483265454,1
1384,0.12715818300038162,0.3843815051389735,0
1385,0.29722467164602395,0.3846104612375475,1
1386,0.019730902468297895,0.38468292155325434,0
1387,0.031053418088833884,0.3848173715146723,0
1388,0.0011407408265982077,0.384952450328064,0
1389,0.3350778203731768,0.38525288694058124,0
1390,0.20114779508376346,0.3852679214669563,0
1391,0.16061075007348113,0.38565175998273293,0
1392,0.05812966989497326,0.3862592897457041,0
1393,0.13406391962008668,0.38647146026006973,0
1394,0.02731258191650987,0.38647146026006973,0
1395,0.19216667599077186,0.3868099278442688,0
1396,0.08669273036999559,0.386889263840129,0
1397,0.3295667490974845,0.38692098985899914,1
1398,0.01600356633350919,0.38711195568375,0
1399,0.3281344054094619,0.38724052503825346,0
1400,0.22695103238940695,0.387379709922848,0
1401,0.007496482583923214,0.387464335608076,0
1402,0.015469625091257933,0.387855887715593,0
1403,0.25708288735252416,0.3879141934050918,0
1404,0.11105422407302723,0.3879551440025204,0
1405,0.004458855442302068,0.3883447502278281,0
1406,0.021381570814668294,0.38838329459263987,0
1407,0.0019663328040719907,0.38853959097274293,0
1408,0.258868617485812,0.3888689548690132,0
1409,0.2651251964112681,0.38888346287058106,0
1410,0.015156747325994147,0.389047644074517,0
1411,0.056889599224857035,0.38910268278279614,0
1412,0.19214909515065604,0.3895150375800953,0
1413,0.008421687798713329,0.38966945294850464,0
1414,0.05553313679609595,0.38975549936097886,0
1415,0.14114553695207166,0.39010481066756775,0
1416,0.0006745858443858443,0.390286576942811,0
1417,0.029433892498636482,0.3903800156269477,0
1418,0.1936605982269749,0.3904838508359142,0
1419,0.00031074679675080485,0.39085251354902206,0
1420,0.11157107657898457,0.3908931121987751,0
1421,0.14530054207265097,0.39101318204930136,0
1422,0.1541932835879931,0.3910466835017322,0
1423,0.0009638835111017707,0.3911008901924641,0
1424,0.018624626596541738,0.39120608838803894,0
1425,0.14538600269846436,0.39138443211296237,0
1426,0.17377518644104628,0.3918372577458993,0
1427,0.32632656199211596,0.3918933264365291,0
1428,0.305265137712318,0.3920098032284176,0
1429,0.019681932944856984,0.392159156698754,0
1430,0.27803283859560757,0.392260374531464,0
1431,0.01907733377712595,0.392260374531464,0
1432,0.010874292228821525,0.392303868094126,0
1433,0.35068581957034306,0.39375168140106787,1
1434,0.017630413510570153,0.3940037909365689,0
1435,0.0019073708869933315,0.3943083790884644,0
1436,0.23148395381605957,0.3946102983409777,0
1437,0.038415729469268856,0.39477642016475656,0
1438,0.3269171790476326,0.394822372504126,0
1439,0.3142782014178118,0.3949335813082777,0
1440,0.15565329557346164,0.3951308440490877,0
1441,0.010292368821028908,0.39526301548094156,0
1442,0.17283480145841335,0.39568906156991024,0
1443,0.2319176021036693,0.3959894656648576,0
1444,0.0018424964515230124,0.39612990993347763,0
1445,0.3779452052943729,0.39625797343601754,0
1446,0.071775855483865,0.3965355755241079,0
1447,0.10612837261516861,0.397044861763557,0
1448,0.16297696898051006,0.3973980342030421,0
1449,0.07593970220296331,0.3974280038434588,0
1450,0.011215744246645065,0.39744883813524345,0
1451,0.0876584504679846,0.39776391488244356,0
1452,0.1775561028861974,0.3977984612220842,0
1453,0.06749401940760202,0.39787663813071683,0
1454,0.004644370433524614,0.39847733228472704,0
1455,0.0005763455859547628,0.3984803336433187,0
1456,0.00039908654808296085,0.3988539611945656,0
1457,0.06097163463012312,0.3989923600987135,0
1458,0.10881744049692987,0.3989923600987135,0
1459,0.3155609182685043,0.39910687421321145,0
1460,0.3511348742524709,0.39949403684654006,1
1461,0.25758911120155026,0.3997414284951113,1
1462,0.06706739531144468,0.39992088725075725,0
1463,0.00029808540489117963,0.40001315951657546,0
1464,0.00526611666110488,0.4001397120615616,0
1465,0.04425487473097811,0.4001521540960219,0
1466,0.00043161301549365927,0.40062887264166913,0
1467,0.1581925142591456,0.4006297889227697,0
1468,0.023381257894692142,0.40107583178502615,0
1469,0.050451137050721795,0.40111695715457685,0
1470,0.03763257150690802,0.4016178993509716,0
1471,0.036580508238025056,0.4016362320125044,0
1472,0.13262443460317108,0.4016768836295498,0
1473,0.021928069143766993,0.4019873067119474,0
1474,0.023111596182298633,0.4027381088088984,0
1475,0.3273260212620769,0.40285371164922346,0
1476,0.09141867188580832,0.40285371164922346,0
1477,0.06561535080842829,0.4029874241148921,0
1478,0.03234595156432496,0.4030118301856108,0
1479,0.3722489920304609,0.40328237688761215,1
1480,0.03526889663429056,0.40376176345063797,0
1481,0.21453846135997323,0.4040168574835008,0
1482,0.31289223029709134,0.4043219079090048,0
1483,0.1892975843599506,0.4043227155706932,0
1484,0.005630910524178634,0.4043710616220825,0
1485,0.3805960390471753,0.4043827456526906,0
1486,0.003729356619132429,0.40444365583677644,0
1487,0.24115788628174795,0.40448886689101016,0
1488,0.04291960586611321,0.4047330534998006,0
1489,0.01948120176491619,0.4050221152783988,0
1490,0.010301385249781747,0.40517682154316115,0
1491,0.006729775330243992,0.4052262599726649,0
1492,0.0030474477367642416,0.406198493951768,0
1493,0.38450149990379157,0.4064518360240488,0
1494,0.28265736156846333,0.40667175840687075,0
1495,0.34442278156987816,0.40695689917508426,0
1496,0.280347336914504,0.40713657475469456,1
1497,0.004381165771281004,0.40728896636251255,0
1498,0.08645108183759331,0.40745167979521,0
1499,0.004245848212308334,0.4080328508333194,0
1500,0.08404234317696813,0.4080328508333194,0
1501,0.027547082272507684,0.4085125771820246,0
1502,0.03167199685135924,0.4085465756000862,0
1503,0.36493816480770225,0.4085969831525925,1
1504,0.0006237196141956058,0.40863537809326933,0
1505,0.3968745463939989,0.4086507789347348,1
1506,0.1171086107301581,0.4088547679064283,0
1507,0.11514845994338485,0.40951471805240613,0
1508,0.3036549561246066,0.40990368873292604,0
1509,0.0033635777833633806,0.41014120472379834,0
1510,0.011051270297781524,0.41014358450493926,0
1511,0.08375856550660876,0.41025572348644157,0
1512,0.08097175286462466,0.41057207304772925,0
1513,0.041511202646305034,0.41157892250233663,0
1514,0.0007470728708264263,0.4120771764747978,0
1515,0.1029135440545903,0.4123090264703009,0
1516,0.09642634064655564,0.4123090264703009,0
1517,0.1019534089815235,0.4128855530685376,0
1518,0.1304385062586314,0.41290513622127145,0
1519,0.061436061871227854,0.413008965108009,0
1520,0.05420567670999399,0.4136764444725527,0
1521,0.028272926478335236,0.41391955746799936,0
1522,0.1602220037332397,0.4140952759713564,0
1523,0.01695927332256497,0.41435572939207244,0
1524,0.2067878747943499,0.4144588606393447,0
1525,0.3821460366162416,0.4149893673817955,1
1526,0.08342628649622841,0.4151076726808911,0
1527,0.010877210579808949,0.4152502533889495,0
1528,0.3580639409048544,0.41580902868185576,0
1529,0.13832039890869174,0.41580902868185576,0
1530,0.1246358098730026,0.41617311209290053,0
1531,0.06521116150526729,0.4161938492156525,0
1532,0.20219375221827462,0.41638231930407654,0
1533,0.036148666122796436,0.4164818735624578,0
1534,0.2849754058121342,0.41657623276680433,0
1535,0.03605824950711278,0.41662863751376433,0
1536,0.08700249599192411,0.4168247640376236,0
1537,0.1256932497348403,0.41714419691805393,0
1538,0.18209553098438558,0.4173515997171571,0
1539,0.0009104015676125732,0.4175511340592414,0
1540,0.41215014341905454,0.4176274909213611,1
1541,0.2257050049691952,0.417881702140511,0
1542,0.056188344160593706,0.41796049102924493,0
1543,0.003574652425915703,0.41810620799937925,0
1544,0.24909571446137946,0.4184776548513187,0
1545,0.01405220048267497,0.4184776548513187,0
1546,0.06333280594321511,0.41861422517618985,0
1547,0.06990198647972812,0.41876133017020933,0
1548,0.38223639913815577,0.4190160442586337,1
1549,0.014968495489665057,0.4195339882725607,0
1550,0.2668985686124451,0.41962092845250276,1
1551,0.2515992258893889,0.41976287060388306,1
1552,0.2096685688051122,0.4207029110706806,0
1553,0.09166450193534526,0.4215806882521942,0
1554,0.054694298293701316,0.4217940332627076,0
1555,0.22581819534297431,0.4217940332627076,0
1556,0.24851465305927423,0.42191671941571773,0
1557,0.2046159685254082,0.42312262730776684,0
1558,0.3144503220700776,0.4231571957541703,1
1559,0.24089741331719638,0.42315960232955174,0
1560,0.022208631584848093,0.4232656295977698,0
1561,0.4136199176670893,0.4239774613427192,0
1562,0.3372809088363331,0.42414379401998903,1
1563,0.009210193390649546,0.42452512370353157,0
1564,0.007770132573536315,0.4253343170412486,0
1565,0.01573257604708045,0.4259754899954775,0
1566,0.3310206115756509,0.42619055141025464,0
1567,0.03375582993076931,0.42718982914089376,0
1568,0.018457450493222782,0.42737277005697694,0
1569,0.010864051627268112,0.4273839422017025,0
1570,0.1847712947403477,0.42781180998534174,0
1571,0.00969306003210646,0.428274986483029,0
1572,0.006319877909422789,0.43020026318864835,0
1573,0.3107601241257071,0.4306351563019176,0
1574,0.18715624458705848,0.4313404456793595,0
1575,0.020752055475999676,0.4316772523099389,0
1576,0.2486746242064689,0.4318214639687492,0
1577,0.08623617773868764,0.4318214639687492,0
1578,0.32301184448677167,0.432408075961381,0
1579,0.002224221953094019,0.4324655085494137,0
1580,0.29841788111209555,0.4331400507568095,0
1581,0.06430958867108394,0.4331971924921013,0
1582,0.022405242864263375,0.43320651149274825,0
1583,0.07058517367005812,0.4332423895563756,0
1584,0.43044192409924054,0.4333280811529129,0
1585,0.07166185976320671,0.43333042325765836,0
1586,0.14914353574759776,0.43339864160128805,0
1587,0.38314477140065284,0.4336343090149736,1
1588,0.36130536885413145,0.43403498990165756,1
1589,0.017256951455708158,0.4341346468997286,0
1590,0.22188422495380344,0.43448526917790353,0
1591,0.3003374172697614,0.43479972189199745,1
1592,0.042245207298486354,0.435250482179085,0
1593,0.2119555953862362,0.4357914865946728,0
1594,0.08593033492644675,0.43588986484604886,0
1595,0.20083880602791881,0.4359045966806586,0
1596,0.3462149010612289,0.43635204585700527,0
1597,0.03589859916182192,0.43636112136646277,0
1598,0.08093575251115281,0.43662586009754645,0
1599,0.28633359806381464,0.4367727440055432,1
1600,0.3132295319652173,0.43694330495845546,0
1601,0.3710947461848285,0.4375974907637924,1
1602,0.0040470669596195386,0.43777107756601685,0
1603,0.07237632483568579,0.43818587039660817,0
1604,0.018748241942892152,0.4381897873313182,0
1605,0.3813825774639572,0.4384624335993077,1
1606,0.012832890004804476,0.43870718103967943,0
1607,0.22754495120337337,0.43912250454815316,0
1608,0.0011975754342410383,0.43931111485097485,0
1609,0.3791088089214625,0.4393522612105297,0
1610,0.2875318401238125,0.43963611747830045,0
1611,0.23509792025184584,0.439985057191312,0
1612,0.38029455243713994,0.4403994919059625,1
1613,2.3220051146077836e-05,0.4406794365986372,0
1614,0.2546186103952467,0.4411876868356791,0
1615,0.3083247633585038,0.44166237742053527,1
1616,0.016038493308410895,0.441775735204914,0
1617,0.3070462013072035,0.44226946152573576,0
1618,0.40140620891175727,0.44226946152573576,0
1619,0.05338799726176946,0.442543205483499,0
1620,0.00250674744994539,0.44268557855527957,0
1621,0.002463667758303534,0.4434330161423743,0
1622,0.03441688402342613,0.4439069545207942,0
1623,0.13338924797495,0.44441837122249495,0
1624,0.4067485190889705,0.4444906547919384,0
1625,0.2567540441909911,0.4458222028155321,0
1626,0.10016082575818996,0.4461318141239444,0
1627,0.23636919420970715,0.4462663238916774,0
1628,0.04582326728836872,0.44736351458657875,0
1629,0.24277419450530835,0.44797954852037614,0
1630,0.16742789707378247,0.4481741303470922,0
1631,0.14761785542784234,0.44912639322709735,0
1632,0.00018176861620755602,0.4492632598952202,0
1633,0.08189325183185625,0.4492922131895195,0
1634,0.009128079350014251,0.44952618535524735,0
1635,0.02517646468121426,0.4496005112431146,0
1636,0.10659285486360892,0.4500681007446612,0
1637,0.3702521717400552,0.4503951391995541,0
1638,0.18658911859237648,0.45051493355742345,0
1639,0.0150679776927094,0.4505283933783061,0
1640,0.3006680377106298,0.4506731473485919,0
1641,0.002580023533861997,0.4521460646595138,0
1642,0.000686307750783155,0.4524191146165121,0
1643,0.01743726937845791,0.45268894416437977,0
1644,0.3267616954505428,0.4529746886378092,0
1645,0.22966574200300882,0.4532118491778204,0
1646,0.15408962518958758,0.454292164127889,0
1647,0.21237618256492818,0.454292164127889,0
1648,0.36631523744869043,0.45479652842008955,0
1649,0.25686617119551525,0.45486302585321636,0
1650,0.005441271850501583,0.4549261472606263,0
1651,0.30617608430611265,0.45557095661343994,1
1652,0.43398378149542793,0.45598377333009754,1
1653,0.08937284996681805,0.4568891252316407,0
1654,0.002352352189067708,0.45716003385330617,0
1655,0.4290808326723753,0.4573101046688869,1
1656,0.08462302853655435,0.4573840231736478,0
1657,0.3236918784519379,0.45756390229703436,1
1658,0.09843664638883931,0.4576283989931663,0
1659,0.08305326676956659,0.4576283989931663,0
1660,0.3461638561561592,0.4577666106503897,1
1661,0.2869150502238653,0.45783168241797156,0
1662,0.17435957959254267,0.4580658752315675,0
1663,0.26170095471845856,0.45817316014092646,0
1664,0.08282562602666388,0.4584621372452169,0
1665,0.038900835509921405,0.4585603140945699,0
1666,0.1852913268476818,0.45883214463647615,0
1667,0.015309406550512605,0.4588730536857504,0
1668,0.2720766406390507,0.45974487129993236,0
1669,0.423823609516113,0.45986182265351905,0
1670,0.018513206808853266,0.45995481364825963,0
1671,0.3747024703575321,0.46026765274175385,0
1672,0.3402261819548993,0.4607302396511116,0
1673,0.4395911013416004,0.46088360766128345,0
1674,0.015386973203548537,0.4609961683712417,0
1675,0.42027656294051086,0.461026975531278,0
1676,0.43912250454815316,0.4612551465964738,1
1677,0.34066308666666645,0.4613966479795252,1
1678,0.008813208406588835,0.46154391075520207,0
1679,0.01094517748173951,0.4619558582487159,0
1680,0.07862081503991969,0.4620024280904117,0
1681,0.2397918491391774,0.4621951327966235,1
1682,0.2562034111178598,0.46331245236023444,0
1683,0.20875058617833264,0.4637855841362132,0
1684,0.33977623641539223,0.4645645383559166,1
1685,0.010185227121888851,0.464609884698457,0
1686,0.005106276754348826,0.4649147115182499,0
1687,0.05088012303799583,0.4650270263902242,0
1688,0.3990467781333047,0.46653288695442796,0
1689,0.28586648477047594,0.46686889884488914,1
1690,0.46041299789620427,0.46746281180657556,1
1691,0.09474064787370728,0.46875475635670993,0
1692,0.19160192827090639,0.468826464615541,1
1693,0.38146431564084493,0.46908114619512975,1
1694,0.448106287420449,0.46919536664075767,1
1695,0.4647114832626622,0.47050378448415187,1
1696,0.4690021803178681,0.4709541224792917,1
1697,0.020931204918690716,0.4710852530765989,0
1698,0.002534421567021772,0.47132169876463637,0
1699,0.45783168241797156,0.4717875543373795,1
1700,0.45394580560036313,0.4727547915364354,0
1701,0.21153378657083277,0.47335900061988245,0
1702,0.35202951946823813,0.47361197411318934,1
1703,0.1640390541216319,0.47411959830187667,1
1704,0.22848977010886018,0.4750100566406047,1
1705,0.24141707101500764,0.4754393389227758,1
1706,0.37296674232389904,0.4755554806355664,1
1707,0.41306112056847744,0.4757951387874749,1
1708,0.3889700873246814,0.4758470231252325,1
1709,0.327024851199738,0.4761525044373385,0
1710,0.35832235631301,0.4764841311695919,1
1711,0.014840993196925889,0.4782567070907294,0
1712,0.3403572669298962,0.478998735756863,0
1713,0.3173819630217818,0.47929788976763277,0
1714,0.3732579712959452,0.47946607607168445,0
1715,0.0905279056209175,0.47995907197067644,0
1716,0.09928494946855115,0.48047077674656313,0
1717,0.059263937898777486,0.48047077674656313,0
1718,0.45296059103480224,0.48197302155286514,1
1719,0.3646074826575145,0.48302463108818205,0
1720,0.15402256635499056,0.48313973365666585,0
1721,0.26272735007323456,0.4833070848646369,1
1722,0.27099592194999256,0.4833951106338499,1
1723,0.36442424895344583,0.48369657907335284,1
1724,0.34043154223814676,0.483803952291356,1
1725,0.27852971891699396,0.4848370001710066,0
1726,0.07988479302556395,0.48487929631409143,0
1727,0.26426479523697555,0.4863128327203299,0
1728,0.030925734229796054,0.48649467575359717,0
1729,0.18637667251733092,0.4877755838243255,0
1730,0.08080849444444416,0.4884495487168785,0
1731,0.3955162756459446,0.48871131555649094,0
1732,0.20850707158992954,0.48895693108533156,0
1733,0.014781159470939387,0.4899547089530748,0
1734,0.011348219757514655,0.4913840976066173,0
1735,0.4714999309962217,0.4918011893865777,1
1736,0.4183508998797393,0.4919052484003279,1
1737,0.4725972209577187,0.49320433522131557,0
1738,0.012719447848011822,0.4949849594874688,0
1739,0.2537946259839089,0.4957458558166533,1
1740,0.49609560516154727,0.4963315013775582,1
1741,0.38051648506043767,0.4974105471067245,1
1742,0.4376571918675892,0.4975051475359,1
1743,0.43761305411064344,0.49952884653159335,1
1744,0.47387608870095566,0.4998171560820399,1
1745,0.1779558512462276,0.5002622277297163,0
1746,0.4284702254461392,0.5003528957016886,1
1747,0.2839851174603839,0.5008015561196413,0
1748,0.21100346080294385,0.5008888534581315,0
1749,0.06633149917114578,0.5009812018204236,0
1750,0.47409190340777096,0.5012896752350078,1
1751,0.2962458221118702,0.5015667573109145,1
1752,0.44430889412088137,0.5017391444700047,1
1753,0.40724766508211674,0.5032574555693304,1
1754,0.27714737902453956,0.5037692500656177,1
1755,0.4849822998969957,0.5037706067115454,1
1756,0.3722120822085113,0.5039171659661049,1
1757,0.3966814919458008,0.5039661954822343,0
1758,0.11955830421450797,0.5045543929752294,0
1759,0.3652875943790733,0.5053270227720252,0
1760,0.4694327814038193,0.5057856724060897,1
1761,0.46633161491233976,0.5062473666378267,1
1762,0.11263211162996833,0.5073831075451809,0
1763,0.10889099026106841,0.5075648791100512,0
1764,0.24816094212703754,0.5082075284046937,1
1765,0.4392179851063779,0.5083803815620651,1
1766,0.1991725010337867,0.5092057108805181,1
1767,0.05975598730279241,0.5095938788496307,0
1768,0.28902414550075906,0.5096842370756102,1
1769,0.25066123250565975,0.5098682124106242,1
1770,0.13052175885107742,0.511188752203428,0
1771,0.38369152536160167,0.5116081541141615,1
1772,0.4123370024611944,0.5119285844083699,1
1773,0.3137532190622524,0.5132489739811169,0
1774,0.41870444955094155,0.5141643052424211,1
1775,0.43691508632589793,0.5145493667928482,1
1776,0.2773252173200629,0.5172772008612379,1
1777,0.0771734323307659,0.5174998084468593,0
1778,0.025731093017405726,0.5176061256465835,0
1779,0.2655277533266678,0.5185770514304769,0
1780,0.2129176228882318,0.5187116157372785,0
1781,0.10414827685670047,0.5188789817921494,0
1782,0.2921377109393717,0.5203800604583375,0
1783,0.41174637056997776,0.5206030453034556,1
1784,0.20410399156458015,0.5209963920175781,1
1785,0.023364388504822253,0.5217963738279536,0
1786,0.010922376845329707,0.5218623463867553,0
1787,0.2936752765650297,0.5219133567322475,1
1788,0.23360957906449842,0.5222003553436518,1
1789,0.3773891122595615,0.5226520248453003,1
1790,0.007188253371167241,0.5259371619141768,0
1791,0.5249043048412294,0.5261623716755031,1
1792,0.27100162228162517,0.5262248878221432,0
1793,0.25465444944060434,0.5262393002936293,0
1794,0.4069586304323186,0.5264041621183015,1
1795,0.47621173421204754,0.5266256170015687,1
1796,0.480712819337329,0.5274430017197773,1
1797,0.42086504927931556,0.5278910940422782,1
1798,0.05927717159604351,0.5285880249522198,0
1799,0.47456911111174616,0.5287092297528048,1
1800,0.5248917417109336,0.5292179911539291,1
1801,0.5226243565882411,0.5348231501054537,1
1802,0.4788187837054336,0.535102565272579,1
1803,0.5011005978130095,0.5363831476600277,1
1804,0.05798671979457071,0.5365262258760681,0
1805,0.43989393896591766,0.5367930612197186,1
1806,0.5044403744584036,0.536800242365278,1
1807,0.20523471144936922,0.5368862937581281,0
1808,0.5199081032388518,0.5371638236708156,1
1809,0.5042899481715472,0.5374460899208842,1
1810,0.4534387525282918,0.5378065883576653,1
1811,0.41215014341905454,0.539062652211081,1
1812,0.47974555741004465,0.5394939310630108,1
1813,0.325401455942425,0.5397325791873497,1
1814,0.271777247211912,0.5399455839587859,0
1815,0.3587267432324518,0.5406241628700669,1
1816,0.37671066548793153,0.5414949345524753,1
1817,0.49638149282985133,0.5423838512793556,1
1818,0.07393475346731937,0.54412934396518,0
1819,0.41391955746799936,0.5450472245101401,1
1820,0.5394384648542679,0.5456257802146456,1
1821,0.44262672701974926,0.5470948575113606,1
1822,0.37783589970614295,0.5473739182733172,0
1823,0.43689004061798875,0.5474025669288639,1
1824,0.2010614332466909,0.5477193310032558,1
1825,0.39493865469478984,0.5480664847951329,1
1826,0.4226632859660304,0.5485405881193663,1
1827,0.22661399721574038,0.5485749802718103,1
1828,0.1137975319812532,0.5499229335619882,0
1829,0.5249803872208504,0.5502463413306644,1
1830,0.09461940713519246,0.5503891798630159,0
1831,0.5126299664713244,0.5503903377189493,1
1832,0.21320338426156282,0.5505709175557335,0
1833,0.5174907403569577,0.5512408178966322,0
1834,0.4913840976066173,0.5513966596507901,1
1835,0.5293515660663132,0.5521882628018432,1
1836,0.06853170989844792,0.5522699699585613,0
1837,0.4916210343296257,0.5538156125344248,1
1838,0.5444929019531154,0.5552716035767111,1
1839,0.44938568368762366,0.5552773537383745,1
1840,0.4393545386928692,0.5557869711409059,1
1841,0.4733638794207,0.5568975012381127,1
1842,0.2579958930998155,0.5571565918626817,0
1843,0.3626910770305791,0.5575130553494935,1
1844,0.5313788055017401,0.557900117568279,1
1845,0.3125094932582576,0.5585436252391195,1
1846,0.3384786808218331,0.5590813739583161,1
1847,0.4629331621330677,0.5592880995349151,1
1848,0.28831600039333594,0.5601520009070465,0
1849,0.4387500820379957,0.5604730781372371,1
1850,0.36028669643369604,0.5616849967715012,1
1851,0.4976919993829899,0.5616868519142743,1
1852,0.00166683200354234,0.5619143603980851,0
1853,0.5076415162181526,0.5619339709012436,1
1854,0.33309007687562453,0.5633058145491898,1
1855,0.5097811737567425,0.5635466366033962,1
1856,0.5280093768454471,0.563583328998573,1
1857,0.40301212244387974,0.5635999841143745,1
1858,0.47335531051421575,0.5644811861026419,1
1859,0.426457893175319,0.5661857729258221,1
1860,0.5479458871204475,0.5667333825459195,1
1861,0.18264143475343642,0.5667588872607587,1
1862,0.44353101920227633,0.5669559110013231,1
1863,0.5625209546700246,0.5680973204755634,1
1864,0.5112823731301104,0.5681867678768053,1
1865,0.5463551293962434,0.568285275980733,1
1866,0.0024811347375459647,0.5682989494375366,0
1867,0.31753497324255586,0.5690705333235224,1
1868,0.39714569039446257,0.5707654191989122,1
1869,0.3206905334623229,0.5716793693003158,1
1870,0.562217276275417,0.5721472021090636,1
1871,0.5718962629036412,0.5730299011928253,1
1872,0.2989164431874005,0.5734512785879878,1
1873,0.3565652653744783,0.5737754556922167,1
1874,0.029652515720689276,0.5743004341754723,0
1875,0.5708342189749379,0.574835736497411,1
1876,0.41820913017361794,0.5754695627204386,1
1877,0.47864999836004607,0.5757274814194617,1
1878,0.5467005900407329,0.5758518650041179,1
1879,0.5429110015410283,0.576056181629053,1
1880,0.5546006630635952,0.5763911836937923,1
1881,0.5028567501287166,0.5766878376758194,1
1882,0.38535547191495056,0.5772728639697363,1
1883,0.192880604972977,0.5800227842473453,0
1884,0.14636878980245227,0.5804634191183975,0
1885,0.40816604411502555,0.5804896514928759,1
1886,0.5169789276748584,0.5813845673198742,1
1887,0.2409682400771923,0.5819966407381417,0
1888,0.41826509865929884,0.5819992068167827,1
1889,0.37512668190668774,0.5820342771137159,1
1890,0.44564677614188,0.5853535281315475,1
1891,0.47974555741004465,0.5858536075565711,1
1892,0.2930177333950794,0.5860196841385193,1
1893,0.37863246622120905,0.5869893180642256,1
1894,0.3737544863727357,0.5876056295821008,1
1895,0.44639042186401967,0.588008966249911,0
1896,0.5089220610417045,0.5883056384324046,1
1897,0.4292065424232564,0.5887582861781865,0
1898,0.4262683290929873,0.5888965677635396,1
1899,0.2442910434582607,0.5893789509191993,0
1900,0.4376545831128541,0.5896400492152521,1
1901,0.5191493082608813,0.5899403803319566,1
1902,0.4568782015313362,0.5905282178614079,1
1903,0.36376949783584644,0.5910150726256183,1
1904,0.18605205658775192,0.5915312550320516,1
1905,0.48047335841138883,0.5930391202834012,1
1906,0.58604628981951,0.5940959349495377,1
1907,0.47841948999861283,0.5945502252519533,1
1908,0.5677114511396008,0.5951770275571081,1
1909,0.3388109171216914,0.5954508986992946,1
1910,0.5286261687246846,0.5956963714033874,1
1911,0.3051469878043227,0.5962595685905949,1
1912,0.5135072344771183,0.5971639545788628,1
1913,0.5732389751130168,0.5979065254838366,1
1914,0.5771640275832898,0.597927982917728,1
1915,0.4526658934360873,0.5980436950982101,1
1916,0.581791695892833,0.5980548155007289,1
1917,0.3434660054999621,0.5985125680624336,0
1918,0.506041608853187,0.5986377339363089,1
1919,0.5494547201498666,0.5988098545561641,0
1920,0.26574270932255095,0.5990036583308082,1
1921,0.5385729132970417,0.5995818780413238,1
1922,0.35691198184613027,0.6001620946163375,1
1923,0.5714766382126897,0.6009225517455195,1
1924,0.42619174381278,0.6009510860635034,1
1925,0.45981830094837584,0.6010525894369398,1
1926,0.5963839881154551,0.6013631873090538,1
1927,0.27222604562887953,0.6013959080833478,1
1928,0.5456749101985935,0.6015028569288433,1
1929,0.4206520600749628,0.601934136477662,1
1930,0.08745366388853038,0.6024275425455176,0
1931,0.27978513950679984,0.603241039462306,1
1932,0.438706753715853,0.6034190173169234,1
1933,0.4369394027217369,0.605725609350906,1
1934,0.5284718741498668,0.6066883830062941,1
1935,0.5125624270861429,0.6070527472402582,1
1936,0.3987301456965696,0.6072602350398798,1
1937,0.5595051628403024,0.6075259539526887,1
1938,0.4878588431757035,0.608909550182457,1
1939,0.4522760076323987,0.6094877929367987,1
1940,0.31748933747804997,0.6100560969110738,1
1941,0.5498494408826706,0.6101062441232862,1
1942,0.5342068852405772,0.6103818388966178,1
1943,0.46848580708115206,0.6107554204484084,1
1944,0.5439233565703363,0.6111349031058568,1
1945,0.5995205531215361,0.6111402912670447,1
1946,0.537839086811693,0.6118674674131461,1
1947,0.5648744140277221,0.6123148829376857,1
1948,0.527735533644065,0.6124448842150795,1
1949,0.2809613444129586,0.6147208547420318,1
1950,0.5562752305094569,0.6157360580300993,1
1951,0.5892467742590259,0.6159527832968021,1
1952,0.10947639985409974,0.6160059130906326,0
1953,0.5718843534534793,0.6161619287883867,1
1954,0.4609895189408121,0.6169360300489805,1
1955,0.35108006647342804,0.6174171184174762,1
1956,0.5594581333784583,0.6181716026661199,1
1957,0.551765737763984,0.618792738212864,1
1958,0.5473697732478615,0.6189172356142603,1
1959,0.5169534604210382,0.6189925496037167,1
1960,0.5031533040124089,0.6190142752019607,1
1961,0.4547254182095668,0.6202257281259135,1
1962,0.38486524770481223,0.620994296803098,1
1963,0.4514955647815839,0.6210212798312849,1
1964,0.3361575584764602,0.6211504801762129,1
1965,0.44276474999468274,0.6212884067281121,1
1966,0.578913187524047,0.6213458568956729,1
1967,0.5297380601582887,0.6214326696974982,1
1968,0.4272414582827053,0.621632963193849,1
1969,0.4923668582404107,0.6216418490056052,1
1970,0.6194905980344905,0.6223692602906327,1
1971,0.5133819960601755,0.6231699938660357,1
1972,0.511188752203428,0.6240342031711071,1
1973,0.6117339609007935,0.6243564152326527,1
1974,0.5758504093414704,0.624584788970973,1
1975,0.5379335406992757,0.626886101131141,1
1976,0.5259371619141768,0.6272359514202208,1
1977,0.6260396760831018,0.6277800264264708,1
1978,0.43818587039660817,0.6283653513213834,1
1979,0.3083201395306516,0.6284150951943712,1
1980,0.4496005112431146,0.6284636163576882,1
1981,0.6059862494580321,0.6294382430835356,1
1982,0.6073450663064675,0.6295825465511807,1
1983,0.3522745238752364,0.6300227101517419,1
1984,0.5819226162011824,0.6301054766102241,1
1985,0.5887901110995797,0.6306190902486417,1
1986,0.474508989181868,0.6306514371335769,1
1987,0.45486302585321636,0.6308546072194902,1
1988,0.5789783200393497,0.6318544870576498,1
1989,0.48892338178820427,0.6319544456772445,1
1990,0.4154033962298539,0.6324465405018713,1
1991,0.4849822998969957,0.6335547182832945,1
1992,0.47625708288364144,0.6340602386754979,1
1993,0.5695846040218692,0.6349858957009054,1
1994,0.6073142159166436,0.6357176746926116,1
1995,0.5304475471057051,0.6359791481723797,1
1996,0.4731015469598683,0.6361281312867415,1
1997,0.44219128235554495,0.6364075233432737,1
1998,0.5954975327057421,0.6365911270874233,1
1999,0.3185704427599164,0.6370609444108727,1
2000,0.25346972890791664,0.6373333932262177,1
2001,0.4457253819616358,0.6376332557558263,1
2002,0.4811045092273383,0.6387468055509601,1
2003,0.4340858624811518,0.638805557783183,1
2004,0.5563227463931364,0.6390708702495631,1
2005,0.5319862463634067,0.6393589114304292,1
2006,0.5268380530598108,0.6395162885639947,1
2007,0.5708481571762227,0.6397221149543488,1
2008,0.34313661326924794,0.6401229513091381,1
2009,0.4875787686325107,0.6404971060448493,1
2010,0.5210681776429702,0.6405323092493151,1
2011,0.5822672667014536,0.6412499070055782,1
2012,0.46163874643289904,0.6413431017397943,1
2013,0.4027381088088984,0.6413728020219379,1
2014,0.37429292849220175,0.6426264060594461,1
2015,0.5617501194963098,0.6427476206026107,1
2016,0.6048279234851471,0.642866660167156,1
2017,0.4630087936594509,0.6428843115020988,1
2018,0.4820581881044049,0.6432311171103033,1
2019,0.6099120342542045,0.6435917184217238,1
2020,0.4613681298719272,0.643789167605847,1
2021,0.5716262806762277,0.6440062872321758,1
2022,0.5076415162181526,0.6442405223563082,1
2023,0.5962519899632034,0.6445185197967451,1
2024,0.5764951360804567,0.6446935308970332,1
2025,0.4402375282743398,0.6448605817013993,1
2026,0.5480427478609806,0.6449674752104462,1
2027,0.43342609897994844,0.6454936791614032,1
2028,0.28217882404775574,0.6455200782150198,1
2029,0.30130437525811404,0.6456771250610579,1
2030,0.5643865044868503,0.6457277863763861,1
2031,0.6252989659522226,0.6458867770621368,1
2032,0.4456948360029429,0.6459415460579798,1
2033,0.5928456061853682,0.6459595864871327,1
2034,0.45536276503034234,0.647036230117145,1
2035,0.5280093768454471,0.647065626039823,1
2036,0.6214548392040785,0.6472594355091107,1
2037,0.5027719141607805,0.6476917168947051,1
2038,0.27905474398526176,0.6479652191190126,1
2039,0.5652216807117029,0.6486660301613287,1
2040,0.2780429960490891,0.6488867390889748,1
2041,0.48302463108818205,0.6489301448738882,1
2042,0.5350001916549553,0.6491776621818424,1
2043,0.5281655790410564,0.6496360960692835,1
2044,0.6008474234147073,0.6498471810521323,1
2045,0.44902173696878844,0.6499261245929087,1
2046,0.5758399154756317,0.6499399673795758,1
2047,0.38865911100425043,0.6500076355489594,1
2048,0.4707901469112131,0.6500521464436151,1
2049,0.43982023896593503,0.6506892398472715,1
2050,0.32936912757806014,0.6510725340181281,1
2051,0.5917683791636756,0.6513756931994874,1
2052,0.22409037061820314,0.6520138171685145,1
2053,0.6416579337534881,0.652180535237881,1
2054,0.47006340102035826,0.6528596788862424,1
2055,0.5352219942245094,0.6529764777756296,1
2056,0.5096033789454496,0.6538709249494865,1
2057,0.3802636215446167,0.654599829193668,1
2058,0.25925598360577107,0.6549212944638855,0
2059,0.511645141045182,0.6549683517361407,1
2060,0.5707707265861969,0.6554270272824952,1
2061,0.4761525044373385,0.6555130813638775,1
2062,0.47731393210955486,0.655732419113275,1
2063,0.32237142659550677,0.655753516470648,0
2064,0.43495205237825374,0.6562962269160546,1
2065,0.33447775156103066,0.6565054762743664,1
2066,0.6157968096158489,0.6565285147739754,1
2067,0.43406606059611097,0.6566235451080342,1
2068,0.6046683173320602,0.656795348557988,1
2069,0.5467005900407329,0.6570718242601037,1
2070,0.4719024842997419,0.6573320995507137,1
2071,0.25031736421669515,0.6582584674571362,0
2072,0.5251041212381092,0.6583713640273081,1
2073,0.5453786143842361,0.6584404934452188,1
2074,0.5084018695508237,0.6586907587804351,1
2075,0.5629698983196167,0.6587456199294056,1
2076,0.5520229258824585,0.6589771748746878,1
2077,0.5308953980380062,0.6592853751285747,1
2078,0.5652828875303547,0.6594804529680133,1
2079,0.5423896834738279,0.6595257558660956,1
2080,0.6002676344522524,0.6600406464362294,1
2081,0.6212722170625918,0.6601235272970074,1
2082,0.587342756034813,0.660342415622016,1
2083,0.6018961405529375,0.6605877184929332,1
2084,0.46317276832530574,0.6614630864599338,1
2085,0.6569686242532203,0.6616856508613077,1
2086,0.5584781246084588,0.6617498324893822,1
2087,0.40448886689101016,0.6617751981500318,1
2088,0.3212139972457331,0.661900149934563,1
2089,0.5883075730856664,0.6620118330422395,1
2090,0.6468727951561488,0.6622409853792227,1
2091,0.3046069049020196,0.6628779537364644,1
2092,0.4649147115182499,0.6630606209639048,1
2093,0.43912250454815316,0.663069024985343,1
2094,0.6552260070899154,0.6637604105617536,1
2095,0.506041608853187,0.6648893229848156,1
2096,0.4176535172751006,0.6655858933234088,1
2097,0.46283563625422297,0.665710738894271,1
2098,0.3478660163229328,0.6665694115393903,1
2099,0.4177388153815782,0.6667828374972411,1
2100,0.47730204540379007,0.6675417192265797,1
2101,0.5756357298210909,0.6677051730214292,1
2102,0.50510285929951,0.6683056774535854,1
2103,0.580188478686505,0.6684136546373834,1
2104,0.6505421576392931,0.66844161020206,1
2105,0.5396721538565393,0.6685510388737732,1
2106,0.46494243495032683,0.6699916053430244,1
2107,0.5784791921403722,0.6703511294660057,1
2108,0.4676447474027364,0.6703567702150972,1
2109,0.5799070946761609,0.6707598997711813,1
2110,0.4388691100560854,0.6723540401620848,1
2111,0.35207713331133317,0.6724429461010495,1
2112,0.630192003562673,0.6726498915172272,1
2113,0.4468497019817297,0.6727342047566726,1
2114,0.6195582003231095,0.6730639182597383,1
2115,0.658903613537622,0.6732099447984046,1
2116,0.5493657593669,0.6733645742520236,1
2117,0.4504585075390519,0.6735240918448967,1
2118,0.566766805072988,0.6735547316964733,1
2119,0.6551037538330712,0.6742317321837265,1
2120,0.3576787899869758,0.674544370675663,1
2121,0.6453259470293055,0.6750278002881541,1
2122,0.552934945293837,0.675189948712594,1
2123,0.5900566784933499,0.6752678355877563,1
2124,0.5372409728372054,0.6753752747070814,1
2125,0.6670567712268649,0.675963393399556,1
2126,0.3788918441567004,0.6761040129610838,1
2127,0.5571902471509292,0.6769046679824017,1
2128,0.6297222847638123,0.6773871569902175,1
2129,0.44375733163897446,0.6781413653527252,1
2130,0.547475632546145,0.6786151506945897,1
2131,0.6512721146027813,0.6786940144617981,1
2132,0.6412594583235384,0.6794814446432603,1
2133,0.6468339503186933,0.6794936553849238,1
2134,0.36484340768612344,0.6795172049491498,1
2135,0.4111749670510153,0.6795481703876578,1
2136,0.6250387912375976,0.6797520181103208,1
2137,0.6695845076337587,0.6799565370541457,1
2138,0.6016600657492965,0.6805339382236669,1
2139,0.5183746000939151,0.6806536942520811,1
2140,0.583119119993593,0.6808682634144076,1
2141,0.5143194518121836,0.6809524733415108,1
2142,0.5475378748833927,0.6811818175357595,1
2143,0.6588368836416049,0.6811993447968492,1
2144,0.6497902202091832,0.6815342533811043,1
2145,0.4607690386403772,0.6817155264715795,1
2146,0.35794282753249185,0.6817976403615057,1
2147,0.46058355833943,0.6818354251462485,1
2148,0.6362633459123056,0.6820109620838266,1
2149,0.5619372741275661,0.6830805301758082,1
2150,0.653203839697039,0.6831143482321199,1
2151,0.5298004264898591,0.6837967363850647,1
2152,0.5371536940907747,0.6840043094110916,1
2153,0.5961255419421075,0.6868837332173796,1
2154,0.5075343459705626,0.6871213246314375,1
2155,0.6659032073821153,0.6872886910778687,1
2156,0.3680352041638475,0.6873025761435506,1
2157,0.614313671648666,0.6874233430795631,1
2158,0.3055064922229419,0.6875331185569374,1
2159,0.5961524899714866,0.6877678841681849,1
2160,0.6043285776116936,0.6884346073139695,1
2161,0.6002052889546822,0.6884451486649943,1
2162,0.47079686045388525,0.688476943368586,1
2163,0.4043227155706932,0.6884790469340499,1
2164,0.5568243882690972,0.6886242772670289,1
2165,0.5381789337151002,0.688742891522065,1
2166,0.4625493054978226,0.6893999152796845,1
2167,0.6381289521245511,0.6895653597881322,1
2168,0.47623719975674184,0.6900085966170133,1
2169,0.4123090264703009,0.6902417294017617,1
2170,0.6402775855210985,0.6903097634458297,1
2171,0.6857225397658722,0.6904026431973891,1
2172,0.6740132453062497,0.6904398379234746,1
2173,0.652044479168921,0.6916047390763512,1
2174,0.4214234248849128,0.6918600619235831,1
2175,0.6774697039847497,0.6924280033434264,1
2176,0.31966866351844614,0.6929347720273416,1
2177,0.6347377231829882,0.6930917437951988,1
2178,0.6367195393264324,0.6932318095479514,1
2179,0.44559380096255663,0.6941698146811306,1
2180,0.68934686861986,0.6941759095470231,1
2181,0.4609999138877662,0.6942836362899834,1
2182,0.6828640011416907,0.6946711449429306,1
2183,0.6744110088611014,0.69548915081521,1
2184,0.5351970755537317,0.6957435994284893,1
2185,0.6831687475063821,0.6958801043840468,1
2186,0.6598998531594327,0.695885712998751,1
2187,0.5127852462883492,0.6963783369972193,1
2188,0.289114178503852,0.6966170155343082,1
2189,0.5102828761592708,0.6973060326058541,1
2190,0.48790458194153397,0.6974071213036274,1
2191,0.4846936311264376,0.6978123449866519,1
2192,0.3007338821809665,0.6982213604941447,1
2193,0.46538543368417384,0.6987331660587067,1
2194,0.487601201169123,0.698999274043768,1
2195,0.26153898108305274,0.6994176596645907,1
2196,0.43890178293922966,0.6994480244406134,1
2197,0.5184698908657291,0.699534435089528,1
2198,0.5736877255334931,0.6995920852586962,1
2199,0.6906055661795851,0.6998590947689753,1
2200,0.5419609030806442,0.7002210293502787,1
2201,0.6965511548344395,0.7002915802904245,1
2202,0.34126974503713914,0.7006809556911929,1
2203,0.4850255967757645,0.7009414343775145,1
2204,0.5748000745801669,0.7011837756962174,1
2205,0.3834467926547138,0.7011967655752037,1
2206,0.3232835510580402,0.7019585382609603,1
2207,0.5901107387637927,0.7020909840892839,1
2208,0.3575266331821909,0.7022027658570411,1
2209,0.5916100744311918,0.7025920825917171,1
2210,0.5662592867445925,0.7026549115132891,1
2211,0.43588986484604886,0.7028520632023686,1
2212,0.5695846040218692,0.7032234867603954,1
2213,0.5658023092626628,0.7037244859266015,1
2214,0.6823477517510854,0.7043895582527483,1
2215,0.46814554913758677,0.704780699344877,1
2216,0.4946999084984345,0.7052066180657762,1
2217,0.49797971054625867,0.7052216203374262,1
2218,0.40239103874732574,0.7057279933098786,1
2219,0.5898278177428329,0.7057502108079622,1
2220,0.35207713331133317,0.7059033321240222,1
2221,0.5558108139757868,0.7060308160958384,1
2222,0.556032252048104,0.7060476823257772,1
2223,0.5728513322417917,0.7061667709467578,1
2224,0.6478863013661762,0.7064804309228099,1
2225,0.27529450184198534,0.7064982032241316,1
2226,0.5626510301201333,0.7067691683473464,1
2227,0.6737115766363623,0.7068707283464566,1
2228,0.6907942452888137,0.707022942422704,1
2229,0.5168885794693682,0.7072947382122173,1
2230,0.4017029610765278,0.708141786488978,1
2231,0.6771928143822956,0.7081990915716899,1
2232,0.4669635153716155,0.7083577310313346,1
2233,0.5456749101985935,0.7084209128055039,1
2234,0.5143321866776394,0.7088211810166716,1
2235,0.3393771486928844,0.7090417045515633,1
2236,0.6151353643666876,0.7093064186619068,1
2237,0.6182601312254571,0.7095090591888399,1
2238,0.6157862906665023,0.7096359127398376,1
2239,0.43715484902806456,0.7096468351208933,1
2240,0.4751864366243025,0.7097574379803966,1
2241,0.5929452220030563,0.7100894963149575,1
2242,0.5427788321034496,0.7101281531225299,1
2243,0.5187116157372785,0.7108304256839325,1
2244,0.5527529421156585,0.7108694485532964,1
2245,0.5587397057731334,0.7109580889036275,1
2246,0.701313019174845,0.7110204512966005,1
2247,0.5882302207266635,0.711414774831343,1
2248,0.5630557335372713,0.7114286280337617,1
2249,0.44309026111437766,0.7115610524497697,1
2250,0.40388292414683424,0.712209220009114,1
2251,0.6909643446854706,0.7122108446945188,1
2252,0.6806664743748101,0.7127710096040495,1
2253,0.5747118508774689,0.7129793345245223,1
2254,0.5613698695546864,0.7136533386830208,1
2255,0.6427071084010729,0.714240356270328,1
2256,0.4610173045201158,0.7142984163802193,1
2257,0.6291416117202913,0.714877410487913,1
2258,0.266603825754572,0.7149392885998885,1
2259,0.7037361235061937,0.7150057018685808,1
2260,0.5480427478609806,0.7153015797251409,1
2261,0.4795214506616081,0.7154212578772711,1
2262,0.6593572980092541,0.7154220855564205,1
2263,0.46283563625422297,0.7155898460453172,1
2264,0.5517330901692276,0.7157889511197242,1
2265,0.44792196691503106,0.7159207412055458,1
2266,0.44792539826866007,0.7160428061127933,1
2267,0.4309585034655674,0.7169541845033426,1
2268,0.6362935447062655,0.7169644427840167,1
2269,0.44219128235554495,0.7170108468843894,1
2270,0.5028567501287166,0.7170970444859088,1
2271,0.6395322897544788,0.7173175178575338,1
2272,0.4296793923564236,0.7176149521616069,1
2273,0.21229406905637382,0.7177145463127413,1
2274,0.5185770514304769,0.7178344587906657,1
2275,0.4009478437346867,0.7179378961836451,1
2276,0.4313404456793595,0.7179647289643097,1
2277,0.5011005978130095,0.7183575017201604,1
2278,0.37354489766721166,0.7189169188142347,1
2279,0.3902476926923689,0.7195056898581819,1
2280,0.566766805072988,0.7199890726242003,1
2281,0.5738176141018894,0.72032690066885,1
2282,0.5593155964983069,0.7203286345188952,1
2283,0.6284625648358119,0.7204386903963234,1
2284,0.3870071241390427,0.7205006676342519,1
2285,0.5046236252798535,0.7212685091963863,1
2286,0.6904645860929836,0.7215334668450101,1
2287,0.6901563276381677,0.7218533164370086,1
2288,0.43918289610416783,0.722370814207277,1
2289,0.5480674366915096,0.722596953694807,1
2290,0.6045291264833302,0.722947283067632,1
2291,0.4722033127779308,0.7230501567737786,1
2292,0.699856277005178,0.7230972627370107,1
2293,0.6261144991954893,0.7231220721559117,1
2294,0.5384362794923752,0.7231353305134227,1
2295,0.14881894680873664,0.7235345177167181,1
2296,0.4480813886237299,0.7238063881832365,1
2297,0.4947235594023731,0.7239354439811563,1
2298,0.6049922031992199,0.724050209756801,1
2299,0.5678528684754718,0.7240696569481325,1
2300,0.6076139968493629,0.7242657294121514,1
2301,0.5169819483771749,0.7243768592661712,1
2302,0.48105285938611275,0.7244728082687052,1
2303,0.47566276565878707,0.7244922604414453,1
2304,0.5678504129353736,0.7245499471748282,1
2305,0.5532089771365237,0.7248571616037108,1
2306,0.3951831479746235,0.7248945268131339,1
2307,0.4164410899547806,0.7249584921062618,1
2308,0.7096725560862865,0.7252823520779559,1
2309,0.5711308827996568,0.725548809709319,1
2310,0.6451762341211248,0.7259438557841326,1
2311,0.537399412875873,0.725953599031868,1
2312,0.5411742421384034,0.7263181298696164,1
2313,0.3787459191971474,0.7263268002976135,1
2314,0.7096725560862865,0.7263274447891315,1
2315,0.3655002237650984,0.7263870461795815,1
2316,0.406913595086396,0.7266309233792794,1
2317,0.7041085344704261,0.7266696522011536,1
2318,0.2864281403465536,0.7266825505571101,1
2319,0.7207499170054935,0.7269405437940971,1
2320,0.4426507164543717,0.7270245366600103,1
2321,0.6665679369454186,0.7271033803819659,1
2322,0.4206520600749628,0.7278702591785845,1
2323,0.5507594465341619,0.7279703021956818,1
2324,0.6495312836044528,0.7284132633957422,1
2325,0.46812313571529474,0.7293945406047148,1
2326,0.6682041712739472,0.7296953927597731,1
2327,0.6571381914544938,0.7298382371270458,1
2328,0.4068616656527795,0.7299042171671106,1
2329,0.43406606059611097,0.7299163232214924,1
2330,0.5374421198865658,0.7299284652597685,1
2331,0.6046683173320602,0.7301533361581054,1
2332,0.6294999810632047,0.7303435610042813,1
2333,0.4534102402087007,0.7303908971334531,1
2334,0.4818336247102093,0.7304092461646272,1
2335,0.6907796659869516,0.7305527448651744,1
2336,0.66687743732694,0.7306563068137312,1
2337,0.648043150358831,0.7306958152321819,1
2338,0.3187654737505734,0.7309072061781752,1
2339,0.5991356294954091,0.7310065782019587,1
2340,0.7074621418419909,0.7311332960507565,1
2341,0.4399222027288828,0.7312735167296839,1
2342,0.7047793750553637,0.7313283906684335,1
2343,0.2466120385393582,0.7315436341867944,1
2344,0.3332775740770211,0.7315694736695495,1
2345,0.5359237115700949,0.7322381166625351,1
2346,0.40388292414683424,0.7324092184223185,1
2347,0.6468727951561488,0.7329549751806639,1
2348,0.6139328161958814,0.7330895063482472,1
2349,0.472505293613376,0.7336535020095518,1
2350,0.4300387762511195,0.7341458404027056,1
2351,0.6595568452200958,0.7342295264876763,1
2352,0.6290231496617535,0.7342348670283448,1
2353,0.5385729132970417,0.734287103691118,1
2354,0.5340767560336781,0.7343006964880661,1
2355,0.6735486554572575,0.7344403846217386,1
2356,0.4053074739298216,0.7344875992747886,1
2357,0.2590252168600473,0.7350519898313146,1
2358,0.4937129883405218,0.735525726252509,1
2359,0.5054469287288957,0.7355312616754379,1
2360,0.5908805742437507,0.7357334056453683,1
2361,0.6867237295841202,0.7359684181279531,1
2362,0.5742003127804273,0.7360066579481591,1
2363,0.3680551567476643,0.7362724528656778,1
2364,0.237074202384982,0.7362833462794649,1
2365,0.4844682731351678,0.7368467602555134,1
2366,0.37652996070080746,0.7370399712229783,1
2367,0.6181356433346857,0.7370613735045258,1
2368,0.3295048042281973,0.7374542682154265,1
2369,0.7148354409071427,0.7374638692930932,1
2370,0.5737178209569939,0.7375603578963275,1
2371,0.700229836161937,0.7377535969561114,1
2372,0.30550262867914657,0.7378853153251376,1
2373,0.5244280014922393,0.738161717247417,1
2374,0.7117895192453357,0.7383430573012569,1
2375,0.6783965733691851,0.7385091671644055,1
2376,0.5916454016877981,0.738821342756023,1
2377,0.5234674578537523,0.7389907001632621,1
2378,0.4824851446876617,0.7394980910799772,1
2379,0.7191147707689264,0.740360483232545,1
2380,0.2701805764047249,0.7403675378370741,1
2381,0.7308051442194436,0.7410163638919891,1
2382,0.38703829242040355,0.7411148234253948,1
2383,0.4695202542411928,0.7414305948586828,1
2384,0.6906055661795851,0.7416240522462092,1
2385,0.5069563722745476,0.7416410714377115,1
2386,0.39646966746980283,0.7424389398518009,1
2387,0.5728513322417917,0.7425611377175517,1
2388,0.42358054213882723,0.7429164480359707,1
2389,0.5781692738600028,0.7432553941876553,1
2390,0.3800074147339365,0.743304026923483,1
2391,0.4048008073981657,0.7437296721718366,1
2392,0.4943317820215102,0.7439368314777244,1
2393,0.7350617138235913,0.7444884721404427,1
2394,0.47214999751548614,0.7448435006671024,1
2395,0.6471860507775242,0.7449032101100296,1
2396,0.4186610982107627,0.7452451683264719,1
2397,0.5840583179706238,0.7453605805956913,1
2398,0.7382474348050972,0.7454445498482815,1
2399,0.6876815033919759,0.7455579669518902,1
2400,0.6024275425455176,0.7460535358320888,1
2401,0.674428007119916,0.7460787816203381,1
2402,0.31834378324390655,0.7460998509498729,1
2403,0.45486144017688257,0.7471988898191587,1
2404,0.20660794143120031,0.7472479204381386,1
2405,0.6607021230921956,0.7476179990063095,1
2406,0.6233482973125748,0.7476770248187165,1
2407,0.22348556516092155,0.7478705111653934,1
2408,0.6383920383025693,0.7478751454258825,1
2409,0.4937129883405218,0.748258460453817,1
2410,0.5108440707651737,0.7485852967653612,1
2411,0.655753516470648,0.7486395998482214,1
2412,0.5001452896079479,0.748747104060854,1
2413,0.4054424591846968,0.7492121278088131,1
2414,0.6848901089975445,0.7492865166528764,1
2415,0.7004099988163619,0.7494990778938995,1
2416,0.5716262806762277,0.749635862936329,1
2417,0.3587292834932797,0.750513823012516,1
2418,0.5135160363153057,0.7505350322799721,1
2419,0.561088980071824,0.7510683867337504,1
2420,0.5865624367407478,0.7522139560152559,1
2421,0.5636044153092137,0.7526868608096889,1
2422,0.6155690781740482,0.752734667098367,1
2423,0.6433723834938146,0.7530245937272556,1
2424,0.44353101920227633,0.7532151870691556,1
2425,0.37326132277601043,0.7532394351385988,1
2426,0.5223408342496838,0.7536613002677265,1
2427,0.5902924779618995,0.7542621535360962,1
2428,0.5822841932277203,0.7544116077544509,1
2429,0.30522743654364637,0.7544468548925889,1
2430,0.40301212244387974,0.7544636565547164,1
2431,0.41345327514788277,0.7544650545474837,1
2432,0.47149437957785945,0.7549970661094754,1
2433,0.5293041038279199,0.7551701486231858,1
2434,0.5353096034760885,0.7556732927980865,1
2435,0.7040002549154957,0.7556945930338198,1
2436,0.5416621289363132,0.7561211445370917,1
2437,0.22848977010886018,0.756197688960497,1
2438,0.629022890802568,0.7562154640904544,1
2439,0.474508989181868,0.7564500319020829,1
2440,0.6295082871530683,0.7566407593299685,1
2441,0.5191849108120139,0.756920874157732,1
2442,0.561955958397893,0.7576974261698957,1
2443,0.6311846353318142,0.7577848493819923,1
2444,0.6930055369854293,0.7578060386216542,1
2445,0.6265653812215346,0.7578335072589707,1
2446,0.7036233278899952,0.7579335635675589,1
2447,0.5056729097799426,0.7580845092520164,1
2448,0.36064894543778214,0.7582260903111134,1
2449,0.47025135885024316,0.7585077616539897,1
2450,0.5830159732848365,0.7591076429167561,1
2451,0.6589247230887081,0.7593475195913861,1
2452,0.6596798750464283,0.7597380760485345,1
2453,0.7248526858839914,0.7598558353526341,1
2454,0.4933658894360182,0.7599536168897305,1
2455,0.589615219137796,0.7600248109539866,1
2456,0.5738554763666787,0.7601242429998633,1
2457,0.6842682473446261,0.7602420343924344,1
2458,0.7019000324529567,0.7602557914334732,1
2459,0.6616194460724396,0.7606252575546529,1
2460,0.619252565888222,0.7611672691175541,1
2461,0.43546023243703913,0.7613390532704484,1
2462,0.6937294990870151,0.7615281293193906,1
2463,0.698236303710411,0.7616056976669715,1
2464,0.587342756034813,0.7616900873763492,1
2465,0.515795323246231,0.7620530886260336,1
2466,0.6482978587975019,0.7624448771012367,1
2467,0.7447084319102517,0.7624923321400324,1
2468,0.6384537099669648,0.7625851017030334,1
2469,0.49575431879608556,0.7628101867993744,1
2470,0.752348107237209,0.7629487028651517,1
2471,0.2899207010625501,0.7629692433084999,1
2472,0.09408741200224635,0.7631160861004327,1
2473,0.7174609705451982,0.7634977464292786,1
2474,0.6357726196964343,0.7636863440339652,1
2475,0.4609895189408121,0.7636913885853668,1
2476,0.4927649112889615,0.7642204725423474,1
2477,0.5340207348349242,0.7642529286548999,1
2478,0.441287013085645,0.7643637321931036,1
2479,0.7505279378755598,0.7645180458807169,1
2480,0.682769212450361,0.7647677756846283,1
2481,0.6518644681411273,0.7651362224325696,1
2482,0.7430480495119082,0.765363339046433,1
2483,0.761915100776923,0.765409844993529,1
2484,0.5996585656146399,0.76574161167167,1
2485,0.7116919737307837,0.7658968094615103,1
2486,0.43258745829547074,0.7659432783467678,1
2487,0.66115122878457,0.7659599303741484,1
2488,0.535432387475087,0.7660579532276717,1
2489,0.5573522787829738,0.7662692619014763,1
2490,0.363609871694322,0.7665289878965442,1
2491,0.6562547912389537,0.7666950852793726,1
2492,0.5500344354897425,0.7667916804928302,1
2493,0.43890178293922966,0.7669839834901786,1
2494,0.7139140275404268,0.7672416057089692,1
2495,0.7097238146325963,0.7673281077035878,1
2496,0.5064652273239502,0.7673499079452137,1
2497,0.7085352109704087,0.7675315942518419,1
2498,0.7404826578838319,0.7675724423073045,1
2499,0.6719047797679697,0.7678401920766385,1
2500,0.3893007336448825,0.76785119259775,1
2501,0.5046236252798535,0.7678599261840149,1
2502,0.5121875689287173,0.767929518161387,1
2503,0.2673691161898597,0.7679369888455789,1
2504,0.47929788976763277,0.7684796381526358,1
2505,0.47390326601632815,0.7685368756455881,1
2506,0.6130276694847728,0.7685429021299832,1
2507,0.6339439514955333,0.7687339541007955,1
2508,0.4391462963395595,0.7687907536175449,1
2509,0.5382455746459875,0.7690338327797976,1
2510,0.6715628486144162,0.7691130357814162,1
2511,0.37971899421024113,0.7694757125230033,1
2512,0.6494154143208329,0.7695052246276345,1
2513,0.6890738297973045,0.7695090188397132,1
2514,0.4336717990943898,0.7695686708523368,1
2515,0.4626115944896725,0.7698073041039865,1
2516,0.33669265326701414,0.7698152705365272,1
2517,0.6198386932842518,0.7698655406116295,1
2518,0.6283364279726893,0.7702306758866803,1
2519,0.44714406032265364,0.7704615236959991,1
2520,0.5847427391003371,0.7705985404228057,1
2521,0.593848535207419,0.7708540799084804,1
2522,0.5090406074223012,0.7709925028976894,1
2523,0.7470449711380444,0.7713363113933485,1
2524,0.4848160829404389,0.7714762367361854,1
2525,0.5251624010091168,0.7715524641536055,1
2526,0.3421048901735434,0.771605793651857,1
2527,0.65673766933295,0.7717381468422221,1
2528,0.390630446245153,0.7719261309204176,1
2529,0.7146115378648661,0.772098660492301,1
2530,0.383510750248644,0.7721070332084939,1
2531,0.5947926559232026,0.77211931973751,1
2532,0.6767647880764539,0.7724685252298978,1
2533,0.534778337936335,0.7724712003407773,1
2534,0.5428749789374473,0.7724888903067811,1
2535,0.5681264302076393,0.7725469284329445,1
2536,0.7320469568784705,0.7725549704910196,1
2537,0.6211029158467071,0.7726741845501057,1
2538,0.4713831390399298,0.7730809921530573,1
2539,0.556032252048104,0.7730978724821095,1
2540,0.5360739505004998,0.7731366007878041,1
2541,0.49097452179423484,0.7733271281097877,1
2542,0.500853539458593,0.7734223142790675,1
2543,0.7609575346906244,0.7735316833924641,1
2544,0.7011844005334397,0.7736361907841369,1
2545,0.572124824279875,0.7738422061024183,1
2546,0.6730058804679896,0.7744563893119504,1
2547,0.732783245148773,0.774551152381735,1
2548,0.566766805072988,0.7750278798272756,1
2549,0.6412594583235384,0.7751410024806913,1
2550,0.5088089765623346,0.7752183908020708,1
2551,0.6777182841372689,0.7753441147288922,1
2552,0.7248217620658748,0.7756715328519579,1
2553,0.6221472721934243,0.7761280942069413,1
2554,0.6593281680302442,0.7763142704164907,1
2555,0.6505584055000222,0.7765843724240857,1
2556,0.7071448451557034,0.7769324605209356,1
2557,0.5070480318926054,0.7769979157773805,1
2558,0.6015972717462753,0.7770102752330708,1
2559,0.7485010904760627,0.7770818312879997,1
2560,0.7770544826319069,0.7771155058370934,1
2561,0.46117465298731375,0.777131457789271,1
2562,0.7417982387256157,0.7774008688451215,1
2563,0.7185874480158961,0.7776172140480212,1
2564,0.704409243500224,0.77765791941425,1
2565,0.32770536527419636,0.7778545462866692,1
2566,0.7194505909729898,0.7778909624353864,1
2567,0.4819200278528941,0.7783528829638943,1
2568,0.420037496406782,0.7783986882247191,1
2569,0.40774290555493375,0.7786975871190842,1
2570,0.6499713597047977,0.7788907093667551,1
2571,0.6923228038993905,0.7795438268054051,1
2572,0.7655420609952281,0.7796412564949634,1
2573,0.7382205516497387,0.7797358473422757,1
2574,0.3424678451313419,0.7798481845512997,1
2575,0.7011888154537623,0.7798667793910979,1
2576,0.5625209546700246,0.7800966289625557,1
2577,0.7670433509025516,0.7803117218682037,1
2578,0.6609127979139263,0.7809921015904531,1
2579,0.6327605436154247,0.7811400938595555,1
2580,0.4414727599023208,0.7815287670157356,1
2581,0.6507463782500941,0.781600604259605,1
2582,0.5980746729337144,0.7817499432408559,1
2583,0.7012428591816067,0.7817759798309469,1
2584,0.6429297618289429,0.781780900681308,1
2585,0.7475127309988373,0.7819125832474815,1
2586,0.2803992187234863,0.7819564345197167,1
2587,0.7739244615322161,0.7821718589488118,1
2588,0.372152942311768,0.7822431330717841,1
2589,0.2397918491391774,0.7827690733595686,1
2590,0.6644064239897277,0.7828010455280409,1
2591,0.47075019431120646,0.782922588190638,1
2592,0.6847127520870169,0.7830470356185586,1
2593,0.7116982710026122,0.7831075559896901,1
2594,0.4995841484357332,0.7835443205167371,1
2595,0.505317298362178,0.7840484045051384,1
2596,0.350772749133463,0.7845064282342205,1
2597,0.4844441091569621,0.7849904163187583,1
2598,0.5587132455075368,0.7851176763300871,1
2599,0.5573444692519985,0.78539491452408,1
2600,0.6119508950811855,0.7854032460463454,1
2601,0.6751822808503363,0.7856763771885765,1
2602,0.5659066813535044,0.7857289837210157,1
2603,0.5930974143778561,0.7858102136740934,1
2604,0.7666575971106261,0.7858783756438001,1
2605,0.692491848458353,0.7859450254471755,1
2606,0.743137652086977,0.7860362369472416,1
2607,0.31557905756849847,0.7861154831812841,1
2608,0.5886021579398483,0.7862323481646563,1
2609,0.7224683763088683,0.7866290512783449,1
2610,0.26041112192552207,0.7869657208004421,1
2611,0.5775677549057231,0.7875470104140657,1
2612,0.7332244751483502,0.7876803739539677,1
2613,0.658122358718124,0.7879307584850653,1
2614,0.3862592897457041,0.7880592965255797,1
2615,0.29727103194656535,0.7882027419936531,1
2616,0.5812635902119253,0.7882472557892599,1
2617,0.677368221880025,0.7883456425970731,1
2618,0.6386807804515,0.7883515671298357,1
2619,0.7608378593423533,0.7885457302819117,1
2620,0.6119508950811855,0.7888372745577837,1
2621,0.7775568772751676,0.7890521726771549,1
2622,0.5738554763666787,0.7900321728422596,1
2623,0.7049284460670167,0.7900716964775862,1
2624,0.4010253017924852,0.7901624027183313,1
2625,0.578913187524047,0.790214407959329,1
2626,0.7887037890976406,0.790230554335054,1
2627,0.6805204495812839,0.7904804874358252,1
2628,0.525437366580624,0.7905852472322323,1
2629,0.4963814544275521,0.7910433443428291,1
2630,0.6847110571800908,0.791048418576675,1
2631,0.3125579150426734,0.791128994961478,1
2632,0.7407447546262523,0.7912313635628193,1
2633,0.627038134613618,0.7913699150966544,1
2634,0.7833143820658762,0.7913778925093302,1
2635,0.6164606676874064,0.7914910086419782,1
2636,0.6746349350748275,0.7915206804488779,1
2637,0.7378136430081664,0.7917197395644257,1
2638,0.5025854388746412,0.792287268816502,1
2639,0.6180693912653791,0.7924146930224775,1
2640,0.6078949876409891,0.7925706238444263,1
2641,0.6956662137413938,0.7929354162127928,1
2642,0.6750671561889937,0.7931655514704459,1
2643,0.6337226372437232,0.7933541653100586,1
2644,0.6352918422639551,0.793369217548021,1
2645,0.6203530762617349,0.7937306156266734,1
2646,0.6302818199106834,0.7939846523042895,1
2647,0.6104981387689521,0.7940933922283291,1
2648,0.6553557379432811,0.7941309558427804,1
2649,0.779050977153896,0.7941880315330427,1
2650,0.6502944256643123,0.7942438629540568,1
2651,0.7533065336626307,0.7944017829498236,1
2652,0.6212722170625918,0.7944838576577772,1
2653,0.7074767443067311,0.7945563558538682,1
2654,0.5291196868694426,0.7947233991951139,1
2655,0.686661531997665,0.79478874524532,1
2656,0.562217276275417,0.7947972912261297,1
2657,0.7033006699834959,0.7949793122601415,1
2658,0.7148149967878903,0.7955752958763745,1
2659,0.7568101995846136,0.7960517273143627,1
2660,0.6520707980934073,0.7963242441371085,1
2661,0.5994624914595372,0.796400397008773,1
2662,0.43761305411064344,0.7964035864114921,1
2663,0.5247767392643564,0.7965202933225032,1
2664,0.4101505648073721,0.7967126791369412,1
2665,0.7937963211357394,0.7968232882073162,1
2666,0.6809117989887996,0.7970780301111963,1
2667,0.6353778225662609,0.7971269275042422,1
2668,0.523744188261708,0.7971810676884239,1
2669,0.7847627870193777,0.7972252757551628,1
2670,0.6303739655132481,0.7972565714422385,1
2671,0.6282769187093944,0.7973122237001126,1
2672,0.4261494487374359,0.797322599783694,1
2673,0.5814205918930357,0.7975742833088579,1
2674,0.3894737390720059,0.7976734710949887,1
2675,0.5987365383303284,0.7977070818514305,1
2676,0.4177388153815782,0.7980084410869133,1
2677,0.7663484705639212,0.7981093594156179,1
2678,0.34227790979143213,0.7983408125095572,1
2679,0.7976146135795504,0.7984300064915266,1
2680,0.7260518922424096,0.7984443601462915,1
2681,0.33321840881227516,0.7985187126576448,1
2682,0.6982665216426948,0.7987074997767104,1
2683,0.5050143417966751,0.799516396610138,1
2684,0.6967838286031697,0.7996914052149161,1
2685,0.6573014992673918,0.8000751557647691,1
2686,0.562139894503799,0.8002210407301844,1
2687,0.5884015792020164,0.8006775735696535,1
2688,0.6277979808970157,0.8007180829708471,1
2689,0.5044613078890475,0.8007479314162737,1
2690,0.48625502732488446,0.8009680387513228,1
2691,0.7174421627685943,0.8010562829478219,1
2692,0.6038503715673249,0.8011072507299185,1
2693,0.655780209724472,0.8011674153451395,1
2694,0.5841729059037369,0.8013245853586538,1
2695,0.6502328808473845,0.8013342215122569,1
2696,0.6598998531594327,0.8013916716948158,1
2697,0.48843569499491835,0.8014070777764118,1
2698,0.7019367101620545,0.8016128843674654,1
2699,0.6171228018146374,0.8016578987272187,1
2700,0.581826034955088,0.8019004314311694,1
2701,0.6078949876409891,0.8024333043012581,1
2702,0.44436526320402325,0.8024883420816447,1
2703,0.7613175756426884,0.8025097340397269,1
2704,0.46132731854065057,0.8025423602066667,1
2705,0.5785691217100989,0.8028905842709553,1
2706,0.7470611515210774,0.8029768448924255,1
2707,0.6676918242562211,0.8032166244329881,1
2708,0.7242380499947275,0.8034452450526778,1
2709,0.3671416322087482,0.8035554930504115,1
2710,0.7531759783108705,0.8036478752458265,1
2711,0.4162879380078853,0.8036881093191746,1
2712,0.7503877425873511,0.8037493760132851,1
2713,0.7333115350782992,0.8037518435520727,1
2714,0.7174679626626841,0.803851776158583,1
2715,0.7612727331090542,0.8039304460613812,1
2716,0.4505175159816679,0.8040016539200148,1
2717,0.7812778499368846,0.8044182289057751,1
2718,0.46226968995994233,0.8044307625673195,1
2719,0.602481407054815,0.8044378768483927,1
2720,0.4223562587520939,0.8044578677348245,1
2721,0.6341436713417059,0.8044705805931556,1
2722,0.6494154143208329,0.804496361675172,1
2723,0.66426480702499,0.8045991463156765,1
2724,0.7821824823518533,0.8046672654248271,1
2725,0.38586136014849426,0.8047712303721353,1
2726,0.6132022411060208,0.8051820229572828,1
2727,0.49955860531514384,0.8054872016066915,1
2728,0.8022135299218148,0.8057525979848906,1
2729,0.5961524899714866,0.8058603033066677,1
2730,0.6903279299532842,0.805897163371346,1
2731,0.6554032997989793,0.806132284619762,1
2732,0.7517762749680688,0.8063732754201811,1
2733,0.6347397901622784,0.807413476367184,1
2734,0.5169789276748584,0.8075255676271069,1
2735,0.41003743821370175,0.8075681926709903,1
2736,0.7806432679705224,0.8076103293317423,1
2737,0.3618244791865266,0.8077375259519614,1
2738,0.668131335226691,0.8079392486656589,1
2739,0.46329221525852393,0.8081776097976077,1
2740,0.8022926427391973,0.8084028272930899,1
2741,0.5730566832278536,0.8084083543539665,1
2742,0.537839086811693,0.8084123732762669,1
2743,0.5420554360100196,0.8084680121029594,1
2744,0.676775035404784,0.8089243780518588,1
2745,0.37623333677087933,0.8091417740880686,1
2746,0.62498365283906,0.8092092975844365,1
2747,0.6453294972689655,0.8093041059923523,1
2748,0.5935421554297109,0.8095443323388397,1
2749,0.5213616416956842,0.8095478620479026,1
2750,0.7975382842863732,0.8095794396346507,1
2751,0.6640971271344462,0.809671783780163,1
2752,0.4452407086862441,0.8098374222360136,1
2753,0.659884656982125,0.8098948608633739,1
2754,0.3680501666241315,0.8099761344139786,1
2755,0.5546384381536028,0.8102644826877985,1
2756,0.7888969919223052,0.8107643990294817,1
2757,0.6571381914544938,0.8107758530228693,1
2758,0.3548455316361637,0.810801014088066,1
2759,0.801752680399635,0.810873145965414,1
2760,0.7955527179703351,0.8109919693874712,1
2761,0.7842903969450473,0.8109963009814168,1
2762,0.6001628680560481,0.8110557006908076,1
2763,0.6772699094221187,0.8110579140385531,1
2764,0.8030305116019409,0.8112916216054457,1
2765,0.6252989659522226,0.8119982117766557,1
2766,0.671927527540439,0.812263191127524,1
2767,0.1642075945486804,0.8123029789587121,1
2768,0.8054052936996403,0.8124322363705052,1
2769,0.6701696227383331,0.8124625611466829,1
2770,0.6897845822564354,0.812527998290158,1
2771,0.561088980071824,0.8126487130902261,1
2772,0.4660991192036543,0.812792591662569,1
2773,0.6805909239058563,0.8131171265472285,1
2774,0.5779079948661632,0.8131876270622647,1
2775,0.5581546362520345,0.8135039648268924,1
2776,0.7655819241171887,0.8135730514971807,1
2777,0.6298539663445809,0.8136308334613226,1
2778,0.6153072012591708,0.8136619924525575,1
2779,0.24610713682820484,0.8136829124589477,1
2780,0.6925895665198797,0.8137137859482652,1
2781,0.6470998016326989,0.8140066284871504,1
2782,0.46776989150646353,0.8140104874093795,1
2783,0.5486067967502567,0.8140653414744179,1
2784,0.554867710407964,0.8140722925740344,1
2785,0.6486571318850036,0.8141096986641079,1
2786,0.27326536710931304,0.8141103886037953,1
2787,0.6964612541314339,0.814182011938874,1
2788,0.5884015792020164,0.8146008402430218,1
2789,0.6239462032857729,0.8147175619703606,1
2790,0.5880957812580195,0.8148317855938508,1
2791,0.500116190322721,0.8151677993740982,1
2792,0.5360739505004998,0.8152356099222906,1
2793,0.44562020579014594,0.8152411959580889,1
2794,0.6409208523000852,0.8153303891997505,1
2795,0.7805127805321175,0.8154394665331312,1
2796,0.7859303315863287,0.8158658465201727,1
2797,0.5687974969011264,0.8159679126931938,1
2798,0.5069563722745476,0.8159782868112977,1
2799,0.5102828761592708,0.8160192038661295,1
2800,0.5535388509532458,0.8160224521871634,1
2801,0.2489848987899672,0.8161107025494717,1
2802,0.499482533317009,0.8162334133505991,1
2803,0.4727381378500938,0.8166443001344337,1
2804,0.5240341250029793,0.8166628546639674,1
2805,0.6473761512560036,0.8171542389995998,1
2806,0.5203273129034368,0.8171783406916829,1
2807,0.5361238048812303,0.8173825099266213,1
2808,0.5533466851625614,0.8175528506301133,1
2809,0.5808151325604252,0.8175799515733665,1
2810,0.4956644621356677,0.8178878686232138,1
2811,0.6648774081386848,0.8181995401439999,1
2812,0.5535388509532458,0.8182393994586801,1
2813,0.6857225397658722,0.818316181274666,1
2814,0.710179721772957,0.8184088496662156,1
2815,0.6310788341674952,0.8185780519384361,1
2816,0.4051435719028047,0.8185961554153292,1
2817,0.7425357411648685,0.818630213567814,1
2818,0.44294460762391885,0.8186975100569228,1
2819,0.6222543270832872,0.8187129749788327,1
2820,0.45353767900425035,0.8188511610504096,1
2821,0.7362416256459232,0.8188804426205921,1
2822,0.5157026330536004,0.8189709521943753,1
2823,0.5170140280998387,0.8190499027262965,1
2824,0.6802551639590674,0.81914858994048,1
2825,0.7604565005703778,0.8193477956353576,1
2826,0.5658023092626628,0.8195843575323322,1
2827,0.6492762364148427,0.8195902329412437,1
2828,0.6946835153282098,0.8195954355915174,1
2829,0.5898278177428329,0.8196157289289068,1
2830,0.3332775740770211,0.8199462186442579,1
2831,0.7092512760717786,0.8201068161424008,1
2832,0.49934090733637393,0.820573073472501,1
2833,0.7700694122249203,0.8206125741739754,1
2834,0.7139140275404268,0.8206354468290198,1
2835,0.46937406509064894,0.8206735172640229,1
2836,0.5728177050282615,0.8208940147454188,1
2837,0.7926184488762493,0.8209943006154006,1
2838,0.7291410898801661,0.821260055528931,1
2839,0.5765203718319376,0.8214287314712954,1
2840,0.5899184892125593,0.8215967959744427,1
2841,0.417800761207608,0.8216020428541562,1
2842,0.403469366380549,0.821758398799307,1
2843,0.49753085277905096,0.8217939189940116,1
2844,0.49347423764597775,0.8218491280606668,1
2845,0.7153994009757858,0.8218646373943466,1
2846,0.5549286244512021,0.8219814596102497,1
2847,0.6822211995626162,0.8220437111957816,1
2848,0.5593782506112819,0.8220971578278539,1
2849,0.7430480495119082,0.8221289835715669,1
2850,0.7009530257774196,0.8221374233825752,1
2851,0.356711874352853,0.8223295035735924,1
2852,0.5169534604210382,0.8224734850360095,1
2853,0.578041524643205,0.8226599553315289,1
2854,0.6616453810932295,0.8226964370145338,1
2855,0.7631088578529572,0.8227705376846828,1
2856,0.4465061504211013,0.8228221572450082,1
2857,0.46937406509064894,0.8230364873550531,1
2858,0.6029940108310865,0.8233881309839408,1
2859,0.7280741540448075,0.823416874559264,1
2860,0.7797270908342578,0.8234810757740739,1
2861,0.49353173291995944,0.8235187329426751,1
2862,0.5659493500186678,0.82370606862243,1
2863,0.44410077617452115,0.8239206786485217,1
2864,0.6293116297838889,0.8242619158780111,1
2865,0.743137652086977,0.8243971351190463,1
2866,0.8137096192790779,0.824424203786998,1
2867,0.5381414297548714,0.8244905808870325,1
2868,0.7262110965055794,0.8247363479765646,1
2869,0.7418059022928682,0.8247457030374179,1
2870,0.6867442570758624,0.8247989148072175,1
2871,0.7279471781790117,0.8250222673166587,1
2872,0.4183508998797393,0.8251046804847069,1
2873,0.5348620521824481,0.8251323239342473,1
2874,0.47214999751548614,0.8252981117893082,1
2875,0.7776970343448364,0.825314267296416,1
2876,0.3107422314263135,0.8253818950050995,1
2877,0.5920806587236612,0.8253937633464995,1
2878,0.7437947231119695,0.8256194594518095,1
2879,0.5135792048359282,0.8257152813910195,1
2880,0.47335531051421575,0.8258313565877353,1
2881,0.6065425667504379,0.8259132312406593,1
2882,0.6007059858619952,0.8259785525036122,1
2883,0.4722033127779308,0.8260280442120441,1
2884,0.4967150617807944,0.826066008173556,1
2885,0.7655819241171887,0.8261419635209728,1
2886,0.6375216083834633,0.8262204399771148,1
2887,0.7894061624856585,0.8262593994230774,1
2888,0.4001557309640785,0.8262686320289139,1
2889,0.5617512338958602,0.8262724213006624,1
2890,0.7054952996241702,0.8265968073174869,1
2891,0.45439842383849505,0.8269015828924902,1
2892,0.7798527646764182,0.8269788232641984,1
2893,0.6155129545433309,0.8270117089943598,1
2894,0.58604628981951,0.8270376780778033,1
2895,0.6616074063545792,0.8270719038424473,1
2896,0.6363627559751265,0.8272027169586404,1
2897,0.7512878012131285,0.8273951423640956,1
2898,0.36831314586836994,0.8274640384009155,1
2899,0.322629673043341,0.8275114789846976,1
2900,0.5780401738803185,0.8276069120105012,1
2901,0.6456204065165277,0.8278215847930361,1
2902,0.7122436002614152,0.8279420447385851,1
2903,0.8027597510465555,0.8279653621667876,1
2904,0.720098530866072,0.8279739933352999,1
2905,0.7184765841879113,0.8280691461226819,1
2906,0.558869476830271,0.828112356441819,1
2907,0.6960346339909165,0.8282310460464166,1
2908,0.49403495724546365,0.8282363630899676,1
2909,0.4959520132861427,0.8282393897858321,1
2910,0.5174998084468593,0.8284232842112209,1
2911,0.7740847934060399,0.8285379049553925,1
2912,0.7761266420265072,0.8285565904475773,1
2913,0.8170322459711986,0.828561511019971,1
2914,0.7631948375155335,0.8286292182894077,1
2915,0.39960161767791114,0.8287866017777888,1
2916,0.809702498627374,0.8290527109108445,1
2917,0.7642804575326485,0.8291982005246756,1
2918,0.3581437431229385,0.8293018379624315,1
2919,0.5474031489400185,0.8293764957364189,1
2920,0.6238494994296853,0.8294369835631171,1
2921,0.6623147864578837,0.8294680603186817,1
2922,0.5306632120171475,0.8294770280247217,1
2923,0.14878089630221025,0.8295123980781332,1
2924,0.7765054999541721,0.8295993165474748,1
2925,0.7324524668532209,0.8298544351591552,1
2926,0.5473697732478615,0.8298947176895655,1
2927,0.5865624367407478,0.8299487045473769,1
2928,0.6855027850326798,0.829981729799396,1
2929,0.4805867263210387,0.8300542351671614,1
2930,0.5781692738600028,0.8300812681965595,1
2931,0.6059877771075955,0.8301496039987148,1
2932,0.7656291925127958,0.8303923520915945,1
2933,0.740704204729436,0.8304875779428723,1
2934,0.5399455839587859,0.8306290367477385,1
2935,0.26272735007323456,0.8306713093813087,1
2936,0.43728524099725985,0.8307935260618105,1
2937,0.46848580708115206,0.8310336264188984,1
2938,0.8080722340673182,0.8310521155754629,1
2939,0.6260637682500736,0.8313232670819647,1
2940,0.6347377231829882,0.8313562375165516,1
2941,0.6117339609007935,0.8314659482270894,1
2942,0.523679116230019,0.831574868559192,1
2943,0.7431599992240928,0.8316007108918283,1
2944,0.7383952811067709,0.8317318106478809,1
2945,0.7429854635692823,0.8317789288201141,1
2946,0.37594935458024736,0.8319187431063958,1
2947,0.47942152107899394,0.8321456674180944,1
2948,0.5402557391810996,0.8321570289453277,1
2949,0.5322786646725739,0.8323933830564366,1
2950,0.5569191944244618,0.8324150968085196,1
2951,0.6866788811051765,0.8325657032229504,1
2952,0.7536782915992386,0.8330515754635556,1
2953,0.509043071100234,0.8331949968704974,1
2954,0.655418117361822,0.8332577195292291,1
2955,0.363718496430405,0.833508931182052,1
2956,0.44444394478927984,0.8337186067315058,1
2957,0.5159477185955129,0.833756589682416,1
2958,0.34018318010813386,0.8338548615209591,1
2959,0.5207264760889376,0.833978776282493,1
2960,0.648043150358831,0.8340059734955243,1
2961,0.4481741303470922,0.8344325945514909,1
2962,0.6609127979139263,0.8345132089597347,1
2963,0.7977718675736346,0.834536298764283,1
2964,0.602962325252909,0.8347223078537136,1
2965,0.7514750055199909,0.8347433123557413,1
2966,0.5562752305094569,0.8347952107708178,1
2967,0.7399542660987328,0.8348302290169297,1
2968,0.6115703627924479,0.8349113444014743,1
2969,0.7849349142676083,0.8349134712129502,1
2970,0.7626007053754744,0.8350124419211361,1
2971,0.7183345835485718,0.8353897344468533,1
2972,0.7629895326708147,0.8354140838027583,1
2973,0.6061884659560952,0.8356684808273246,1
2974,0.3839484550696787,0.8359746181315144,1
2975,0.46544499984109877,0.8368312415293333,1
2976,0.7005523040971664,0.8369166163839816,1
2977,0.8254918234126603,0.836963688161223,1
2978,0.730962546423513,0.8369648281737435,1
2979,0.5288142822522037,0.8371509057924132,1
2980,0.5687877361048647,0.8371520450059476,1
2981,0.6630863170428786,0.8375542643176203,1
2982,0.660920541147223,0.837783349742574,1
2983,0.6159402636826242,0.8378181961927589,1
2984,0.5911987095057323,0.8379829353559831,1
2985,0.5671245058565478,0.8384646207576802,1
2986,0.47250100028759245,0.8385107069221479,1
2987,0.2544363978543339,0.8385502936777942,1
2988,0.47744216630750647,0.838554509594996,1
2989,0.6865377908208622,0.8388195356293127,1
2990,0.40828801401192516,0.8389093250510767,1
2991,0.44449499373121426,0.838929313773372,1
2992,0.7475342817764985,0.8389362168063199,1
2993,0.34581494179227446,0.839025202717331,1
2994,0.3792246013685835,0.8391026543167394,1
2995,0.7717827906794057,0.8392382895497565,1
2996,0.7074767443067311,0.8392407724960141,1
2997,0.42642510553964874,0.8392658507057021,1
2998,0.6588368836416049,0.8393588328816683,1
2999,0.7063586726803857,0.8394636266505775,1
3000,0.6682768656719229,0.8397694830668571,1
3001,0.6826719811434283,0.8397823341307321,1
3002,0.6999188271692856,0.8399578792025693,1
3003,0.7218786676385213,0.8399888170520583,1
3004,0.5408423625088811,0.8400337449685794,1
3005,0.6047233104645378,0.8402376702466986,1
3006,0.779977696763948,0.8405990890985706,1
3007,0.7526886398240754,0.840676535598217,1
3008,0.6288605036312073,0.840786880861725,1
3009,0.6109347953909944,0.8407899381353925,1
3010,0.36085391903920117,0.8408126464722413,1
3011,0.46494243495032683,0.84082392725082,1
3012,0.805240039627029,0.8408934556825736,1
3013,0.4177817725630174,0.8410399121758317,1
3014,0.37945859951157646,0.8410836885621559,1
3015,0.6371733385401774,0.8411024933131719,1
3016,0.3681171632077155,0.8411188191683155,1
3017,0.8194621060672469,0.8414004926508186,1
3018,0.6553815377968748,0.8415750920235493,1
3019,0.711683397035562,0.8416083901748788,1
3020,0.42059999550150984,0.8417585372675362,1
3021,0.6807683192999124,0.842091367576837,1
3022,0.09546604056830588,0.8422400963902805,1
3023,0.7519822242880658,0.8425843820259047,1
3024,0.303306263948121,0.8426535984557044,1
3025,0.8314708650104322,0.8427945709726655,1
3026,0.6477994320875419,0.8428099282371763,1
3027,0.4047437233468142,0.8428194459075803,1
3028,0.6059877771075955,0.8428293622550624,1
3029,0.660460127569784,0.8431403593061233,1
3030,0.7210435644524232,0.8433348625441001,1
3031,0.7829083509153216,0.8437178237929277,1
3032,0.6156253280257279,0.8440768279973666,1
3033,0.6731733930188383,0.84412737422261,1
3034,0.8404843374502756,0.8444410054782608,1
3035,0.3098014663669989,0.8445237055687543,1
3036,0.426150697833665,0.84454816822518,1
3037,0.8197078019196421,0.8446591940720055,1
3038,0.39557448341462575,0.8447179495009697,1
3039,0.508550758511358,0.8448632402985199,1
3040,0.3449884783454201,0.8450396113775257,1
3041,0.8422498498088329,0.8451190008626133,1
3042,0.5852286042766045,0.8452671570312884,1
3043,0.5075538656516596,0.8453484995190393,1
3044,0.6406689738755715,0.8454241021679495,1
3045,0.6188986619860347,0.8455940564731175,1
3046,0.6954363313336099,0.8455961948757531,1
3047,0.2255132756968743,0.8456530010792798,1
3048,0.28825489882375654,0.84578178037148,1
3049,0.80452746431975,0.8458968736480329,1
3050,0.6130276694847728,0.8460519814961507,1
3051,0.41103803172584796,0.8461006062468787,1
3052,0.6347174951951331,0.8463449780921334,1
3053,0.5996585656146399,0.8463492015394811,1
3054,0.682838866169097,0.8464520122683011,1
3055,0.650177135393152,0.8465369502486151,1
3056,0.6650457183561419,0.8466402494808637,1
3057,0.5431171809250832,0.846690042347253,1
3058,0.47193964890974704,0.846852311246181,1
3059,0.49327624710908136,0.8469510666740504,1
3060,0.5643865044868503,0.847146451994169,1
3061,0.7189464988954672,0.8471724003027079,1
3062,0.48843569499491835,0.8471881690824903,1
3063,0.215157260658142,0.8472309294471331,1
3064,0.5904125943385207,0.8475533921420225,1
3065,0.8214992742954215,0.8475983676322707,1
3066,0.41826509865929884,0.847671832902859,1
3067,0.481642311395188,0.8477610122732778,1
3068,0.2584714800682839,0.8478853953232502,1
3069,0.6636747917444624,0.8480724537120814,1
3070,0.7097978070053741,0.8481151599589556,1
3071,0.8018144301841897,0.8483882252278605,1
3072,0.6531033713252847,0.8484031323264676,1
3073,0.6491680678249304,0.8486321581458639,1
3074,0.676887760926598,0.8486816137320939,1
3075,0.426356175654212,0.8487898900585565,1
3076,0.13963843955603672,0.8488446994121405,1
3077,0.6152009891797459,0.8490329011203784,1
3078,0.554678122069627,0.8493265856805381,1
3079,0.6392524094320746,0.8495320701344364,1
3080,0.5498036803305641,0.8495597127199839,1
3081,0.5125624270861429,0.8495841753144318,1
3082,0.768944561780303,0.8496659873542273,1
3083,0.529463650628365,0.8498420946541742,1
3084,0.7735098889648073,0.8499302389620741,1
3085,0.7119768361349458,0.8499973655318181,1
3086,0.3083247633585038,0.8501776045023246,1
3087,0.6604504634673218,0.8502103094150336,1
3088,0.37428912450303753,0.8503190567811763,1
3089,0.8344686733638876,0.850344601852284,1
3090,0.5093104541156184,0.8504281196250045,1
3091,0.5949307460919806,0.8504909851248649,1
3092,0.7753215485062741,0.8506733506939894,1
3093,0.6104935408438246,0.850831520265282,1
3094,0.761271301470795,0.8509916536572039,1
3095,0.5016406135212031,0.8510223709648214,1
3096,0.7151757052511281,0.8511012020562915,1
3097,0.8097789536702816,0.8511245353221846,1
3098,0.8098668101010079,0.8511806534384199,1
3099,0.7070685583508368,0.8514130210018022,1
3100,0.7442401728895381,0.8514228720746023,1
3101,0.802975021637199,0.8514979039801912,1
3102,0.49669355674652016,0.8515299366850684,1
3103,0.6840900879960832,0.851865277036519,1
3104,0.5872789604477066,0.8519662005360708,1
3105,0.112524000981851,0.8520687833658201,1
3106,0.7890623418893431,0.852182235269995,1
3107,0.33528815423500136,0.8522862167389343,1
3108,0.7932064610794717,0.852294305214428,1
3109,0.5805758360644154,0.8527663503075964,1
3110,0.7605966188323511,0.8527947406046609,1
3111,0.4253701766962392,0.8531047388426121,1
3112,0.3399598674608071,0.8531152653571364,1
3113,0.3780780634116896,0.8532567872959966,1
3114,0.48084401256788045,0.8533482464851515,1
3115,0.6323313042846425,0.8533521194182668,1
3116,0.5632672379330879,0.8536884520248965,1
3117,0.6151353643666876,0.8537340891662692,1
3118,0.596106377386609,0.8537454266984479,1
3119,0.6192163250012169,0.8538202382887112,1
3120,0.4173816702398423,0.8538281178273307,1
3121,0.7433110838042954,0.8538831636304619,1
3122,0.6996227636910638,0.8541099260366376,1
3123,0.7149453796480344,0.8542051227792721,1
3124,0.515793968203503,0.8546497583046253,1
3125,0.5978535770754182,0.8548846359106295,1
3126,0.5198382005007296,0.8549084632318529,1
3127,0.5535232255585162,0.8550263379427208,1
3128,0.6732974293787214,0.8551924627665788,1
3129,0.5804634191183975,0.8553026242868389,1
3130,0.41556875333658494,0.8555484281727095,1
3131,0.38456616809108424,0.8558083153830961,1
3132,0.5666344841525237,0.856097597383718,1
3133,0.8534019088119466,0.8564154033108957,1
3134,0.7544722448708578,0.8564257505521607,1
3135,0.565805580106551,0.856429879068983,1
3136,0.7290054603245847,0.8565752391921428,1
3137,0.6850845250775214,0.8565958571440041,1
3138,0.38565175998273293,0.856643216817053,1
3139,0.5230626331151275,0.8567042644821584,1
3140,0.6573014992673918,0.8568167896745336,1
3141,0.3224414689938768,0.8568593351451248,1
3142,0.5740232908209734,0.8569387480162255,1
3143,0.8129378172327166,0.8569812567541789,1
3144,0.5356481550247677,0.8571612281436557,1
3145,0.7395394985476255,0.8572072093371427,1
3146,0.5585657152742962,0.8573130779603783,1
3147,0.5700985091065411,0.8574500831361255,1
3148,0.5558689766793897,0.857462831193743,1
3149,0.4040602666098895,0.8575754812869524,1
3150,0.5234674578537523,0.8576691665721871,1
3151,0.44763477834249854,0.8578020267827502,1
3152,0.6303934280701089,0.8578843652212017,1
3153,0.7070213968875699,0.8579339001798184,1
3154,0.36672984249216567,0.85800453981981,1
3155,0.7775568772751676,0.8580478004866606,1
3156,0.5789629514768875,0.8584317342443022,1
3157,0.716411704760895,0.8585005119787993,1
3158,0.8300797354131199,0.8585063135396626,1
3159,0.7132206274765049,0.8585274276914238,1
3160,0.5641085312416854,0.858590161860516,1
3161,0.6824608500790267,0.8586772660127135,1
3162,0.6057886901745705,0.8587282808141893,1
3163,0.6130056687869351,0.8587746167698501,1
3164,0.710190822746746,0.8590541176810849,1
3165,0.43975906944797083,0.8590556228951396,1
3166,0.6302467962571557,0.8591960264765588,1
3167,0.4421866409433425,0.8592467103049343,1
3168,0.372152942311768,0.8594465138863346,1
3169,0.5677850462545257,0.8595531278509912,1
3170,0.8466355159840935,0.8596129645725359,1
3171,0.5490809744047875,0.8596863681754887,1
3172,0.7417982387256157,0.8597917832882704,1
3173,0.46523406188239336,0.8598711884814464,1
3174,0.6470998016326989,0.8601834349114263,1
3175,0.6094365418285563,0.860344245761258,1
3176,0.7896175130464503,0.8603648982722015,1
3177,0.529515717736094,0.8603860495522522,1
3178,0.42125415401594946,0.8603929351387262,1
3179,0.7168475599395054,0.8604529835604537,1
3180,0.5389360733385489,0.8604582141780146,1
3181,0.6455303758473524,0.8606214695506954,1
3182,0.5322575703056813,0.8607145580827043,1
3183,0.26041112192552207,0.8607471846787517,1
3184,0.36353610436830996,0.8608830499430706,1
3185,0.8565893184576022,0.8608984512788398,1
3186,0.8431514139018375,0.8609252300502229,1
3187,0.7644885629729418,0.8609445931386047,1
3188,0.6227652566836437,0.8610055363809438,1
3189,0.5573444692519985,0.8610299208525253,1
3190,0.39904135319291334,0.8611264728695449,1
3191,0.3060743633175945,0.8613998729975627,1
3192,0.3113266445806394,0.8614719692672411,1
3193,0.7762734843808788,0.8614747136594033,1
3194,0.5227734623765726,0.8616245487453845,1
3195,0.4977052578606983,0.8618430831853836,1
3196,0.8495884246670673,0.8618555630973451,1
3197,0.8089020976637168,0.862036249423096,1
3198,0.27385398381126624,0.8620596065701013,1
3199,0.5186607738798129,0.8621539024254498,1
3200,0.28476558099606886,0.8622389137254023,1
3201,0.4423085814820259,0.8625990569645016,1
3202,0.5371882862775603,0.8626703920519581,1
3203,0.8014015756601935,0.8627194178756488,1
3204,0.6491680678249304,0.8629144199225848,1
3205,0.5948635575675495,0.8629382221061367,1
3206,0.37193394625525145,0.863173513614514,1
3207,0.491396321350693,0.863240032472133,1
3208,0.612460731022725,0.8633458732422931,1
3209,0.781124187975461,0.8635494466505605,1
3210,0.7374869231182494,0.8635606186167919,1
3211,0.8175896847824274,0.8641969772204922,1
3212,0.3629248458722295,0.8645176663024312,1
3213,0.8466355159840935,0.8645442987029204,1
3214,0.7437947231119695,0.8645507026094142,1
3215,0.461389782958163,0.8645893593976729,1
3216,0.7967786521880119,0.8646838006771068,1
3217,0.4127620762997819,0.8650858458690707,1
3218,0.5234674578537523,0.8651549082550104,1
3219,0.6850146585056468,0.8651691775645898,1
3220,0.6033617799812109,0.8652561314127426,1
3221,0.5459996427254389,0.8652942281614596,1
3222,0.7252814892754746,0.8654906586494656,1
3223,0.5939229496134535,0.8660397354760528,1
3224,0.48896954624496547,0.8661708882544568,1
3225,0.3777537171786224,0.8662694909864279,1
3226,0.40162660965152475,0.866342251845089,1
3227,0.7874610519741468,0.8663712941324619,1
3228,0.8340800303690001,0.8665609418794022,1
3229,0.7180993114115996,0.8666565393058718,1
3230,0.8326537891497264,0.8666709454865568,1
3231,0.42189520555727844,0.866782371583253,1
3232,0.3868436212823728,0.8668628314995533,1
3233,0.7304339608343597,0.8669393934779117,1
3234,0.4179339790547758,0.8671677418723147,1
3235,0.848446191209167,0.8674590488771706,1
3236,0.7906357672732001,0.8675254985109152,1
3237,0.6005310649119777,0.8677189451328932,1
3238,0.7685558759354318,0.8677352514971189,1
3239,0.7758799756105349,0.8677413752996233,1
3240,0.6708658336842465,0.8682029564879928,1
3241,0.7956255835748801,0.8682757715663083,1
3242,0.8441465793661972,0.8682926623621108,1
3243,0.39955804959331953,0.8684015159403871,1
3244,0.641288674783364,0.8685441415154976,1
3245,0.49226893902997415,0.8685527491820706,1
3246,0.7271351341940177,0.8686685128673859,1
3247,0.5411323983755266,0.8689283172633594,1
3248,0.7424639575036632,0.8690243886470543,1
3249,0.6730141510710419,0.869151648040353,1
3250,0.8019187408933897,0.869167399890485,1
3251,0.5875113609134914,0.8692162429803622,1
3252,0.6558492985067934,0.869275177714166,1
3253,0.5787415946648741,0.8693913966435469,1
3254,0.5941220686006773,0.8695261470642265,1
3255,0.46330201909414204,0.8696233175480869,1
3256,0.5619372741275661,0.8700600670994094,1
3257,0.7001206292454486,0.8701579067948242,1
3258,0.6957537534827004,0.8702586165480305,1
3259,0.8170322459711986,0.8703052420425477,1
3260,0.7012707232889791,0.8705380167727834,1
3261,0.6350879815390437,0.8705400718339104,1
3262,0.6646398709597419,0.870674561635747,1
3263,0.7665171961615663,0.8708099170106874,1
3264,0.7466957840650669,0.870837973023568,1
3265,0.5846202500507205,0.8708550156514602,1
3266,0.7376185448044958,0.8709925489919882,1
3267,0.6979543160138446,0.8711073252001841,1
3268,0.7218146155840622,0.8715052681313484,1
3269,0.8211409504646681,0.8715060590864715,1
3270,0.7012260739450744,0.8718199581197279,1
3271,0.6104935408438246,0.8719289584915211,1
3272,0.6355223629516952,0.8719369302133203,1
3273,0.6160059130906326,0.8721077462983842,1
3274,0.799463917457769,0.8721164560664089,1
3275,0.5916454016877981,0.8722725531160104,1
3276,0.5676161376333212,0.8723218786369092,1
3277,0.472505293613376,0.8723365344521442,1
3278,0.6257258429001609,0.872339823246884,1
3279,0.5632081519277896,0.8723608938485974,1
3280,0.6095794109114893,0.8724966589913241,1
3281,0.27751244674445985,0.8726957652759105,1
3282,0.7794942730961426,0.8727579639524479,1
3283,0.7651584354686947,0.8729903845753563,1
3284,0.8037906442686165,0.8730944203104473,1
3285,0.547475632546145,0.8731357814779293,1
3286,0.51557928500492,0.8732118096109889,1
3287,0.656450081140239,0.8735638477752985,1
3288,0.4871917618400826,0.8735945822878084,1
3289,0.8300820665016009,0.8738018410935191,1
3290,0.5830504376525613,0.8741489568170523,1
3291,0.6051945803944714,0.8742949620970994,1
3292,0.41325836500174185,0.8743285793669819,1
3293,0.5173843736374344,0.8744745625564748,1
3294,0.8269050285005434,0.8745175433034647,1
3295,0.8368274402916348,0.8746209430236163,1
3296,0.43584960112725735,0.874622414160017,1
3297,0.7146249757554766,0.8746418670536543,1
3298,0.6236184551896974,0.8746437570621088,1
3299,0.7486602376519776,0.8748325529904311,1
3300,0.2509222828630251,0.8749013472612854,1
3301,0.545451614717003,0.8754143710976563,1
3302,0.745813830083572,0.8757008247924197,1
3303,0.8551677017159833,0.8757110636468729,1
3304,0.44927074718240456,0.8757991757947166,1
3305,0.7304901728483731,0.8758074997589653,1
3306,0.8225473426231247,0.8760024339795851,1
3307,0.7524882370786667,0.876017831243508,1
3308,0.5629464944237976,0.8763707128261378,1
3309,0.7200237029989324,0.8764138039774091,1
3310,0.7417982387256157,0.8766393125262448,1
3311,0.5668646627630861,0.8769561342199362,1
3312,0.8262229626813912,0.8769642746808282,1
3313,0.47881388275085435,0.8770909969916099,1
3314,0.5021177191694725,0.8773310075101219,1
3315,0.8440311929904235,0.8773432665011135,1
3316,0.7107746909054241,0.8773973648657879,1
3317,0.6313981305162248,0.8774489188203043,1
3318,0.5144637532590314,0.8774856757800606,1
3319,0.5690919119861387,0.8776162050585643,1
3320,0.6897764873355083,0.877874634224101,1
3321,0.5547523854253036,0.877988406532409,1
3322,0.15948569220832365,0.8781010424923557,1
3323,0.4588730536857504,0.8782147698985052,1
3324,0.656159285320558,0.8784533386427965,1
3325,0.4078905747317534,0.8787869111886124,1
3326,0.8630291925560645,0.8790766720350891,1
3327,0.8215367625400998,0.8792367032824275,1
3328,0.5751793578419191,0.879530733499367,1
3329,0.572120605461052,0.8795426229706197,1
3330,0.5546006630635952,0.8795656611442687,1
3331,0.6288261650351543,0.8798107612572122,1
3332,0.5367026565019947,0.8798596211644891,1
3333,0.6656522178660097,0.8798942049289703,1
3334,0.6837490397717988,0.8801799285962315,1
3335,0.8787597887742246,0.8802172560921803,1
3336,0.6163521845824519,0.880548626473251,1
3337,0.5997423611862501,0.8805793431344381,1
3338,0.504473266312009,0.8806261286580288,1
3339,0.6677429718488007,0.8807414168160143,1
3340,0.6232964362712425,0.8807991693115126,1
3341,0.48525763948568157,0.8808295081067536,1
3342,0.8308430805839849,0.880870568856719,1
3343,0.5209569203695877,0.8809081277491374,1
3344,0.6518644681411273,0.8809306096028927,1
3345,0.5089676153122303,0.8810106306665244,1
3346,0.8180128147465028,0.8811621065998281,1
3347,0.38547978408692385,0.8812730909547212,1
3348,0.6897845822564354,0.8813327502070094,1
3349,0.3849000042723424,0.881346856210342,1
3350,0.47456911111174616,0.8813701176156946,1
3351,0.31019309426218555,0.8814867576245585,1
3352,0.8125427260245129,0.8815475238331404,1
3353,0.7868043849073738,0.8817845469792407,1
3354,0.7154357115838523,0.8818292317054189,1
3355,0.6257147907440429,0.8818570667501437,1
3356,0.6152009891797459,0.881918878679366,1
3357,0.5046685739300358,0.881975974084563,1
3358,0.7513801461756411,0.8819988642799801,1
3359,0.41704583163358366,0.882312401771159,1
3360,0.7793972915279914,0.8823321895457408,1
3361,0.7511953114927474,0.8823368436037969,1
3362,0.7227034072484194,0.8823383008274396,1
3363,0.6596798750464283,0.882460176266837,1
3364,0.49806554297435846,0.8825124980377778,1
3365,0.6593281680302442,0.8826511407478949,1
3366,0.5336177700901272,0.8826739042044066,1
3367,0.6853361751548692,0.8826791023918028,1
3368,0.49681592206138203,0.8827264635145182,1
3369,0.7600306202627817,0.8827818888485977,1
3370,0.5051364388553767,0.8828262644862402,1
3371,0.6293116297838889,0.8829559739901585,1
3372,0.4501373944398116,0.8830976017614518,1
3373,0.42123034345907695,0.8831810911376443,1
3374,0.5105760610737479,0.8831895052142279,1
3375,0.5419609030806442,0.8834055846222246,1
3376,0.6490047703437877,0.8834996676383495,1
3377,0.8180128147465028,0.8836584828753041,1
3378,0.6909643446854706,0.8836894799913448,1
3379,0.27897026168696515,0.8838671960756402,1
3380,0.29370651596818886,0.8839455352214831,1
3381,0.5366579428926955,0.8840663227476987,1
3382,0.6730058804679896,0.8840937188841538,1
3383,0.6592360718881396,0.8842984321396257,1
3384,0.7065850190298839,0.8845652620249919,1
3385,0.6153072012591708,0.8846366285549855,1
3386,0.7238975312888681,0.8848953914381409,1
3387,0.39738766170155493,0.8848980515928588,1
3388,0.6753291501715603,0.8849115732724353,1
3389,0.7263437135381245,0.8849741142532124,1
3390,0.7340101862713287,0.8850468555195068,1
3391,0.6347425222363984,0.8850512448231539,1
3392,0.593886558648937,0.8850829724061604,1
3393,0.4727547915364354,0.8851252508361349,1
3394,0.8105972161494255,0.8851497996834939,1
3395,0.6465621559563826,0.8852320424500657,1
3396,0.6780556626517573,0.8855696771192361,1
3397,0.6201589531143658,0.885788223488202,1
3398,0.8850463284812238,0.8860460375354092,1
3399,0.6400686241211465,0.8861083749326412,1
3400,0.5076232816878543,0.8861889897656622,1
3401,0.7838727134720935,0.8862938142572874,1
3402,0.4808346744040265,0.8863097857890739,1
3403,0.5139238796630641,0.8863791775620811,1
3404,0.6216248123034593,0.886612062863293,1
3405,0.6819836624036756,0.8868723915067225,1
3406,0.8747850444004093,0.8868936580125666,1
3407,0.5934617817447716,0.8869081192736832,1
3408,0.6788839156660332,0.8869773521171044,1
3409,0.8373184519894995,0.8871363686023195,1
3410,0.3421048901735434,0.8871674938143266,1
3411,0.33458558595845356,0.8872298867098205,1
3412,0.7761266420265072,0.8874119665001531,1
3413,0.7001228957442117,0.887467443118727,1
3414,0.6819836624036756,0.8876324251750334,1
3415,0.5825296987195006,0.8877085899871596,1
3416,0.5230626331151275,0.8877742812076909,1
3417,0.7219401175922954,0.88789837902546,1
3418,0.3295667490974845,0.8879418775689817,1
3419,0.46344763444070414,0.8880095686940084,1
3420,0.7812778499368846,0.888028498489175,1
3421,0.6173383454362265,0.8881352937130148,1
3422,0.5997933342294597,0.8882092467087257,1
3423,0.5520715825674044,0.8882521334849139,1
3424,0.6237024620179248,0.8882921362170375,1
3425,0.7754545559935085,0.8883344648640905,1
3426,0.5880733217598437,0.8883384445495331,1
3427,0.4881117138991182,0.8883554676455504,1
3428,0.5346805476252451,0.8885039754605223,1
3429,0.8781276103349333,0.888515729055172,1
3430,0.682769212450361,0.8885382828571647,1
3431,0.7503877425873511,0.8886096207152587,1
3432,0.4268369746827262,0.8891321503243023,1
3433,0.8728924036497452,0.8893067748992967,1
3434,0.6753684505465238,0.8893295850191081,1
3435,0.6104981387689521,0.8893546001906738,1
3436,0.8325103056570907,0.8895050503922994,1
3437,0.8639470048427988,0.8896274899600727,1
3438,0.5633933962257435,0.8897115906132361,1
3439,0.7668837863937733,0.8900326047516989,1
3440,0.5838166551514422,0.8901517764975498,1
3441,0.5548632489482342,0.8901767248230693,1
3442,0.6275967344778814,0.8902674468095552,1
3443,0.8035953176190163,0.8904517001073183,1
3444,0.6707589863593086,0.890557566382246,1
3445,0.6275967344778814,0.8907038293723251,1
3446,0.5949716170015467,0.8908279514479746,1
3447,0.835584576488153,0.8908739582493235,1
3448,0.409739226888151,0.8908780824903133,1
3449,0.6265112888369931,0.8909553938859276,1
3450,0.6163521845824519,0.8910708681799501,1
3451,0.4844682731351678,0.8913272092356219,1
3452,0.8620487322472833,0.891332579143883,1
3453,0.432124310587663,0.8915345939144627,1
3454,0.7942929791885367,0.8915530817028652,1
3455,0.5705640448364323,0.8916071572462081,1
3456,0.7684122596777924,0.8917697405345091,1
3457,0.49744365023445314,0.891860081180858,1
3458,0.8577397981829228,0.891954051241371,1
3459,0.755727574334151,0.8920168790464865,1
3460,0.6381289521245511,0.8920726712835623,1
3461,0.5808451840782574,0.8920732372512362,1
3462,0.5819665087327348,0.8925008976225538,1
3463,0.5846444940209363,0.8926270998687748,1
3464,0.7577672369348597,0.8929115298908243,1
3465,0.5852201339657346,0.893247489181692,1
3466,0.8703361994136166,0.8933049582634704,1
3467,0.7383829591965032,0.8933863541865369,1
3468,0.42960257489937503,0.8934332445649863,1
3469,0.45827859244912494,0.8934694719121876,1
3470,0.7405241814321063,0.893628754544371,1
3471,0.7754968155473031,0.8937076869231734,1
3472,0.33309007687562453,0.8937305773715745,1
3473,0.7597191437031859,0.8937413867693279,1
3474,0.5396694292424751,0.8938708076201052,1
3475,0.590001160967944,0.8939629102449398,1
3476,0.5507200819202349,0.8939882045594851,1
3477,0.836668138740418,0.8940122613867215,1
3478,0.6202346750039958,0.8940739632488324,1
3479,0.8305356769669838,0.8942214742780886,1
3480,0.780658033419695,0.8942404165436597,1
3481,0.4956644621356677,0.894295936385435,1
3482,0.5526508193239874,0.8943490768590882,1
3483,0.874137657118086,0.8944763193324066,1
3484,0.6002119046516754,0.8945540516509717,1
3485,0.6853560321918889,0.8946853978251604,1
3486,0.5846342582164208,0.8947041477356815,1
3487,0.860788431214005,0.8948655281655515,1
3488,0.47486656825206597,0.8948726690275025,1
3489,0.7626186716346981,0.8948808696309025,1
3490,0.5128972337658909,0.8949288286929797,1
3491,0.716411704760895,0.8952277195379176,1
3492,0.45136839461109957,0.8952509251257423,1
3493,0.7413330923491648,0.895327869541123,1
3494,0.7658255810539738,0.895574335281141,1
3495,0.40940878780733836,0.8956473537617352,1
3496,0.5775677549057231,0.8957079433003333,1
3497,0.5069132257328014,0.895729924456758,1
3498,0.8247972499162665,0.895732273454182,1
3499,0.6035767815429486,0.8957906791688991,1
3500,0.5005166422519224,0.8960501070632669,1
3501,0.5840583179706238,0.8963935485860114,1
3502,0.5994701183389902,0.8970267685874561,1
3503,0.5077728444920916,0.8970636478861291,1
3504,0.6657705479698802,0.8971295787498743,1
3505,0.6353778225662609,0.8973781917086046,1
3506,0.5880957812580195,0.8973925435493436,1
3507,0.6550625160934803,0.897458311856516,1
3508,0.6416432678913033,0.897676745057597,1
3509,0.7730581023218472,0.8977487296020205,1
3510,0.5090599325063981,0.8978262721945285,1
3511,0.4609961683712417,0.8978302958214291,1
3512,0.5168885794693682,0.8979008658097452,1
3513,0.6862467933196599,0.8980308508949901,1
3514,0.18787922408064495,0.8981842481861577,1
3515,0.6490384547883563,0.8985847596443446,1
3516,0.577254055957209,0.8986459543938891,1
3517,0.5308186252015717,0.8987068532406988,1
3518,0.46088360766128345,0.8987151139200108,1
3519,0.6033970284353589,0.8987801336331969,1
3520,0.7610557623158104,0.8989699594001558,1
3521,0.8029852673099857,0.8990104977334699,1
3522,0.8377329222284112,0.8990492558467803,1
3523,0.783834202115371,0.8991106119384249,1
3524,0.7431599992240928,0.899138413454238,1
3525,0.48545602337746174,0.8991962884994676,1
3526,0.6084404840582639,0.8992180392665776,1
3527,0.8447554125077936,0.8992260574560226,1
3528,0.6599174077615896,0.8992473701942274,1
3529,0.36666348335673005,0.8993231059746523,1
3530,0.44807469070654016,0.8994932265267178,1
3531,0.5841729059037369,0.8998304785606982,1
3532,0.7018751314817429,0.89996482659617,1
3533,0.379999170693577,0.9000375172025541,1
3534,0.48389778789393056,0.9001109650241947,1
3535,0.6254264808203964,0.9002173720937139,1
3536,0.7613667128466142,0.9002351853926104,1
3537,0.8697974375250627,0.900477689493023,1
3538,0.2944714932454616,0.9005445158599945,1
3539,0.31566487529124143,0.9005492432199097,1
3540,0.7714364861267605,0.9007209710304263,1
3541,0.45409203591449954,0.9007653797481365,1
3542,0.47513204062514525,0.900777606936659,1
3543,0.8542822448919893,0.9007988074114689,1
3544,0.5231110256807215,0.9008446341623298,1
3545,0.622299475724563,0.900888326119769,1
3546,0.5153973133622561,0.9009466817506949,1
3547,0.6256701426604582,0.901139191092236,1
3548,0.5303725114730238,0.9012388116908229,1
3549,0.6805204495812839,0.9012865142528806,1
3550,0.6847983879325716,0.9016496529951443,1
3551,0.43326975804140644,0.9016524384950962,1
3552,0.4390079346568443,0.9016662005345054,1
3553,0.4893543393202493,0.9016684495803129,1
3554,0.5327560249541182,0.9017320407385484,1
3555,0.6037164782697366,0.9021270317372165,1
3556,0.7526158912316571,0.9023246218158996,1
3557,0.8191686808424796,0.9026640583993413,1
3558,0.5252631346166838,0.9026738737122884,1
3559,0.28441049026685294,0.90310171636366,1
3560,0.5577534349070783,0.9031960246259152,1
3561,0.7984212322558122,0.903364871864126,1
3562,0.4007322978481004,0.9034976237669757,1
3563,0.566024311412029,0.9035231773849063,1
3564,0.7284805084875399,0.9035353311229327,1
3565,0.49422213631885636,0.9036455929882915,1
3566,0.5516563229912333,0.9036843729566206,1
3567,0.7140092577713313,0.9038308377545035,1
3568,0.4751864366243025,0.9039017277423903,1
3569,0.3018693313530334,0.904252551357868,1
3570,0.4824956528829384,0.9044142127662992,1
3571,0.7641083489979985,0.9044311948473047,1
3572,0.5831178088334242,0.9045226778642504,1
3573,0.6182601312254571,0.9045568150860859,1
3574,0.5304070849950991,0.9046396895212933,1
3575,0.8310341954128962,0.9046991378581906,1
3576,0.5211671848744789,0.9047184788538244,1
3577,0.6990060411605269,0.9050025473358254,1
3578,0.6155690781740482,0.9051125848081488,1
3579,0.3540969372090653,0.9051548918011709,1
3580,0.8362675820647119,0.9051635111001703,1
3581,0.8159317032844206,0.9052012267785975,1
3582,0.7696301119814437,0.9054558927451732,1
3583,0.5532934685571814,0.905554739884318,1
3584,0.3270324539145907,0.9055570239277682,1
3585,0.26657719217525067,0.9057120263033002,1
3586,0.4036226261845306,0.9057155225490987,1
3587,0.8063757857036266,0.9057546689171555,1
3588,0.3119696344683739,0.905983720547942,1
3589,0.4754942767649406,0.9062753529523295,1
3590,0.8834315037212502,0.9063139738550566,1
3591,0.6935511029410096,0.9063502895103006,1
3592,0.7822576930100207,0.9064330538563093,1
3593,0.5959666379602067,0.9064673803401426,1
3594,0.7142710623536073,0.9064681084502235,1
3595,0.5733206337377902,0.9065224894986642,1
3596,0.4959520132861427,0.9066359824427275,1
3597,0.38833793673293404,0.9066682618399132,1
3598,0.6160059130906326,0.9066729305809056,1
3599,0.5157255868742587,0.9067623405303298,1
3600,0.6151353643666876,0.90678007339195,1
3601,0.7695506564988053,0.9068113329091141,1
3602,0.6339730336614613,0.9069678626996033,1
3603,0.8938436867561477,0.9069728936374049,1
3604,0.6523613259142346,0.9069981061805247,1
3605,0.4296931203372164,0.9070030560299077,1
3606,0.7086964732216502,0.9070393319927557,1
3607,0.6599454857795995,0.9072338978258382,1
3608,0.7698490060751902,0.9075480406195147,1
3609,0.5251041212381092,0.9075848396183878,1
3610,0.5248738371511921,0.9075889363333661,1
3611,0.610912083971156,0.9076288063272893,1
3612,0.711683397035562,0.9076451292512285,1
3613,0.4609895189408121,0.9076569614944996,1
3614,0.6580580467236196,0.907824373334566,1
3615,0.7769917176717317,0.9081222299157699,1
3616,0.900850521020262,0.9082604461620282,1
3617,0.32787675311204,0.9083611626866462,1
3618,0.5191493082608813,0.9084110120019273,1
3619,0.855372209391853,0.9086186214405687,1
3620,0.7714364861267605,0.9086402608271785,1
3621,0.38522534719993906,0.9086638790241187,1
3622,0.761915100776923,0.9087955914689773,1
3623,0.6890738297973045,0.9088601151697397,1
3624,0.437602910954908,0.9088700547228216,1
3625,0.5075343459705626,0.9090627886261295,1
3626,0.8100650824643063,0.909133312069931,1
3627,0.6737699671311818,0.9091335118086871,1
3628,0.5413048842619704,0.9091815002052545,1
3629,0.7749456624836039,0.9093648876731081,1
3630,0.8377663108200232,0.909366743574668,1
3631,0.7207499170054935,0.909368502169127,1
3632,0.49160777220361307,0.9095829764287143,1
3633,0.8575297567595168,0.9096176901900693,1
3634,0.6453259470293055,0.9096247010368999,1
3635,0.743879293234411,0.9097172842023976,1
3636,0.7596492725061108,0.9097513519368369,1
3637,0.5949152914288823,0.9097526331456578,1
3638,0.8557462752805636,0.9098062528797626,1
3639,0.9017206292962295,0.9098898695595337,1
3640,0.6993221947342803,0.9100704074231362,1
3641,0.6052760028630021,0.9102056104993024,1
3642,0.7193629087058395,0.9102746181343899,1
3643,0.5819966407381417,0.9103184511669257,1
3644,0.5580800181217129,0.9103748051796591,1
3645,0.43694330495845546,0.9104111236203767,1
3646,0.7826386279170169,0.9105768527252005,1
3647,0.47388465540982083,0.910593506810153,1
3648,0.8213801224247645,0.910624814792204,1
3649,0.5237023513143045,0.9106371573518196,1
3650,0.8781276103349333,0.9107441562533575,1
3651,0.7196510445936551,0.9108424086340331,1
3652,0.615507933307632,0.9108492712776902,1
3653,0.8713596168581604,0.9108505817149662,1
3654,0.5977655490870633,0.9110378695407918,1
3655,0.5194402818872063,0.9111751735369169,1
3656,0.451590672452179,0.9112277230387322,1
3657,0.5983865715134838,0.9112805335061751,1
3658,0.7002016313702336,0.9114689008999827,1
3659,0.607284184123416,0.9117204597674795,1
3660,0.7568027607484739,0.9118416771649246,1
3661,0.5635036749139676,0.9118939492967733,1
3662,0.713328068640556,0.9119668651747289,1
3663,0.6000549864533342,0.9121507294113177,1
3664,0.906017402553215,0.9121704369452133,1
3665,0.4393545386928692,0.9121975861672624,1
3666,0.5553928246542359,0.9126559121088702,1
3667,0.20889842719385032,0.9126752906974357,1
3668,0.46296333207999796,0.9128148445364413,1
3669,0.6766656384623686,0.9128916877754678,1
3670,0.6280958000016883,0.9129766366584646,1
3671,0.7048060577916415,0.9130387533545745,1
3672,0.5543720122932433,0.9132546939011622,1
3673,0.2836185932149149,0.9134994126880751,1
3674,0.4004791413710631,0.9136438589659271,1
3675,0.6294437777537922,0.913683316823595,1
3676,0.48871131555649094,0.9137892237273845,1
3677,0.38937952475045823,0.9138189693337441,1
3678,0.5322575703056813,0.9139100693471589,1
3679,0.5947788807648382,0.9139926493682212,1
3680,0.42837371844659844,0.9140715410597612,1
3681,0.6281759794062811,0.9141604146806284,1
3682,0.726713532305746,0.9142436594588335,1
3683,0.4297491213900986,0.9142455244221621,1
3684,0.7922845047024413,0.9143298230783659,1
3685,0.5791706445643295,0.9143447251978919,1
3686,0.6788102151368871,0.9144094452288886,1
3687,0.6239462032857729,0.9144832866368797,1
3688,0.41253431180673583,0.9146203276991062,1
3689,0.7673817418000222,0.9147410303001201,1
3690,0.7720433839593498,0.9147559062732518,1
3691,0.6282769187093944,0.914778862602627,1
3692,0.6333087495260777,0.9148904977829211,1
3693,0.6167627412692928,0.9149453395913246,1
3694,0.636245229014435,0.9149714937920577,1
3695,0.5948783403617776,0.9150284405629315,1
3696,0.5648744140277221,0.9150601844210836,1
3697,0.4824851446876617,0.9150999413686945,1
3698,0.6449030693236406,0.91532227630439,1
3699,0.7190363373449099,0.9153674826810487,1
3700,0.8037906442686165,0.9153934826967354,1
3701,0.6548122669540907,0.9154210173791474,1
3702,0.3415005376067436,0.9154718349746007,1
3703,0.24834157597031548,0.9155467344710466,1
3704,0.5572475167904037,0.915610568199247,1
3705,0.7758788359750879,0.9157187353827667,1
3706,0.6717563913251261,0.9158598576471167,1
3707,0.48206833757508605,0.9160062363035408,1
3708,0.7789835995281339,0.9160386938695336,1
3709,0.496435411283764,0.9161030419942988,1
3710,0.3641017921183354,0.9161429996021331,1
3711,0.5976394765220671,0.9162833703656564,1
3712,0.6498936781911338,0.9165549023140304,1
3713,0.5169819483771749,0.9166849419688706,1
3714,0.7859932799284087,0.9167442145558076,1
3715,0.6469684767503957,0.9169597469617345,1
3716,0.6956773524540512,0.9170297891004731,1
3717,0.7312261228482752,0.9170609202331907,1
3718,0.611350521198116,0.9170832445375244,1
3719,0.8704003098545336,0.9172220517290833,1
3720,0.409206332404472,0.9172320750744378,1
3721,0.8314708650104322,0.9172381834664065,1
3722,0.27188399093698346,0.9172972374969125,1
3723,0.5976248559343025,0.9173368513517655,1
3724,0.7453449767608503,0.9173611634472643,1
3725,0.8726693108791945,0.9174040249919881,1
3726,0.284824275889196,0.9174143991845277,1
3727,0.8340553162933112,0.9174651848331724,1
3728,0.30436477707799703,0.9175247753668065,1
3729,0.7148354409071427,0.9175393850301866,1
3730,0.4417575089099781,0.9176324326968687,1
3731,0.8060488324857303,0.9177021538881661,1
3732,0.6880532197208777,0.9177139075205144,1
3733,0.6819836624036756,0.9177216819343026,1
3734,0.47730204540379007,0.9177377681851715,1
3735,0.4715898370315025,0.9177472733754047,1
3736,0.48935742690309825,0.9178066993101186,1
3737,0.5775518299452118,0.9179774911582717,1
3738,0.9007577584022477,0.9179837183159667,1
3739,0.3107422314263135,0.9183047192288404,1
3740,0.32167297012941354,0.9183459128639213,1
3741,0.5949716170015467,0.9184395576487309,1
3742,0.9012285106418269,0.9185979446867971,1
3743,0.5718843534534793,0.9187981602229797,1
3744,0.5154027611646713,0.9188940415488613,1
3745,0.6744879675165824,0.9189690327337179,1
3746,0.6844362831995239,0.9191216197335095,1
3747,0.806448533221008,0.9191388530183177,1
3748,0.6552018349399458,0.9193397107654683,1
3749,0.6690093302593152,0.9194614232122154,1
3750,0.3912645624387825,0.919548912523775,1
3751,0.6869055996695063,0.9195620488162871,1
3752,0.7036457778836931,0.9196190148724854,1
3753,0.6211247948431954,0.9202562707287923,1
3754,0.5045505002093534,0.9203722727718393,1
3755,0.31966866351844614,0.9203747444404964,1
3756,0.48659820736383785,0.9204811497406296,1
3757,0.6066502040923142,0.9205100009890659,1
3758,0.5612373350879918,0.9205119146491847,1
3759,0.8534796841101463,0.9205823101781929,1
3760,0.7436273381180901,0.9206294229241853,1
3761,0.7109283543623316,0.9206516419053611,1
3762,0.5035720028102213,0.9208769385876671,1
3763,0.796668279054186,0.9210794854546125,1
3764,0.7458142293333991,0.9211565434146715,1
3765,0.6248388813364647,0.9212261865320532,1
3766,0.6894374304319905,0.9212933939507709,1
3767,0.39720131920073387,0.9217212277803583,1
3768,0.5468762383854617,0.9217515952935105,1
3769,0.704409243500224,0.9217687816272913,1
3770,0.6210796094614927,0.9217996471599412,1
3771,0.5578340947422922,0.9218127014335525,1
3772,0.5870321946342786,0.9218410752360994,1
3773,0.37716256028412976,0.9218609446493722,1
3774,0.5281233579081027,0.9220332716054246,1
3775,0.39787663813071683,0.9221980959069244,1
3776,0.4484668348210762,0.9222700302711748,1
3777,0.48036305695745884,0.9224744597323961,1
3778,0.41769072385730666,0.9228010750568149,1
3779,0.7094728060451672,0.9228278929194705,1
3780,0.49806554297435846,0.922971523349575,1
3781,0.5847568370285514,0.9230625451415819,1
3782,0.5146516418168023,0.9230795613683097,1
3783,0.5340767560336781,0.9231179403589473,1
3784,0.7877425329774066,0.9232460178626336,1
3785,0.6471078180867292,0.9237695472314427,1
3786,0.3857427113547287,0.9237892164751701,1
3787,0.6640971271344462,0.9239539636832503,1
3788,0.37296674232389904,0.9239838671082081,1
3789,0.6412382885578881,0.9240726806017314,1
3790,0.5284171677313312,0.9240806595582924,1
3791,0.6199225327539686,0.9241084020797466,1
3792,0.6793840473228647,0.9243506424325247,1
3793,0.5304279823809113,0.9244829768772648,1
3794,0.621944336538168,0.9244885019697402,1
3795,0.8050182522573817,0.9245580214511832,1
3796,0.5822672667014536,0.9247098502194333,1
3797,0.6083120931048401,0.9247512516797101,1
3798,0.5197649312816649,0.924810132116241,1
3799,0.5157033372197656,0.9248278421295424,1
3800,0.501757467534927,0.9249651867762233,1
3801,0.4615189927843014,0.9249976034158316,1
3802,0.5702556016709267,0.9255676739254987,1
3803,0.6142393863183266,0.9256449859547492,1
3804,0.7642219979278625,0.9257691227517564,1
3805,0.6363485811815992,0.9258002591487897,1
3806,0.5841726926996781,0.9258214252440787,1
3807,0.7271886671705756,0.9258239545415711,1
3808,0.6120960044186055,0.9258662533328451,1
3809,0.6602116376868724,0.9258978181661048,1
3810,0.4238158099298547,0.9259389400629291,1
3811,0.5284171677313312,0.9259796357277732,1
3812,0.7048060577916415,0.9259845733236016,1
3813,0.7930483156629141,0.9259960407374198,1
3814,0.572124824279875,0.9260482471679904,1
3815,0.4695202542411928,0.9260523651460809,1
3816,0.4532118491778204,0.9260820721866182,1
3817,0.4535469968896646,0.9261201497336591,1
3818,0.8651868791143567,0.9262757777519247,1
3819,0.8785713752001991,0.926286764334763,1
3820,0.6821151319428593,0.9263410854150279,1
3821,0.6328658027193832,0.9265760059280905,1
3822,0.43252643659887546,0.9266111137284356,1
3823,0.8813034840029499,0.9267655059766097,1
3824,0.6553815377968748,0.9268084483597752,1
3825,0.7612415566435977,0.9268585618762198,1
3826,0.505317298362178,0.9269143408304553,1
3827,0.5303419322266779,0.9270123124110436,1
3828,0.3582673105807036,0.9271673755263874,1
3829,0.656159285320558,0.9272249772742122,1
3830,0.7987575755267822,0.9273174470457628,1
3831,0.656242757364494,0.9275003253790045,1
3832,0.7509153075626185,0.92751772000498,1
3833,0.3165718376790615,0.9275664761991131,1
3834,0.6065302267033905,0.9276445494975969,1
3835,0.47193964890974704,0.9276920281702512,1
3836,0.8559089360001035,0.9277136278999579,1
3837,0.7935889401573438,0.9277267118115227,1
3838,0.6675002146520957,0.9277268287395336,1
3839,0.47141868046856605,0.9281587668179166,1
3840,0.7212375969750561,0.9282650599776757,1
3841,0.74112794022307,0.9284189599608824,1
3842,0.7461519760902264,0.928421823618808,1
3843,0.8030305116019409,0.9285182799471117,1
3844,0.5479785164711068,0.9285650928006821,1
3845,0.8701897560448314,0.9285820523101097,1
3846,0.5346368815770404,0.9286698859014151,1
3847,0.8652162905346762,0.9291106056806497,1
3848,0.6189932740722591,0.9292667196936605,1
3849,0.39049941596648785,0.9293094707367107,1
3850,0.6170378085875807,0.9293674592691565,1
3851,0.6390402736198861,0.9293818275046367,1
3852,0.5056472178427676,0.9295179267264779,1
3853,0.9187913379162851,0.9296188672416863,1
3854,0.41768574404727066,0.9296249631246039,1
3855,0.878898010434611,0.9297374626336966,1
3856,0.35103826262996896,0.9298702428840636,1
3857,0.4993643919409063,0.9298911923812904,1
3858,0.44061288851350733,0.929921869465709,1
3859,0.8812766519723138,0.930053055803971,1
3860,0.5023870611975918,0.9303177960226132,1
3861,0.6051021196938726,0.930503152375433,1
3862,0.46102654747024874,0.9305294480229351,1
3863,0.6083120931048401,0.930678113216414,1
3864,0.7068157846477936,0.9308105154052413,1
3865,0.46382379558549514,0.9309807663828543,1
3866,0.43255775691811205,0.9309826183391599,1
3867,0.8322335514563638,0.9310206831185116,1
3868,0.38066892758252546,0.9311346624436045,1
3869,0.844143751797876,0.9312869782560497,1
3870,0.25306743060822234,0.9314080932252601,1
3871,0.6554032997989793,0.9314891588872406,1
3872,0.7056799466341689,0.9316048235024337,1
3873,0.47730204540379007,0.9316761833142114,1
3874,0.8373543026631093,0.9316920759827632,1
3875,0.38074270676798294,0.9319186794772997,1
3876,0.7479413033253088,0.9319284833831745,1
3877,0.7466049196775593,0.9319867295396166,1
3878,0.39598820144227853,0.9320139079582471,1
3879,0.7587420121497077,0.932208985072285,1
3880,0.6314359880306863,0.9322831756456432,1
3881,0.37929289439056946,0.9323341529294255,1
3882,0.8800976870781435,0.9324899161627701,1
3883,0.6147864778964224,0.93257092597769,1
3884,0.5789298013726077,0.9327095465652614,1
3885,0.4231703602467136,0.9327843169696444,1
3886,0.7252295651128857,0.9328165658018431,1
3887,0.6482978587975019,0.9328330792623738,1
3888,0.6339439514955333,0.9328495084707575,1
3889,0.7092893157662156,0.9329191740565222,1
3890,0.5393564503911474,0.932984132713348,1
3891,0.7430480495119082,0.9330101743375842,1
3892,0.6250387912375976,0.9330389348714613,1
3893,0.7576606065042285,0.933202344974119,1
3894,0.7956255835748801,0.9334116462421501,1
3895,0.5938191723376697,0.9339643408940489,1
3896,0.7252814892754746,0.9340503685521299,1
3897,0.4985013153675768,0.9340760280714571,1
3898,0.3871801876059353,0.9341002857157761,1
3899,0.7288319198367328,0.9343396889129907,1
3900,0.4633226888386338,0.934449044733292,1
3901,0.4820581881044049,0.9344510360402751,1
3902,0.8866310853017955,0.9345133418200352,1
3903,0.9060671014541885,0.934542087826222,1
3904,0.6447040926428383,0.9345933572019508,1
3905,0.6584556807053047,0.9346251859694958,1
3906,0.5983233004269985,0.9347169260535027,1
3907,0.6488874898812,0.9349358097866939,1
3908,0.7453449767608503,0.9349924072189938,1
3909,0.4661929920238823,0.9350027258426858,1
3910,0.7094728060451672,0.9350854893858359,1
3911,0.69704448694383,0.9351330099987416,1
3912,0.4567931404684078,0.9351833982260483,1
3913,0.7805318428375104,0.9353036923666382,1
3914,0.43975398582190817,0.9353925520726625,1
3915,0.5531755396883431,0.9354027182282156,1
3916,0.47864999836004607,0.9355099904418982,1
3917,0.38670974316270834,0.9355821170248291,1
3918,0.6987931864040815,0.93564331482253,1
3919,0.5595072016426805,0.9357664931159206,1
3920,0.4091713926665791,0.9358500230136028,1
3921,0.5628826170805683,0.9359095601731764,1
3922,0.35143712157930374,0.9359232009504069,1
3923,0.3982585087140561,0.9359926371649719,1
3924,0.7078435651633478,0.9362551134322998,1
3925,0.42253636691012675,0.9363727738475984,1
3926,0.6350841606364689,0.9363808003636309,1
3927,0.5198382005007296,0.9364479163570035,1
3928,0.6939426556077632,0.9366140360024183,1
3929,0.6706075105480985,0.9366665137524156,1
3930,0.6562399176465236,0.9367272752729825,1
3931,0.6302467962571557,0.9368739499186354,1
3932,0.4637685172629762,0.9368979811277492,1
3933,0.5264756645032339,0.9369920879766294,1
3934,0.8542822448919893,0.9371605178015269,1
3935,0.7124818147188742,0.937161764487748,1
3936,0.7315868582763008,0.9372003566996102,1
3937,0.7252094690618379,0.9372666005258851,1
3938,0.728332495921748,0.9372925708882867,1
3939,0.8824192642342515,0.9373084430108913,1
3940,0.8843798521662886,0.9375912268294576,1
3941,0.6280917096641563,0.937643824485511,1
3942,0.7753215485062741,0.9376507548554404,1
3943,0.9106752216910559,0.9377139518141314,1
3944,0.4245389600854388,0.9377587817558765,1
3945,0.8103634676677524,0.9377602884817687,1
3946,0.5285358008275842,0.9377784370502887,1
3947,0.6378788522063662,0.9378181296702295,1
3948,0.5574492703203463,0.9382017117506972,1
3949,0.6768053167146084,0.9382041856917616,1
3950,0.860933016580342,0.938205577476691,1
3951,0.6671606902219892,0.9382547134161474,1
3952,0.5095954244872998,0.9382883028258064,1
3953,0.5372409728372054,0.9383805938903123,1
3954,0.7574620806541101,0.9386209408228963,1
3955,0.7202384715083785,0.9386897033167761,1
3956,0.6138079121293679,0.9388502041801035,1
3957,0.6471654404715526,0.9388562630509609,1
3958,0.6229877327444382,0.9388627587360631,1
3959,0.5468737325653469,0.9390102130546314,1
3960,0.5924591434052807,0.9390135660538942,1
3961,0.7475750465995464,0.9390326558064318,1
3962,0.6950316106769577,0.9391686110730557,1
3963,0.8154799468379358,0.9393654473649962,1
3964,0.6201589531143658,0.939398006189587,1
3965,0.563992009486407,0.9394515871478805,1
3966,0.6076139968493629,0.9395300827509233,1
3967,0.667610455334063,0.9395660483287076,1
3968,0.4970982837715281,0.9396369207203007,1
3969,0.6831687475063821,0.9396543276812068,1
3970,0.6300923000795103,0.9396713812697705,1
3971,0.553220227870589,0.9396885990098106,1
3972,0.4169850952354488,0.939736246563982,1
3973,0.8159500346112818,0.9397492247524244,1
3974,0.40339895047698693,0.9398990498409007,1
3975,0.419251355925887,0.9399409431899087,1
3976,0.4519645666836234,0.9400643206594366,1
3977,0.8551435823775129,0.940158743340577,1
3978,0.5764951360804567,0.940198153956554,1
3979,0.46802561478499227,0.940471006049259,1
3980,0.8846173097978955,0.9406472913840973,1
3981,0.501757467534927,0.9406551882314024,1
3982,0.44859368845187664,0.9406891042951495,1
3983,0.5024255007165961,0.9406926019238983,1
3984,0.7180993114115996,0.9407797263658192,1
3985,0.7095676940805026,0.9409011549264502,1
3986,0.5721191286252828,0.9409680999395915,1
3987,0.5165956099087737,0.9409775860304198,1
3988,0.7705350531829405,0.9410220894205793,1
3989,0.4399222027288828,0.9410944864250105,1
3990,0.6472535660774057,0.941104312450522,1
3991,0.5525522056070604,0.9411804715158566,1
3992,0.5088557440086099,0.9411905221898779,1
3993,0.47541935342455666,0.9412633598774178,1
3994,0.5508347669202839,0.9413517777405491,1
3995,0.8517575068084117,0.9415484472273211,1
3996,0.495439024638782,0.9415629806172505,1
3997,0.7504044510890648,0.9417751138653564,1
3998,0.6383505559554388,0.9417812368938593,1
3999,0.6581573830269275,0.9418072646350627,1
4000,0.4662023655792862,0.9418396145084222,1
4001,0.7568598992102403,0.9418747786621912,1
4002,0.8605441432731158,0.9418924571847008,1
4003,0.5403665449991819,0.9421022213898356,1
4004,0.5398435426181719,0.9421217007803989,1
4005,0.4361583468076131,0.9421645960833672,1
4006,0.4071122845457733,0.9421930705120543,1
4007,0.47147377160088366,0.942215434677002,1
4008,0.6313980347306816,0.9423310679236165,1
4009,0.8274815065861473,0.942479341877421,1
4010,0.8999952105239905,0.9426135497704161,1
4011,0.6957537534827004,0.9426454603471109,1
4012,0.5549286244512021,0.9427544914415386,1
4013,0.4297916476723711,0.942961487076266,1
4014,0.3839484550696787,0.942969213646396,1
4015,0.558869476830271,0.9429708217000332,1
4016,0.6016129254698075,0.9432022687916296,1
4017,0.6508205357404665,0.9434065951901129,1
4018,0.8747850444004093,0.9434695787155137,1
4019,0.5717060867514051,0.9434772514942643,1
4020,0.779572232142599,0.9436567515587998,1
4021,0.6548122669540907,0.9438922010399454,1
4022,0.6339730336614613,0.9439228829500341,1
4023,0.44460895447262005,0.9439911792752128,1
4024,0.8847277739722973,0.9439983305957677,1
4025,0.8578393171163882,0.9440879214372074,1
4026,0.47568435222000816,0.9441853652872298,1
4027,0.7019000324529567,0.944219402675466,1
4028,0.5667986148657466,0.9442414123433589,1
4029,0.5487961894231506,0.9443816131989647,1
4030,0.669099431370688,0.9443889529000068,1
4031,0.925031644285686,0.9444919312285239,1
4032,0.3073923301652638,0.9444974868238762,1
4033,0.6492762364148427,0.9448035458743763,1
4034,0.49045978684864455,0.9448077568222688,1
4035,0.562542886069908,0.9448551684720752,1
4036,0.5560117695140726,0.9450240714308064,1
4037,0.6569686242532203,0.9450743461081201,1
4038,0.3957261558748715,0.9451866267588283,1
4039,0.49729506239070365,0.94531280443787,1
4040,0.6328040132319677,0.9453241423651543,1
4041,0.9187913379162851,0.9454517395099911,1
4042,0.7384955756946168,0.9454607666737305,1
4043,0.5466255040157433,0.9454858720065028,1
4044,0.7416673744028149,0.94555591914134,1
4045,0.5950243632231065,0.9455937896253676,1
4046,0.6138415024504715,0.9456696312474374,1
4047,0.9285897689413037,0.9456978957052338,1
4048,0.7758799756105349,0.9457739683996608,1
4049,0.5743823352978209,0.9457757131629971,1
4050,0.553879907753609,0.9459485821755311,1
4051,0.5787636135803844,0.9459875756726447,1
4052,0.45086419546114265,0.9460012477558759,1
4053,0.7754968155473031,0.946013546473032,1
4054,0.5760147554384312,0.9460403256212667,1
4055,0.6527086653852109,0.946067425952829,1
4056,0.5558474313292612,0.9462518212330172,1
4057,0.5147476369632619,0.9462973509672735,1
4058,0.20379053008279158,0.9463073664475368,1
4059,0.5669651188355623,0.9463626929844674,1
4060,0.6277484848557511,0.9464138225368403,1
4061,0.5038712604061136,0.946708387417123,1
4062,0.4941731470231344,0.9467825763097125,1
4063,0.43334415201296383,0.94684608399323,1
4064,0.6934336777703439,0.9469742189028536,1
4065,0.6869884983449265,0.9473601474865392,1
4066,0.5335921072910045,0.9474574008727958,1
4067,0.4774210238633152,0.9476133968587055,1
4068,0.5819951647701788,0.9476232576108771,1
4069,0.5070457987855763,0.9476664626519135,1
4070,0.9259877859425647,0.9479266981341843,1
4071,0.5576921533853118,0.9479860300439201,1
4072,0.5519562444115074,0.9480232627761841,1
4073,0.6019600904515743,0.9480594821858482,1
4074,0.5451980199447394,0.9480964836581072,1
4075,0.5451920357335124,0.9481111808853624,1
4076,0.7349167369295466,0.9481203019351763,1
4077,0.8706284866198826,0.9483238077149003,1
4078,0.4840385967224743,0.9483653184775039,1
4079,0.6890607140236636,0.9488223577675555,1
4080,0.600876760984268,0.9488827606121213,1
4081,0.480712819337329,0.9489725190399063,1
4082,0.6810065341609137,0.9489939829874771,1
4083,0.47665067973257924,0.949056167666463,1
4084,0.46262610029600437,0.9490671548395635,1
4085,0.4819200278528941,0.949109235597049,1
4086,0.580290036099881,0.9492261984445433,1
4087,0.7068719875078028,0.9492381160565425,1
4088,0.611350521198116,0.9492645776933871,1
4089,0.579560350884738,0.9492845595401697,1
4090,0.7846314274282591,0.949397615854042,1
4091,0.6903378107644754,0.9494099481367476,1
4092,0.5853356562019556,0.9494464930141893,1
4093,0.4850550992963135,0.9500119205623707,1
4094,0.37229094523061923,0.9500525893822522,1
4095,0.45737948814100216,0.9500804658473846,1
4096,0.554678122069627,0.9500987035132623,1
4097,0.7678839267544356,0.9501358146786245,1
4098,0.5593333435848958,0.9501465896767066,1
4099,0.4352343424275429,0.9501977553788948,1
4100,0.5720043305510971,0.9503060615889993,1
4101,0.6491986623829986,0.9503071504941938,1
4102,0.8639470048427988,0.9503666137958736,1
4103,0.6033970284353589,0.9503784786943756,1
4104,0.631826589650142,0.9504881552424236,1
4105,0.5676936604164348,0.950494297604273,1
4106,0.5738176141018894,0.9505437253022959,1
4107,0.70162226111599,0.9506580804618778,1
4108,0.695143812584443,0.9507748206274239,1
4109,0.7901733298413876,0.9508012378943266,1
4110,0.7526158912316571,0.9508314319611312,1
4111,0.5363627028695152,0.9508690242418139,1
4112,0.7594517572252751,0.9508857088176164,1
4113,0.46538543368417384,0.9508955639540763,1
4114,0.7946737663186249,0.9509713151570861,1
4115,0.5051364388553767,0.9511497635326508,1
4116,0.6031429233374581,0.9512913202581188,1
4117,0.7977616240589347,0.9513987159409522,1
4118,0.46929607729805456,0.9515084543138111,1
4119,0.7273016230200494,0.9515575650103125,1
4120,0.5509203361122449,0.9516179137194515,1
4121,0.39090388198827375,0.9516661350875688,1
4122,0.3846088925082055,0.9517076045508313,1
4123,0.689312191187529,0.9517326999127849,1
4124,0.4376571918675892,0.9517823190943057,1
4125,0.5731684979263444,0.9519449026791884,1
4126,0.3865906642245853,0.9522803215030866,1
4127,0.9049881108910254,0.9522980405081429,1
4128,0.7811509843013076,0.9523271035855341,1
4129,0.8528839341835343,0.952611057589601,1
4130,0.676887760926598,0.952638985255628,1
4131,0.6117339609007935,0.9527991829739068,1
4132,0.7421413862461531,0.9528445674114946,1
4133,0.8097789536702816,0.9529744517048012,1
4134,0.7848732161819265,0.9530515279483402,1
4135,0.6974575119466269,0.9530813221357335,1
4136,0.6128234812194394,0.9531469404954344,1
4137,0.3477235937201498,0.9531573210917852,1
4138,0.5686119279610609,0.9531624849698421,1
4139,0.596286501454409,0.9532516591969554,1
4140,0.35689723502276394,0.9532775556322763,1
4141,0.5733206337377902,0.9533842762709813,1
4142,0.4822424281571791,0.9535280454804679,1
4143,0.3849000042723424,0.9536452495145018,1
4144,0.7695761465685889,0.9536821349184794,1
4145,0.5414196432537459,0.953901714305627,1
4146,0.5594290630466529,0.9539364549469986,1
4147,0.6427424872679,0.9540547567885242,1
4148,0.8437440803520666,0.9541318658656375,1
4149,0.43588986484604886,0.9541987520965093,1
4150,0.8585100409449572,0.9542011219223565,1
4151,0.5227734623765726,0.9542947179660074,1
4152,0.9125177320774968,0.9543828624472176,1
4153,0.6573549276489703,0.9544125923331076,1
4154,0.8942391840405045,0.9544281599180483,1
4155,0.7811509843013076,0.954429326924987,1
4156,0.6202573040344497,0.9544500099287873,1
4157,0.5302489290387852,0.9546733855372203,1
4158,0.42737277005697694,0.9546774813183542,1
4159,0.6140935003754397,0.9546866169375412,1
4160,0.5079535403082993,0.9547186539280346,1
4161,0.7033237466377747,0.9549850935204375,1
4162,0.5889000078128586,0.954986413154799,1
4163,0.5217908305343307,0.9550051240298113,1
4164,0.5575168859265375,0.9550149077874523,1
4165,0.5169496647949107,0.9551687612913382,1
4166,0.8152821244940194,0.9551808438249326,1
4167,0.5765203718319376,0.9552351615974435,1
4168,0.43829537933404417,0.9552756024693683,1
4169,0.9106752216910559,0.9553547687379629,1
4170,0.38079971902885923,0.9554160500293333,1
4171,0.6852092840525776,0.9554932375573544,1
4172,0.6610612222549643,0.9554979071918229,1
4173,0.8041333526866269,0.9555800361019522,1
4174,0.6030416963902159,0.9557786800886614,1
4175,0.3852698559829235,0.9558884704124455,1
4176,0.43645044882714434,0.9559630450555576,1
4177,0.48417509074220266,0.9559741069197129,1
4178,0.394822372504126,0.955993305132615,1
4179,0.6499012548206959,0.9560108621259028,1
4180,0.28507417927336176,0.9563547755828999,1
4181,0.7909400539546129,0.9564392963281275,1
4182,0.5841729059037369,0.9564652138896794,1
4183,0.7946199234055031,0.956537254909793,1
4184,0.5947926559232026,0.9567197139520397,1
4185,0.5319400851543779,0.956850480917006,1
4186,0.4712693621163143,0.9569331391387614,1
4187,0.45100808726072195,0.9570352436136025,1
4188,0.47216011165418637,0.9571881608707414,1
4189,0.8514180168950549,0.9573522745448588,1
4190,0.5599078367102357,0.9574505824746375,1
4191,0.5378558404908761,0.9575610675750651,1
4192,0.8216321436147328,0.9575949612494552,1
4193,0.7412185138744771,0.9576304871973883,1
4194,0.47663902724364715,0.957670527129595,1
4195,0.7609490409771552,0.9579948398813503,1
4196,0.9165316372351273,0.9581417223141163,1
4197,0.4708664966311972,0.958180584207005,1
4198,0.40360809798480113,0.9582881181590447,1
4199,0.6520156077261,0.9583236360627614,1
4200,0.2907171697742157,0.9583948309998002,1
4201,0.784180727700351,0.9586129365677082,1
4202,0.5085273388441129,0.9586745958652656,1
4203,0.7997911978664529,0.9587870357836613,1
4204,0.5675957954945674,0.9589764802793738,1
4205,0.4755812880185487,0.9590469005783948,1
4206,0.6916991221021852,0.9590587549073685,1
4207,0.7243111024239072,0.9592038609139129,1
4208,0.5750445231232401,0.9592409252271431,1
4209,0.5498036803305641,0.959558120565059,1
4210,0.6013017856063123,0.9595654746933096,1
4211,0.7299228804582211,0.9596065142074821,1
4212,0.5635278628586564,0.9596409607191873,1
4213,0.5712229848049154,0.9597008180020493,1
4214,0.6900224017861352,0.9597099331330664,1
4215,0.3790787916394631,0.9599217850691057,1
4216,0.5905556711287179,0.9599334847361004,1
4217,0.7806213414770767,0.9599462398621813,1
4218,0.5393564503911474,0.9599558117733851,1
4219,0.7635247241188868,0.9600078007244837,1
4220,0.5926387015526494,0.9600346820153033,1
4221,0.6489430774118139,0.9600387621025364,1
4222,0.8060488324857303,0.9602469992464993,1
4223,0.6752038413088838,0.9603609487206152,1
4224,0.5767046870911371,0.9603919979495222,1
4225,0.838927114309196,0.9605660417990703,1
4226,0.7765054999541721,0.9605849592894167,1
4227,0.5648310968695197,0.9606189883671392,1
4228,0.500853539458593,0.9606329018366863,1
4229,0.9436606817982761,0.9606983385031143,1
4230,0.5046879025997517,0.9607546917440968,1
4231,0.4860607212907383,0.9608919610558561,1
4232,0.4805403231747004,0.9609028431784107,1
4233,0.4951196947748069,0.9609616665283344,1
4234,0.4494962402212196,0.9610452317969289,1
4235,0.39612990993347763,0.9610688790084199,1
4236,0.520121983790226,0.9611501634087569,1
4237,0.7461597043411782,0.9612215321790157,1
4238,0.46344763444070414,0.9612383266555276,1
4239,0.557244007367751,0.9612899479954851,1
4240,0.9436606817982761,0.9614275594623898,1
4241,0.8188735950878719,0.9614327247984924,1
4242,0.559347855174938,0.9615049465650001,1
4243,0.4647114832626622,0.9616177436781539,1
4244,0.5569700776090557,0.9618172530204901,1
4245,0.6750671561889937,0.9618996326836273,1
4246,0.5882302207266635,0.9619006598151919,1
4247,0.49584576747707265,0.9622270601737175,1
4248,0.5293593889769876,0.9622795985657172,1
4249,0.4414727599023208,0.9622994032834751,1
4250,0.45408575761975245,0.96232161670233,1
4251,0.4312693467956976,0.9623217762540137,1
4252,0.28840231150893403,0.9623261971303632,1
4253,0.47639997611955365,0.9624350320269237,1
4254,0.4596401419117053,0.9624577343016794,1
4255,0.9285897689413037,0.9624904760102804,1
4256,0.5488110520649081,0.9626216891988759,1
4257,0.5780051297198531,0.9626532591792247,1
4258,0.4302784171292091,0.9627200888414985,1
4259,0.592114758118142,0.9629096790263098,1
4260,0.370024352426219,0.962941695587273,1
4261,0.8765004138109932,0.9631314387250219,1
4262,0.5095909184855354,0.9631369255144377,1
4263,0.5665228645250967,0.9631892596863008,1
4264,0.6136231053397156,0.9632841391156052,1
4265,0.7384008603501743,0.9633550244971146,1
4266,0.4130611639771601,0.9633771679162023,1
4267,0.39615437424098887,0.9633806715608746,1
4268,0.578041524643205,0.9635031813795392,1
4269,0.3680352041638475,0.9636868337416697,1
4270,0.6277195030232483,0.9637258172356532,1
4271,0.4207029110706806,0.9638927698143828,1
4272,0.9635450250720337,0.9644524237035527,1
4273,0.6079285248769946,0.9644658611153518,1
4274,0.632794501038979,0.9645629016152549,1
4275,0.4975501225811726,0.964570623137826,1
4276,0.6453294972689655,0.9646376903913865,1
4277,0.4738100840098012,0.9647554161536539,1
4278,0.5777364752193946,0.964789129035254,1
4279,0.7805716093382943,0.9648738514202514,1
4280,0.4838027568227732,0.9649242176302566,1
4281,0.5374421198865658,0.964933297158611,1
4282,0.48174124875266966,0.9650081958344592,1
4283,0.520950324353919,0.9650725920529243,1
4284,0.80593587647725,0.9651279303682989,1
4285,0.700229836161937,0.9651560165471498,1
4286,0.6060742291267825,0.9651612344613526,1
4287,0.7594517572252751,0.9652176181246565,1
4288,0.47228495302182716,0.9652224498181959,1
4289,0.5077728444920916,0.9652485772518464,1
4290,0.5451920357335124,0.9654675062007492,1
4291,0.5279592728955517,0.9655423720962957,1
4292,0.5241142053078971,0.9655945270968108,1
4293,0.6560219232147344,0.9656397212255903,1
4294,0.860437700978782,0.9656458521913435,1
4295,0.9080705229879859,0.9657125671526532,1
4296,0.580798959137798,0.9658455888793335,1
4297,0.5915391769137323,0.9658651654943657,1
4298,0.49821999854221855,0.9660133104610262,1
4299,0.26659531913821954,0.9663240756846868,1
4300,0.48211490809012214,0.9663286350619144,1
4301,0.509204894977617,0.9663670735955837,1
4302,0.6124634268503537,0.9663855681397296,1
4303,0.5800227842473453,0.9664167883908098,1
4304,0.5996348351451761,0.9664698839485643,1
4305,0.506535024068013,0.9666263863159346,1
4306,0.5005803561097845,0.9667906817023139,1
4307,0.5295030281871687,0.9669579527224672,1
4308,0.5743654327897275,0.9669795531786535,1
4309,0.5331742072015252,0.9672448933933957,1
4310,0.5370331708831069,0.9672915254198357,1
4311,0.600444977535203,0.9673838565710895,1
4312,0.9561500702287113,0.9673856991738525,1
4313,0.1823678748500035,0.9674455749645272,1
4314,0.4937667671160674,0.9676706031955343,1
4315,0.7228820561330881,0.9677070546487049,1
4316,0.8512714444861915,0.9677270166746861,1
4317,0.509077040994975,0.9678455783911786,1
4318,0.6468339503186933,0.9678504730756817,1
4319,0.6291416117202913,0.9678928807055857,1
4320,0.7010289576669034,0.9679051817915999,1
4321,0.5041494726937039,0.9679098295719668,1
4322,0.37153631543149856,0.9682389573053045,1
4323,0.7631465096527721,0.968255296775133,1
4324,0.5532089771365237,0.96836050404514,1
4325,0.38974168955935273,0.9683759063647766,1
4326,0.38223639913815577,0.968421282696526,1
4327,0.3023282418877745,0.968450585260219,1
4328,0.5546006630635952,0.9685469804149868,1
4329,0.6626019463469188,0.968600452714522,1
4330,0.6507463782500941,0.9686386203248716,1
4331,0.7260518922424096,0.9686458637738503,1
4332,0.3931196814511765,0.9686964105271765,1
4333,0.49019226742972,0.9687525381851934,1
4334,0.5672971975738633,0.9687585532266482,1
4335,0.4727547915364354,0.9687970215043247,1
4336,0.44889978957433574,0.9689684827476915,1
4337,0.5556168812534893,0.9689965905650203,1
4338,0.6306073528965364,0.969012147903113,1
4339,0.5562160672122903,0.969090369447706,1
4340,0.630246531444987,0.9691178375880937,1
4341,0.8652722957758703,0.9691303596357196,1
4342,0.508626515732223,0.9692816033004343,1
4343,0.5365823095773146,0.9693219710863625,1
4344,0.6475854221059117,0.9694864383009896,1
4345,0.40695961764238275,0.9695957903140207,1
4346,0.3720443579628866,0.9696079001682623,1
4347,0.23684169992959359,0.9696692726560466,1
4348,0.6186700515272435,0.9697009063975032,1
4349,0.5170250028825278,0.9697206952811462,1
4350,0.925031644285686,0.9697734408105415,1
4351,0.6377187163932845,0.9697916169482257,1
4352,0.6257147907440429,0.9698471346542932,1
4353,0.21468506601566395,0.9700034783219578,1
4354,0.5687877361048647,0.9701374807312657,1
4355,0.580753315925992,0.9701381799362131,1
4356,0.4757892296552002,0.9701439278058561,1
4357,0.5138049437409647,0.9703411263883266,1
4358,0.9400240753975031,0.9704364796095521,1
4359,0.44410077617452115,0.9705188418180708,1
4360,0.5479458871204475,0.9705717948879166,1
4361,0.6352918422639551,0.9706491617160812,1
4362,0.5806695574998566,0.9706894485196895,1
4363,0.5162813898387613,0.9707289106682484,1
4364,0.6467557402123008,0.9708327696656314,1
4365,0.6934110572354953,0.970860441498854,1
4366,0.6257128884989666,0.9708683734065173,1
4367,0.6169474126789274,0.970893496262053,1
4368,0.4656216841893862,0.9709737689979404,1
4369,0.5772799643414868,0.9710248429486563,1
4370,0.736181046414624,0.971224096695067,1
4371,0.583119119993593,0.9712858266512181,1
4372,0.43348866744511494,0.9714244672867481,1
4373,0.645753336908368,0.9714636339737336,1
4374,0.5272967197969236,0.9715159394145512,1
4375,0.5099832479195253,0.971516517886241,1
4376,0.615271948446552,0.971700850381194,1
4377,0.5205581575574415,0.9717767734892218,1
4378,0.5218623463867553,0.9718208770745973,1
4379,0.5403605065821575,0.9719037343120597,1
4380,0.5865230110959995,0.9719193834783724,1
4381,0.5465668713636433,0.9719464471095276,1
4382,0.5371882862775603,0.9719955378362056,1
4383,0.4441992221552755,0.9720417495133187,1
4384,0.6335026226870014,0.9722208741242675,1
4385,0.4557499893848713,0.9722495437335914,1
4386,0.6753291501715603,0.9723469228244678,1
4387,0.32500688961482094,0.9723908018855904,1
4388,0.6139522471103425,0.9723983673954599,1
4389,0.454292164127889,0.9724372202748165,1
4390,0.39586810770759007,0.9725589286697347,1
4391,0.6327847920659058,0.9725945598688435,1
4392,0.47005814325443374,0.9727499578852239,1
4393,0.6067627118299742,0.9727694443513428,1
4394,0.526134003927576,0.9729135559427774,1
4395,0.5736877255334931,0.9730298685543156,1
4396,0.47930461533532664,0.9731205340215582,1
4397,0.43189817092345273,0.9731839657567338,1
4398,0.4633177513356945,0.9732534688723086,1
4399,0.797065497780618,0.973307552197206,1
4400,0.5240545925959704,0.9733517311341022,1
4401,0.46354075682086615,0.9733960100060064,1
4402,0.8865683312501148,0.9735197344394104,1
4403,0.5379517586390011,0.9735688524026278,1
4404,0.750450934802493,0.9736441830323903,1
4405,0.3701361625166487,0.9737162743526252,1
4406,0.7188460250795503,0.9737552642525367,1
4407,0.7822018240404776,0.9737716082323454,1
4408,0.4477326507089364,0.973799023920154,1
4409,0.6295209793438904,0.9738132612430931,1
4410,0.6313981305162248,0.9738535731105864,1
4411,0.4915645875957799,0.9738789719206148,1
4412,0.7629895326708147,0.9739680918112742,1
4413,0.5539976167295791,0.9739959460814148,1
4414,0.3819856200692242,0.9739974267622756,1
4415,0.48031753543211186,0.9740203746669138,1
4416,0.6803837385432246,0.9741708917184387,1
4417,0.40757710202331066,0.9743250581515704,1
4418,0.5848259763447152,0.9743745053916957,1
4419,0.6825994651269036,0.9743863048965713,1
4420,0.5574697386937117,0.9744525656166614,1
4421,0.3055064922229419,0.9744792871589465,1
4422,0.4158935293901065,0.9744848287816331,1
4423,0.4087683033654862,0.9744884570983112,1
4424,0.5133819960601755,0.9745209537796221,1
4425,0.37321133198691014,0.9745618497935864,1
4426,0.47062028504101705,0.974564275009001,1
4427,0.5017510625307038,0.9747773634867071,1
4428,0.5223408342496838,0.9749355334971805,1
4429,0.5490809744047875,0.9749721529989528,1
4430,0.5495158223646681,0.9750379614544186,1
4431,0.5766989134354809,0.975328300718518,1
4432,0.40637298084013906,0.9754259512099784,1
4433,0.3911082361367778,0.9756124506372278,1
4434,0.4396082891567088,0.9758285714894412,1
4435,0.5381789337151002,0.9758440521747803,1
4436,0.5135792048359282,0.9758999308077179,1
4437,0.5289737980732276,0.9760335424082545,1
4438,0.6583915904375116,0.9760626633928198,1
4439,0.8471662514811906,0.9761878996773484,1
4440,0.6695845076337587,0.976212422875478,1
4441,0.874504316141432,0.9762969980482179,1
4442,0.4646046983624307,0.9763387472327707,1
4443,0.6642571104825047,0.97639166127039,1
4444,0.38642535143423085,0.9764360850982278,1
4445,0.5446497568797313,0.976513352776164,1
4446,0.5819211344624702,0.9766891660708011,1
4447,0.5651858555906117,0.9767408788853075,1
4448,0.6118009964927653,0.9767633641182752,1
4449,0.6211472508047378,0.9769451880603125,1
4450,0.6943281215854438,0.9769730338456042,1
4451,0.5397711471489562,0.9772715399725429,1
4452,0.44377163705597344,0.9772962383556504,1
4453,0.5352460277791821,0.9773229764815353,1
4454,0.4613681298719272,0.977452102648451,1
4455,0.3415005376067436,0.9775196915868243,1
4456,0.4660991192036543,0.9775946948037171,1
4457,0.5250855331736007,0.9776407993545763,1
4458,0.8976358352720701,0.9776715877625589,1
4459,0.8646383302939109,0.9777225606641252,1
4460,0.6389990451389114,0.9780643350526038,1
4461,0.5267804835358203,0.978083865013192,1
4462,0.4534102402087007,0.9781799772613726,1
4463,0.7605395326354747,0.9782029395937234,1
4464,0.6098304229354425,0.9782995337160598,1
4465,0.6335867221191102,0.978373833290122,1
4466,0.42103146552679926,0.9783867058448857,1
4467,0.39196283779013874,0.9785327817999682,1
4468,0.40525864218492713,0.9785541969000496,1
4469,0.6997970742896149,0.9787630455423487,1
4470,0.3805292550485805,0.9788108362479401,1
4471,0.7252094690618379,0.9788939561526244,1
4472,0.4456948360029429,0.97900166986649,1
4473,0.4762228269800617,0.9790066734832031,1
4474,0.3098014663669989,0.9791024008449183,1
4475,0.7484830802280924,0.979191173818075,1
4476,0.45512827204839434,0.9791972584925909,1
4477,0.770150537064374,0.9792222295496772,1
4478,0.4927897730716867,0.9792880168794851,1
4479,0.4931062314904151,0.979305321353687,1
4480,0.6690093302593152,0.9793427842120925,1
4481,0.5997933342294597,0.9794626790899925,1
4482,0.43790852374795053,0.97960782862689,1
4483,0.4613261876925965,0.9796452931231326,1
4484,0.8061190615317363,0.9796714227840833,1
4485,0.6226144360494836,0.979697810863164,1
4486,0.45779693131725574,0.9798036351206629,1
4487,0.5850248006629973,0.9798273678331608,1
4488,0.4297916476723711,0.979851299573217,1
4489,0.33605486225488146,0.9798696922238757,1
4490,0.4941156723377914,0.9799317625474462,1
4491,0.7517762749680688,0.980076652992887,1
4492,0.5145616710332745,0.9800780041393828,1
4493,0.4280895473805695,0.9801637423503649,1
4494,0.582139983273468,0.9801783048722611,1
4495,0.4288279306498408,0.9802175563972831,1
4496,0.44681670117929384,0.9802580940061043,1
4497,0.6559095113820028,0.9803506283238659,1
4498,0.6004001859423481,0.9803972105403087,1
4499,0.5829397067014987,0.9804554427392448,1
4500,0.828286737822875,0.9804634999660338,1
4501,0.4708664966311972,0.980503860609374,1
4502,0.47474506627400426,0.9807195946742422,1
4503,0.4830394549653767,0.980738793377797,1
4504,0.5397953192503814,0.9807601232017614,1
4505,0.48992971322318246,0.9807853088202282,1
4506,0.7678839267544356,0.9809820545664598,1
4507,0.5746898114840051,0.9809878197615618,1
4508,0.606482492996015,0.9810255885281495,1
4509,0.5903780722187885,0.9810479443012847,1
4510,0.4896494732126522,0.9811232450124826,1
4511,0.4674064036294513,0.9811838597893859,1
4512,0.5522699699585613,0.9811966626425744,1
4513,0.5164088003615803,0.9812051288841913,1
4514,0.5288142822522037,0.9812692803168155,1
4515,0.7687656168589992,0.9813165018864085,1
4516,0.7160559019680268,0.9813175592201002,1
4517,0.41407718952952877,0.9813568139145081,1
4518,0.39612651058630555,0.9814392232183307,1
4519,0.49796051389649987,0.9814731013732046,1
4520,0.33665956325189805,0.9815055743460941,1
4521,0.7174794056960562,0.981534735968779,1
4522,0.4793999696056854,0.9815920218580405,1
4523,0.5150966142795946,0.9816220205188692,1
4524,0.6298097297977813,0.9816358512537822,1
4525,0.4472262786405582,0.9816656212726944,1
4526,0.7411318823921657,0.981721996134392,1
4527,0.5892467742590259,0.9818607229268965,1
4528,0.7388364693101116,0.9818867960128882,1
4529,0.9115590897949605,0.9819249162143495,1
4530,0.5335921072910045,0.9819421996680834,1
4531,0.4896494732126522,0.9819742046602914,1
4532,0.4497044511167454,0.9819763558762197,1
4533,0.3641686638736563,0.9820513340142396,1
4534,0.43829537933404417,0.9820652568087005,1
4535,0.4825064586048271,0.9821043819048034,1
4536,0.5073632353240517,0.9821904060719691,1
4537,0.47133128416633063,0.9823616576330161,1
4538,0.5040758602875489,0.9824665141691165,1
4539,0.7813363354142147,0.9826003935273572,1
4540,0.6197098839813806,0.9826008058011009,1
4541,0.5859546445348465,0.9826538432322738,1
4542,0.6514451706008856,0.9827025608376819,1
4543,0.5382455746459875,0.9827400071335884,1
4544,0.5808365880095314,0.9827451850221625,1
4545,0.3560831025470078,0.9828935823834123,1
4546,0.425013688669144,0.9829403947902371,1
4547,0.6668935086586664,0.9831481066855231,1
4548,0.6644200200443874,0.9832627444535526,1
4549,0.77296354762871,0.9833712800843342,1
4550,0.5808451840782574,0.9835252044077779,1
4551,0.43931111485097485,0.9835665151319121,1
4552,0.5008888534581315,0.98361267776155,1
4553,0.43252731565108604,0.9836452708827315,1
4554,0.3334085964375897,0.9837122894335079,1
4555,0.7359129157665318,0.9838186016814259,1
4556,0.4669635153716155,0.983872026421704,1
4557,0.5754248021177254,0.9838757806680832,1
4558,0.13148171683401855,0.9840430116654503,1
4559,0.5158603372912456,0.9840891197045855,1
4560,0.409206332404472,0.9842936205087809,1
4561,0.42718982914089376,0.9843225648552272,1
4562,0.46129658206936897,0.9844065592483269,1
4563,0.4609999138877662,0.984415075627158,1
4564,0.40079021935883874,0.9844508900440239,1
4565,0.49201252053196076,0.9845125935875176,1
4566,0.558941006817609,0.9845139958793595,1
4567,0.5812979872276383,0.9845204238937125,1
4568,0.6941035490194106,0.9845422455383764,1
4569,0.44898283317135557,0.984568004021421,1
4570,0.4078148382906238,0.9846507851145405,1
4571,0.5935055342261079,0.9846864196749474,1
4572,0.8278607025051156,0.9847168359683315,1
4573,0.46163874643289904,0.98482895242065,1
4574,0.62261721593105,0.9848998038222112,1
4575,0.7712414490947319,0.98490571917329,1
4576,0.45994393662532507,0.9850516013639313,1
4577,0.5127986978786055,0.9852286958168446,1
4578,0.3558370887078002,0.9852414188979047,1
4579,0.38833793673293404,0.9853637898473917,1
4580,0.5015749944960027,0.9853926765150495,1
4581,0.5484555885894716,0.9854255413144879,1
4582,0.6616074063545792,0.9854529674057686,1
4583,0.35691198184613027,0.9854899878874567,1
4584,0.5095351421537552,0.9855391917488401,1
4585,0.4774726467957975,0.9855406746671208,1
4586,0.5500420671261714,0.985575958782319,1
4587,0.6657705479698802,0.9855930800419148,1
4588,0.43089026396455266,0.9856339082209762,1
4589,0.26486504618484263,0.9856735505386565,1
4590,0.43975906944797083,0.9856920105780326,1
4591,0.48649467575359717,0.9857491650624307,1
4592,0.5203800604583375,0.9858357784565974,1
4593,0.24141707101500764,0.9859751672433812,1
4594,0.5762201386909309,0.9859998420287664,1
4595,0.27904127179039284,0.9860069746235877,1
4596,0.544860152563351,0.9860086672975743,1
4597,0.41770476875886287,0.9860285323943596,1
4598,0.51557928500492,0.986036787545511,1
4599,0.4585603140945699,0.9860418405332058,1
4600,0.7171324101508486,0.9861295859128728,1
4601,0.44392118453201157,0.986146833075569,1
4602,0.4877755838243255,0.9862212515293822,1
4603,0.6419983295955769,0.9862478221872364,1
4604,0.44988212415895945,0.9862805300199593,1
4605,0.6419983295955769,0.9863891897673998,1
4606,0.5086329728529205,0.9863932825246405,1
4607,0.45986182265351905,0.9866165727142674,1
4608,0.5037568645615563,0.9866422861996647,1
4609,0.4608672531715954,0.9866484764789452,1
4610,0.5232383639903011,0.9867075691724964,1
4611,0.5016456685345082,0.9867438482738224,1
4612,0.49471212006666987,0.9867676393569084,1
4613,0.551765737763984,0.9867734817649177,1
4614,0.553402285428567,0.9868100690731092,1
4615,0.5376260301322653,0.9868298745971014,1
4616,0.5640151097081807,0.9869385204763635,1
4617,0.6390402736198861,0.9869943708414437,1
4618,0.5183763444229929,0.98702615412417,1
4619,0.28080827641865125,0.9871131773314894,1
4620,0.31866254969345376,0.9871184024971614,1
4621,0.43822665649624515,0.9871624139445478,1
4622,0.2835085473858895,0.9872383649176416,1
4623,0.4679297134374717,0.9873378518119799,1
4624,0.49934090733637393,0.9873937417770556,1
4625,0.6434652639329851,0.9874569372847639,1
4626,0.37906715727939677,0.9875918809773898,1
4627,0.4917932131353131,0.9876095279288625,1
4628,0.5909545243750917,0.9876119766229919,1
4629,0.409739226888151,0.9876391224573391,1
4630,0.7071448451557034,0.987678008439768,1
4631,0.5548632489482342,0.9876963834221575,1
4632,0.5492262440742967,0.9877195595290693,1
4633,0.4852735357807778,0.9877434346057301,1
4634,0.809702498627374,0.9879403624106039,1
4635,0.5512574431857855,0.9880631879013546,1
4636,0.5354348742061906,0.9881732297734512,1
4637,0.572442994531717,0.988177490085218,1
4638,0.8109753885560202,0.9882233958090101,1
4639,0.4714714335769655,0.9882801074753034,1
4640,0.538652373412756,0.988368762149212,1
4641,0.6967468855569585,0.988376160771359,1
4642,0.44226176076140566,0.9884402146157755,1
4643,0.5519833134248672,0.988668930327898,1
4644,0.5570987135863821,0.9887378753265783,1
4645,0.5492262440742967,0.9887385234233906,1
4646,0.40293996497668416,0.9888223735439301,1
4647,0.37716256028412976,0.9889851310610692,1
4648,0.4519014164575508,0.9891066034130366,1
4649,0.4992356553063617,0.9891860862849128,1
4650,0.46394136380558526,0.9894209291120923,1
4651,0.3390645280766904,0.9894318986476338,1
4652,0.5078610338625188,0.989461541362581,1
4653,0.4999681030597707,0.9894763786297266,1
4654,0.8875378174546223,0.9895559220928327,1
4655,0.2951962305096679,0.9895776778011929,1
4656,0.5798716663701031,0.989648702319344,1
4657,0.6242385655683585,0.989697946306089,1
4658,0.721675997834467,0.989718456764782,1
4659,0.5471758909465159,0.9897403704804224,1
4660,0.4585902599742413,0.9898202465412422,1
4661,0.4595198168657686,0.9899340192663951,1
4662,0.4835018472224373,0.9899650863713247,1
4663,0.3521471442813007,0.990026403262934,1
4664,0.8973670137037186,0.9900742823632427,1
4665,0.4691579813312645,0.9901031106889016,1
4666,0.5447847763978001,0.990116994717637,1
4667,0.49326069404570083,0.9902185062673771,1
4668,0.46115840785386464,0.9902720892153299,1
4669,0.6021738165505394,0.9904417419732394,1
4670,0.40360809798480113,0.990476796186901,1
4671,0.48027598776202796,0.9904819043002278,1
4672,0.34339176052137266,0.9905403204195589,1
4673,0.8187596523759466,0.9906228325823557,1
4674,0.4691579813312645,0.9907156485311737,1
4675,0.4001136600391273,0.9909256875606858,1
4676,0.49728267304384666,0.9910114618091646,1
4677,0.47974555741004465,0.9911109937818761,1
4678,0.7173577874215298,0.9911304152180719,1
4679,0.6073560062962626,0.9911377993713135,1
4680,0.9663125608664929,0.9911587835991104,1
4681,0.47409190340777096,0.9912085092129739,1
4682,0.47318352012123277,0.991298658433954,1
4683,0.49526941704324734,0.9914296278398164,1
4684,0.4816743566301923,0.9914576720962652,1
4685,0.4869336946331684,0.9915191392573444,1
4686,0.392303868094126,0.9915434805916593,1
4687,0.43839267550601513,0.9915680141188077,1
4688,0.5139238796630641,0.9916679326280103,1
4689,0.4860607212907383,0.991758796126478,1
4690,0.2309960841674411,0.9918750611879122,1
4691,0.47801108250691404,0.9919181759506879,1
4692,0.4995746123964214,0.992034644022876,1
4693,0.4799833131241308,0.9921119526866804,1
4694,0.4310353652047554,0.9922542045646168,1
4695,0.5282460007569705,0.9923226671990506,1
4696,0.4371513787567013,0.9923265903568402,1
4697,0.7129662802067191,0.9924733312682938,1
4698,0.42966955270673357,0.9925424430741857,1
4699,0.5298004264898591,0.9926643435790833,1
4700,0.6192163250012169,0.9926810442561301,1
4701,0.4804719215963895,0.9927207057738313,1
4702,0.44157901564233915,0.992739912378126,1
4703,0.6429297618289429,0.992781940564916,1
4704,0.7171727689652659,0.9928241810206401,1
4705,0.5056492425378488,0.9928753715157187,1
4706,0.5851287903816089,0.9931213811997851,1
4707,0.4385777524823741,0.9931530688995739,1
4708,0.4503496798638772,0.9932284046976975,1
4709,0.25987999285482233,0.9932583165681903,1
4710,0.743137652086977,0.9932693300231972,1
4711,0.3349779880633249,0.993380023687166,1
4712,0.8871931679403977,0.9933897810498388,1
4713,0.42031081571357787,0.9934471726154266,1
4714,0.4782567070907294,0.9934756701133538,1
4715,0.46927677680214797,0.9935643061361034,1
4716,0.6467557402123008,0.9935711332621573,1
4717,0.3435709492465501,0.9936531029334901,1
4718,0.4260111310104957,0.9938147656857991,1
4719,0.3645107372494071,0.9938767183524713,1
4720,0.5035720028102213,0.9942669808852433,1
4721,0.45067780694976434,0.9943244684267164,1
4722,0.6712557239773663,0.9944216740153171,1
4723,0.40321677110615317,0.9944471975809496,1
4724,0.6491404508165507,0.9944525052960984,1
4725,0.47257385563535015,0.9944542732910441,1
4726,0.43255775691811205,0.9945520953441676,1
4727,0.473022330144667,0.994683153632189,1
4728,0.7927777517404493,0.9947481218422981,1
4729,0.5540895028930842,0.9947838009220255,1
4730,0.4302784171292091,0.9948864487803674,1
4731,0.5052015152616094,0.9950014487972246,1
4732,0.42910707743013554,0.9950362976856,1
4733,0.4808481786779205,0.9951532472226797,1
4734,0.5277630710047694,0.9951725476999189,1
4735,0.5483209849117453,0.9954227958108649,1
4736,0.44807224285302916,0.9954437379785558,1
4737,0.5546864325898184,0.9954623333187187,1
4738,0.4672162084140862,0.9954830258200834,1
4739,0.37153631543149856,0.9954916072295407,1
4740,0.5103374378206726,0.9955090434475986,1
4741,0.3788918441567004,0.9955187080644193,1
4742,0.47621173421204754,0.9955555552980452,1
4743,0.41704583163358366,0.9957475750095509,1
4744,0.4592326017542614,0.9958246920081429,1
4745,0.40763131092621807,0.9958763100557603,1
4746,0.46374072750324336,0.9958882371167889,1
4747,0.43735449550935857,0.9959668665444761,1
4748,0.4687074596626437,0.9960001799945254,1
4749,0.5143321866776394,0.9960176492377693,1
4750,0.9257044778166482,0.9960256652391596,1
4751,0.39416821138549474,0.9960407140425257,1
4752,0.3092428674258444,0.9960598920659915,1
4753,0.4369394027217369,0.996063389706796,1
4754,0.43448526917790353,0.9961734566816967,1
4755,0.3871801876059353,0.9961926780690645,1
4756,0.4273839422017025,0.9962496671311973,1
4757,0.47721526961964056,0.9964137503125241,1
4758,0.4675899256089884,0.9964196325561202,1
4759,0.4923468846363278,0.9964279008575552,1
4760,0.4708664966311972,0.9965171924851896,1
4761,0.44159118739232084,0.996672351042673,1
4762,0.4525603631648861,0.996764704663912,1
4763,0.4177817725630174,0.9968394510252027,1
4764,0.5347852448725511,0.9968805886362152,1
4765,0.4800608323407687,0.9970509266155023,1
4766,0.46998995470400795,0.9971544048132895,1
4767,0.4121058454185995,0.9971638735845629,1
4768,0.47409190340777096,0.9971746667180099,1
4769,0.4664848261570478,0.9971760849917035,1
4770,0.44226415602964075,0.9972412937896238,1
4771,0.3892108548613791,0.9972585059118747,1
4772,0.43954802417041783,0.9972802911509382,1
4773,0.37954438734958795,0.9973887614696825,1
4774,0.42960257489937503,0.9974303348988681,1
4775,0.36857661192101976,0.9974370739117654,1
4776,0.450331676977069,0.9975336327070154,1
4777,0.41654227007479416,0.997575411930263,1
4778,0.4448606573844882,0.9976421320804738,1
4779,0.5435931961066705,0.997886219553159,1
4780,0.6363627559751265,0.9979262089185957,1
4781,0.5344170836001604,0.9980245264071074,1
4782,0.4665589568122649,0.9980429070403909,1
4783,0.3480621138205179,0.9980476935554521,1
4784,0.4441992221552755,0.998073382282449,1
4785,0.44276474999468274,0.9981226728729272,1
4786,0.44479816151572016,0.99821858541701,1
4787,0.4166023368022266,0.9982378000650335,1
4788,0.4159679636054068,0.9982869676518149,1
4789,0.45542828002674396,0.9984019167705069,1
4790,0.4363516826183217,0.998605194020925,1
4791,0.37680237992479204,0.9986420962825618,1
4792,0.44396079939827526,0.9987809366163874,1
4793,0.40239103874732574,0.9988105165458061,1
4794,0.5185301658130138,0.9988316689760435,1
4795,0.4946999084984345,0.9988393347495489,1
4796,0.3523186295300549,0.9988529272872038,1
4797,0.4973874647338292,0.9989261237510433,1
4798,0.43506351071599003,0.9990430622146843,1
4799,0.42231890271004346,0.9990767570879104,1
4800,0.4573840231736478,0.9991567102622911,1
4801,0.4189811897758555,0.9992045792717406,1
4802,0.4616816778296928,0.9994087835361894,1
4803,0.43342609897994844,0.9994092230744052,1
4804,0.4388863393078959,0.9994233133671889,1
4805,0.3998154050688275,0.9995459725425461,1
4806,0.44883593773670205,0.9995847041620949,1
4807,0.43360400840071556,0.9996214403440167,1
4808,0.41820913017361794,0.9996655651938023,1
4809,0.4298387521509426,0.9997280419705532,1
4810,0.42720226595951905,0.9997336088720303,1
4811,1.4884305435280965e-05,inf,0
4812,0.40205458906723823,inf,1
4813,0.42916890700715005,inf,1
