,Birth,Death,Dimension
0,0.014410746493431215,0.01860641422802889,0
1,0.01722806161637458,0.01866539596918182,0
2,0.022019122637154553,0.028830295477493162,0
3,0.029131876218707498,0.04053128083659563,0
4,0.03872382688331466,0.04430131513269042,0
5,0.0424169402250546,0.04638219875180083,0
6,0.00980428085531937,0.05072587501182779,0
7,0.03249917784385348,0.05304323213706463,0
8,0.052025102851046334,0.05509845677537184,0
9,0.03309612185377442,0.05666051434826658,0
10,0.023940868607139953,0.05679111663957459,0
11,0.04391217566013694,0.05831515574374413,0
12,0.01996221719191804,0.059394782540831526,0
13,0.040171068538286114,0.05988273146883538,0
14,0.05644111762815007,0.06357424741343609,0
15,0.032354760365509216,0.06495171194163041,0
16,0.011436870539006327,0.06567830513785322,0
17,0.012845532833545614,0.06578406017315153,0
18,0.048176363614568785,0.06688286884730099,0
19,0.00605071512276778,0.06883358641386772,0
20,0.05195733479706455,0.06916524740221863,0
21,0.039713748249434855,0.07150913697502526,0
22,0.058372398563176664,0.07205824519940351,0
23,0.023310772802072943,0.07205824519940351,0
24,0.027433114860411112,0.07222865371158416,0
25,0.017359247884569995,0.07273813034489895,0
26,0.06374967420666589,0.07278835166494557,0
27,0.0472241735908433,0.0732156110562614,0
28,0.039348336706999554,0.07358577669794453,0
29,0.02102045907751071,0.07422177350203663,0
30,0.05962478678889338,0.0757708480021253,0
31,0.012862659289771261,0.07813401336473702,0
32,0.05111019560172769,0.0784802414342548,0
33,0.03985219386613037,0.07929028936028737,0
34,0.007231851577946147,0.07929028936028737,0
35,0.017025545764683958,0.08074445440699984,0
36,0.016661602272615594,0.08264187107647669,0
37,0.0627623988246565,0.0836479104997071,0
38,0.02478100744589895,0.08372772121785321,0
39,0.05544477595472441,0.08513769804375937,0
40,0.04606979063636785,0.08528169050004197,0
41,0.01784949178713824,0.08646414309071404,0
42,0.08558687404124687,0.08923222296599176,0
43,0.05544046930739477,0.08985684404863481,0
44,0.039886919439090396,0.09000409417385502,0
45,0.07588303768687799,0.09072287176723781,0
46,0.0872264309728753,0.09077198870300418,0
47,0.05895071641274241,0.0909856971463493,0
48,0.08696395456153971,0.09118099105722688,0
49,0.08837753639795254,0.09258760159848411,0
50,0.037317096376470626,0.09280120019339866,0
51,0.05349156138579014,0.09408143700032345,0
52,0.07168902523756748,0.09540264680163857,0
53,0.035973844714899395,0.09700045126871504,0
54,0.016155056266195733,0.09858542209576626,0
55,0.0912678217104369,0.09909388576602662,0
56,0.07293690844659462,0.10060812105884975,0
57,0.013884499571287345,0.10221792863263646,0
58,0.0617951718868458,0.10255672780637282,0
59,0.010021072436305123,0.10456647804470265,0
60,0.046942715289620573,0.10498292278306065,0
61,0.03348797110152968,0.10502368409419471,0
62,0.05860196419424102,0.10503941844425058,0
63,0.047757378404666984,0.10554274774527528,0
64,0.07567307603093198,0.10559586762832374,0
65,0.04566445759423399,0.10567572067968234,0
66,0.0781777472779327,0.10672264129954467,0
67,0.055973288856880465,0.10687266742955914,0
68,0.04999682609423117,0.10849898567840288,0
69,0.06867272946176628,0.10864310288060963,0
70,0.0683357434834545,0.10870006714758829,0
71,0.06841130226977588,0.10878494657304683,0
72,0.030179106318863003,0.10985456928266246,0
73,0.09016064433345594,0.10986825863278193,0
74,0.01683229842251932,0.11002972368528674,0
75,0.015769791154710777,0.11164846431184838,0
76,0.09174732553647025,0.11217040371502929,0
77,0.020328993737639522,0.11228152755430632,0
78,0.08049963524054304,0.11242180623133535,0
79,0.07939975514432762,0.11251337726786714,0
80,0.04183517916255253,0.11360125215628991,0
81,0.07141288766394693,0.1136600492877552,0
82,0.08433299471200506,0.11406947518207988,0
83,0.059118634187070085,0.1141268166284346,0
84,0.0598972120116692,0.11413754744053028,0
85,0.0324345854402297,0.11499072834503132,0
86,0.05905564803785801,0.11609777318709402,0
87,0.11283732132886992,0.11764322311100128,0
88,0.08846160168353123,0.11781947408571292,0
89,0.023635018166226707,0.11792937311505458,0
90,0.037217198835389986,0.11881510200478185,0
91,0.017477562778781763,0.11919679129496552,0
92,0.03515025835788399,0.11969725406804377,0
93,0.07878486765948056,0.12030645373737059,0
94,0.1177807103397962,0.12059587903275337,0
95,0.007595160795137779,0.12059587903275337,0
96,0.05834929218253171,0.12060522373152971,0
97,0.08884455475547692,0.12094957381193838,0
98,0.11358650718497154,0.12109719879842751,0
99,0.0215084749342902,0.12141628514983971,0
100,0.026385481860910942,0.12142036694736824,0
101,0.12215751205658143,0.12320279479766705,0
102,0.049403579283110566,0.1237836337596937,0
103,0.04945734194592544,0.12389952918352332,0
104,0.09351280621555025,0.12434092598774604,0
105,0.08378293310708052,0.12495777149671428,0
106,0.058997859131110886,0.1250501201589952,0
107,0.05074655948892248,0.12517620397399198,0
108,0.08954198967755,0.126124669839493,0
109,0.04756715874281303,0.126356017080281,0
110,0.024853496992593205,0.12736783720161204,0
111,0.08609635413225203,0.12747706420085525,0
112,0.02189018840569734,0.1275583005957348,0
113,0.02703073699087566,0.12868238267835386,0
114,0.11020398663622621,0.1289237315405315,0
115,0.05886944582851139,0.12928834841653336,0
116,0.06896315526772934,0.13006760853040722,0
117,0.05997738991276691,0.13006760853040722,0
118,0.06891475445685502,0.13054696438243552,0
119,0.12306211569309344,0.13114168268107929,0
120,0.06892199641439078,0.13153464949096583,0
121,0.049694946765189485,0.13153464949096583,0
122,0.13018328790339828,0.13178006719601132,0
123,0.10730538996357919,0.132177359102423,0
124,0.0993939209063458,0.13268046355105256,0
125,0.08775835040705149,0.1327358766575928,0
126,0.05471986587654831,0.13276951623421818,0
127,0.03984405771368249,0.13286247067430912,0
128,0.11727718628671935,0.13369715211311306,0
129,0.027045995042429327,0.1354098921531146,0
130,0.0325799726420104,0.13553250107954828,0
131,0.009045210982760676,0.13736579768594293,0
132,0.08656339514707434,0.13823204040593184,0
133,0.008880712926645162,0.13827765561807992,0
134,0.13606118513820398,0.13896898456273976,0
135,0.09717716989378455,0.13920136132711203,0
136,0.09139686868387908,0.13932691129105823,0
137,0.0836589006157773,0.13999588680537534,0
138,0.10859438415180389,0.14072887038385584,0
139,0.04639178702458002,0.1407382836374087,0
140,0.027884586470115824,0.1407382836374087,0
141,0.04508675284806585,0.14091200436790552,0
142,0.1110834523680112,0.14164601901103901,0
143,0.057861923113739056,0.14207305471920828,0
144,0.10280374809367354,0.14278784220352903,0
145,0.03589739130104175,0.14278784220352903,0
146,0.08486018449991717,0.14291989963031426,0
147,0.12515686223916256,0.1435497841717973,0
148,0.0606128970896207,0.1440127889363757,0
149,0.04507241844658272,0.14482963911382096,0
150,0.024043573892936876,0.14501327302886535,0
151,0.11114196736667614,0.145212571831833,0
152,0.07453729625687133,0.14536959521745907,0
153,0.05230292910599044,0.1455643212415184,0
154,0.015973553777630878,0.14621343892356886,0
155,0.11725108961574715,0.14633114742494235,0
156,0.04155323941966016,0.14699502764054517,0
157,0.08962475640264411,0.1477557040962918,0
158,0.10233247719954719,0.14779874217553912,0
159,0.11358617319340802,0.14794752001030276,0
160,0.09495478570837979,0.14794752001030276,0
161,0.056663678301474896,0.1483315834702713,0
162,0.06915228717470878,0.14838043557436054,0
163,0.13460109981294766,0.1483986228160612,0
164,0.009698584781510755,0.1489948169201062,0
165,0.05675642415144344,0.1494062873516322,0
166,0.10733547274085964,0.1496845824999956,0
167,0.14073692587280584,0.1499975161254984,0
168,0.14987176304099747,0.1500336905911014,0
169,0.10019141065524695,0.1511123473700433,0
170,0.1177763880846533,0.15144283041933737,1
171,0.11741950229374643,0.1515192398852746,0
172,0.03536925661965873,0.15153753360006839,0
173,0.014833576318029618,0.15189037144328665,0
174,0.0327157383036758,0.1522409552154277,0
175,0.1393271286149631,0.15253062393218586,0
176,0.10747074489206376,0.15280321924905316,0
177,0.06624956221997524,0.15310227266129417,0
178,0.021322681141231037,0.15329122889258562,0
179,0.13432625321127512,0.1533922687837339,0
180,0.051254539973781044,0.15349515827529026,0
181,0.07513066357657316,0.15371951474363832,0
182,0.036014534408494114,0.1539270107505738,0
183,0.0951902927744478,0.15396436960233717,0
184,0.01717178720117718,0.15396436960233717,0
185,0.09991394402648546,0.1545123429201949,0
186,0.026256653950277653,0.15469766935422924,0
187,0.050742692596743244,0.15488122848206054,0
188,0.04711808218857405,0.1551390518686615,0
189,0.1462815328726923,0.15516848281392048,0
190,0.14124339413452658,0.15520871369972178,0
191,0.0916793485834082,0.1553497891611315,0
192,0.10159680711648977,0.15535586142202973,0
193,0.15424287479679322,0.15586686884074497,0
194,0.01573826682980417,0.15602021983811853,0
195,0.049046014963293194,0.15602021983811853,0
196,0.05321724422883112,0.15686982175088426,0
197,0.08169238659620448,0.1581074163314301,0
198,0.08310540033241054,0.15816335847435992,0
199,0.0542354016655221,0.15874251388457727,0
200,0.1030831075852563,0.15906363379039568,0
201,0.08400094712336514,0.1591101749552727,0
202,0.07653471933301648,0.16051668169571764,0
203,0.10895011736615923,0.16052109151130967,0
204,0.06880500080955787,0.16053547210446817,0
205,0.07251549456124529,0.16061412955256604,0
206,0.15613723724993533,0.16076405516716985,0
207,0.11402433615159879,0.1614319834168435,0
208,0.05558910571185338,0.1614319834168435,0
209,0.12991149843247918,0.16196088580508605,0
210,0.058525510212453,0.16219398994891687,0
211,0.09915563884303391,0.16237609774917894,0
212,0.14575913990098877,0.1624838822257645,0
213,0.11488492944599371,0.16286141734252413,0
214,0.14540546131486487,0.16357549119199422,0
215,0.12301173842532176,0.16408315102460713,0
216,0.1069025355429617,0.16442874023869092,0
217,0.062476756200581574,0.16472093224332818,0
218,0.027509650648333994,0.16501230868282224,0
219,0.031466706416246604,0.16552246392030734,0
220,0.029110027183979037,0.16611029880725414,0
221,0.10072887496601102,0.16659394199964384,0
222,0.007255330902361301,0.16674565497391713,0
223,0.03534188420558215,0.16699142826839697,0
224,0.06778050333862373,0.1672648226933866,0
225,0.010665730703425802,0.16764768650918893,0
226,0.021384765561793362,0.16777766582604303,0
227,0.06766666958699508,0.16784838960896875,0
228,0.045464495543404704,0.16831227949623218,0
229,0.12449122660714362,0.16831992550951524,0
230,0.018261069136348174,0.16842554675383115,0
231,0.07994609341573122,0.16848556177865226,0
232,0.04588828223862351,0.16887857772729098,0
233,0.06539401656510102,0.16918765827718363,0
234,0.052101156687169636,0.16945189489048196,0
235,0.13199543367701028,0.16991317126999372,0
236,0.014414348677793565,0.17014598847478657,0
237,0.10474997141228914,0.17044544718741328,0
238,0.02328306667816249,0.17102200128861866,0
239,0.12172289174341666,0.1710839193984942,0
240,0.06243245876488568,0.17109430964442063,0
241,0.04425086501407338,0.1712911478472765,0
242,0.043477299164992544,0.1720378295261895,0
243,0.15430755018742226,0.1723856465332203,0
244,0.06600089758322436,0.17377019147740413,0
245,0.10657399227714659,0.1749650350987455,0
246,0.11185277250119241,0.1750607105171258,0
247,0.14743228652685536,0.1758994554126614,0
248,0.13132968052102223,0.17642725315461083,0
249,0.027015788126099283,0.17662587931317986,0
250,0.08614182463973019,0.17676599777781254,0
251,0.07135516908114936,0.17683774900085925,0
252,0.09068577719187754,0.17683774900085925,0
253,0.02856053801489311,0.1770189620011895,0
254,0.10081109837417346,0.17745832998190236,0
255,0.14137113000902624,0.1781053372897643,0
256,0.10801070905783594,0.1781053372897643,0
257,0.07707737147939908,0.1782404252300449,0
258,0.03767773067810043,0.1788820273897106,0
259,0.07744957590484858,0.17891515061674734,0
260,0.1370776245461025,0.17894374848399397,0
261,0.09666264352260434,0.1790230909071261,0
262,0.13733453395781137,0.1796374962391295,0
263,0.05001693748905356,0.18018927151563613,0
264,0.11766177941283995,0.18030498334123524,0
265,0.10990326416846341,0.181040299835736,0
266,0.08291786408591806,0.18214961106606498,1
267,0.07426168848405523,0.182320270684443,0
268,0.16421580092937227,0.18239453634232972,0
269,0.13547403912436629,0.18241170633142845,0
270,0.13352308481676456,0.18339668665524156,0
271,0.13187607568461024,0.1837682056116089,0
272,0.03821417348129774,0.18416431361926566,0
273,0.12579121267309157,0.1842076567208526,0
274,0.14580515401084249,0.18425487742949975,0
275,0.04085010493768315,0.1843190992884205,0
276,0.03591736877234286,0.1850231203918642,0
277,0.059621832822969956,0.1857868755643639,0
278,0.1383758375779489,0.18623756010304626,0
279,0.059310048126778536,0.18642756478000233,0
280,0.08885390978346042,0.18660547202247524,0
281,0.12687675651411778,0.186914801802461,0
282,0.11136051569372096,0.18698435272615044,0
283,0.10015732242166209,0.18702599589283175,0
284,0.03792293821733472,0.18735498614176616,0
285,0.008153389334312311,0.1875357556694679,0
286,0.021138721369044378,0.1876387819099149,0
287,0.15548112027642869,0.18885096997421236,0
288,0.15002052060923665,0.18889475379238663,0
289,0.1802371852707534,0.18889475379238663,0
290,0.11464078820429824,0.1889258512393076,0
291,0.14931498665266973,0.1889271457049787,0
292,0.18439797180895878,0.1893608440607919,0
293,0.09957112897434961,0.1895818882063649,0
294,0.07108157528069103,0.18979560998664868,0
295,0.03439994362794041,0.18979560998664868,0
296,0.07237070950603874,0.19011450660260565,0
297,0.08508406578079031,0.19069616884588725,0
298,0.1688901087309107,0.19104938425639506,0
299,0.12938186138775365,0.1917809909455538,0
300,0.002616961169958909,0.19180489659675737,0
301,0.18559345007801797,0.1924523406740546,0
302,0.1620694388767473,0.1925779950077524,0
303,0.09750638371797316,0.19279672590215136,0
304,0.035220764120804215,0.19296693637147078,0
305,0.12271814807186898,0.19316853289694147,0
306,0.06494772722001474,0.19346003064568273,0
307,0.05122778264874128,0.19357694659072888,0
308,0.18360039223848457,0.1936586859870435,0
309,0.06263992298510945,0.19410220026601355,0
310,0.024794068510854972,0.1941259367287127,0
311,0.08257519585091522,0.1941259367287127,0
312,0.08757370935456033,0.19437355067669226,0
313,0.17832426607620577,0.19469250455316167,0
314,0.09601250455334887,0.19513275008705355,0
315,0.08228089217621026,0.1951589168220047,0
316,0.14329767904818613,0.19549344650603817,0
317,0.03343061526473279,0.19569165953667744,0
318,0.08731792169569219,0.19580801753505273,0
319,0.029993300582535687,0.19584134541457054,0
320,0.16856315914362374,0.19600811156469378,0
321,0.0770760902692601,0.19613615948480667,0
322,0.13107938211865944,0.19635453942319891,0
323,0.15459119299949275,0.19637904020554897,0
324,0.07073288655517118,0.19637904020554897,0
325,0.11421327037806428,0.19663650401899568,0
326,0.11346596690033062,0.19711269716658342,0
327,0.08515870420247051,0.19714226208849128,0
328,0.03337057278745248,0.19728403069543676,0
329,0.068000731991822,0.1973989383522743,0
330,0.009054774583122316,0.19843827033182515,0
331,0.18342484558451644,0.19865815851385438,0
332,0.0683789452510647,0.19883127912305354,0
333,0.07546374412091295,0.19995837116868587,0
334,0.021147963964098904,0.20007234393759188,0
335,0.15732951879062074,0.20008206509122595,0
336,0.027429235414921593,0.20032507632711039,0
337,0.003812602597874082,0.20032507632711039,0
338,0.11010178404694715,0.20047353681285018,0
339,0.06124616611031608,0.20076261661977013,0
340,0.10418499183864116,0.20088092911343602,0
341,0.058522817878941424,0.20134621916776474,0
342,0.056090089024902756,0.2014203338003513,0
343,0.10688731426475795,0.2014526518544575,0
344,0.05038673842648089,0.2017007760552656,0
345,0.048290601356330565,0.2017007760552656,0
346,0.14926348499331843,0.20170514987001276,0
347,0.15718848514148298,0.20212137339117187,0
348,0.14319834159803702,0.20217690638855368,0
349,0.16153726382687061,0.20217690638855368,0
350,0.08472341510756942,0.2022543784928591,0
351,0.06401600257913409,0.20251645531268203,0
352,0.06040434032613984,0.20260447494768585,0
353,0.06419855099401028,0.20293882805364039,0
354,0.16813642029744236,0.20305307246548931,0
355,0.1064455563068305,0.2033071954724679,0
356,0.0852867893147129,0.2033448107810405,0
357,0.009853605745401284,0.20447376088920532,0
358,0.0028166516627875504,0.204522556556333,0
359,0.19200033063042266,0.20487794066774445,0
360,0.09798097360567037,0.2049276359532528,0
361,0.07157196481429962,0.2051618619274589,0
362,0.03765619251194163,0.2051618619274589,0
363,0.011333665839674767,0.20523965950826506,0
364,0.0198704530149042,0.20526587843990707,0
365,0.08805371602169443,0.20537965835947947,0
366,0.1287281152305192,0.2055448630851966,0
367,0.14497884624505197,0.2056892376438435,0
368,0.178607660111043,0.2061364533480331,0
369,0.14083974292452928,0.2061413165460968,0
370,0.03892934831002515,0.20621043359634994,0
371,0.0882953942357213,0.20646208107256803,0
372,0.17105801758014294,0.20656266214125485,0
373,0.04615418609758237,0.20678502018975997,0
374,0.015906556368164182,0.20703434827757838,0
375,0.06196432622711712,0.20728468164948977,0
376,0.041804587468734944,0.20732505823946734,0
377,0.04365720260108874,0.2074442875358905,0
378,0.11920952640167448,0.2080741163918084,0
379,0.0688456378444261,0.2082888850267165,0
380,0.014684906833899669,0.2083570494713225,0
381,0.007417742104147362,0.20836807156897807,0
382,0.0919238353884575,0.2089714570182981,0
383,0.036923541719882436,0.2092352100709377,0
384,0.05374866121386279,0.20926794464992793,0
385,0.0827074375261595,0.20946560831485295,0
386,0.055267630525196565,0.2096018447648781,0
387,0.09164391311140974,0.20962073719799423,0
388,0.011315243071448822,0.20963568814605915,0
389,0.11210795488738712,0.20967666399683715,0
390,0.1403288088842154,0.20980126398594212,0
391,0.008680139588659208,0.20981174767592314,0
392,0.19410012728411874,0.20996368295046586,0
393,0.06313993938848517,0.21022155370178508,0
394,0.11232642160279616,0.21108579296169605,0
395,0.10806166468902856,0.21118046364032383,0
396,0.07037571603439963,0.21118046364032383,0
397,0.07593880300673539,0.21138501232530682,0
398,0.09005278505559089,0.21160490084094086,0
399,0.013023391924888328,0.21197043019547324,0
400,0.13468684588729163,0.21213252236010915,0
401,0.005600897352106338,0.21219816270056036,0
402,0.13469317259474456,0.2122109179333329,0
403,0.010325837827441231,0.2126650592709114,0
404,0.05805112324908168,0.21272921437299763,0
405,0.024565031956919392,0.2127910895237749,0
406,0.11613041834665383,0.21354596502061207,0
407,0.08629034539045632,0.2138125931948186,0
408,0.02758879851328,0.21391697514868357,0
409,0.07271538705953118,0.21410839426941597,0
410,0.06863103850910857,0.21429330119619017,0
411,0.1782869541533617,0.2143808656161057,0
412,0.17511244483449961,0.21470469483687138,0
413,0.16507250845954846,0.21483207748668798,0
414,0.20923628733958488,0.2149246162853885,0
415,0.06447103236222163,0.21511961410582037,0
416,0.09556708560994243,0.21527832150043358,0
417,0.07898574698843785,0.2156783858476281,0
418,0.1666668713994599,0.21592016818369175,0
419,0.05899678736921099,0.2159965521212004,0
420,0.0586564837741983,0.21609969335783386,0
421,0.011547313031997963,0.21609969335783386,0
422,0.041686575578554264,0.21610631481826825,0
423,0.15449285001831825,0.21634912822296448,0
424,0.09535368331316085,0.21705586909633212,0
425,0.011438063423046319,0.21735363745582825,0
426,0.12748476825463373,0.21745880979894894,0
427,0.21457650492022806,0.21756322871324618,0
428,0.05158051978862965,0.21832105933242008,0
429,0.06239920178718772,0.21837041686841363,0
430,0.031089318819416678,0.218550952884482,0
431,0.08726550839941782,0.2186736188726841,0
432,0.11842918071737907,0.21886817896945565,0
433,0.13948436767828687,0.21896110139902314,0
434,0.1468213555652237,0.2189853728949055,0
435,0.06509864766390638,0.21930028021351144,0
436,0.001218011761418225,0.2194056238437886,0
437,0.09164072294458436,0.2194451812520335,0
438,0.16112367925705118,0.21967635994459378,0
439,0.07224192192256207,0.2198700426663348,0
440,0.13170331798040025,0.21995846469307812,0
441,0.10681762263347194,0.22020552375202895,0
442,0.023621928824999583,0.2208928053917859,0
443,0.03305553129972161,0.22101008596334593,0
444,0.024835848618351752,0.22117414528190193,0
445,0.14459633120036086,0.22123640846286774,0
446,0.1289858212625945,0.22151442097823437,0
447,0.042988405642219174,0.221639316139846,0
448,0.09546596813476238,0.22201095432442575,0
449,0.16536154372819512,0.22213122259251394,0
450,0.10523103055454497,0.22308126713438636,0
451,0.06832966756545555,0.22309683316591877,0
452,0.1711083605374636,0.22334063763793077,0
453,0.10564404557705909,0.223626243076963,0
454,0.1046359789911755,0.2239847661273755,0
455,0.0232484368713175,0.2251069921298876,0
456,0.04097723447900692,0.22587694764720612,0
457,0.12113459055268594,0.22593607344800526,0
458,0.10108384152811156,0.22608016575785672,0
459,0.05273081236873267,0.22624164882438602,0
460,0.10538888289450676,0.2262567749033828,0
461,0.06925439136971923,0.2262567749033828,0
462,0.1289709174626008,0.22635080781109984,0
463,0.16769752220635914,0.22663888468388704,0
464,0.05036425959453028,0.22678537972756552,0
465,0.06424098867730688,0.22690423912518876,0
466,0.059128811541791615,0.2270100564700407,0
467,0.01895942666181305,0.22727142972669157,0
468,0.02150229970197548,0.22745887611206195,0
469,0.1918850942135505,0.22745887611206195,0
470,0.0803437294242213,0.22747892865614627,0
471,0.06931378462490312,0.22774850650615708,0
472,0.0339587184077812,0.22790834064304089,0
473,0.08870739305494157,0.22816260064035576,0
474,0.08091721350186598,0.22837603457648026,0
475,0.07057061180976398,0.228644103726532,0
476,0.04019140799272436,0.22907897879095174,0
477,0.17686744649308117,0.22932145892163913,0
478,0.1779746777339798,0.22954213038625682,0
479,0.07541745824040558,0.22977138718923795,0
480,0.09361504772714224,0.22983824629685579,0
481,0.14045381811021906,0.2298581497263783,0
482,0.20812020444019508,0.23004560088504267,0
483,0.13936403309240675,0.2301213612694114,0
484,0.054920563975863534,0.23027595845240267,0
485,0.0825015571624993,0.23041644429624453,0
486,0.14081839021420106,0.23044054888621746,0
487,0.10200641255353105,0.23055539011465132,0
488,0.02165496892079677,0.23063905461867984,0
489,0.03128142179359794,0.23103800709821343,0
490,0.07309313036229048,0.23103800709821343,0
491,0.1240597099279197,0.23104349580179595,0
492,0.15127022772906007,0.23116495673924997,0
493,0.015557741815653392,0.2313533996875219,0
494,0.18744726669461542,0.2314394531971551,0
495,0.042724084411881025,0.23188847946976454,0
496,0.09161060043514002,0.2319135080862076,0
497,0.05285455401717687,0.23194025537978635,0
498,0.16206940290455008,0.23207376475800978,0
499,0.0668036114861964,0.23207376475800978,0
500,0.0020622306449630257,0.23321196838621272,0
501,0.16659394199964384,0.23339792413701732,1
502,0.01975079985093897,0.23380492693252686,0
503,0.04658651213088705,0.23389229930721178,0
504,0.1030684911064258,0.23407062652208876,0
505,0.17435200700059716,0.234187267451464,0
506,0.13393396847027716,0.23427383303144966,0
507,0.08579193478736269,0.2344861622097968,0
508,0.19452338270211045,0.23484095452685838,0
509,0.18859476472294467,0.2350340465510492,0
510,0.06644988459233858,0.23578884403758704,0
511,0.045138537492160236,0.23592751572182435,0
512,0.09627607441353514,0.23601512431725458,0
513,0.06081375106621045,0.23642566106277885,0
514,0.21775615648425728,0.2366528680195198,0
515,0.017345643279432887,0.23674500832830514,0
516,0.16515684218387838,0.23788355090080293,0
517,0.08503844195282806,0.23812382240035956,0
518,0.17204704495292367,0.2382109103858293,0
519,0.03542682412186171,0.2382442215470738,0
520,0.047048203768555896,0.23838920025773636,0
521,0.013593362931478947,0.23872222102390628,0
522,0.0785004007742568,0.23886429595959113,0
523,0.0727469207853686,0.23901246847482904,0
524,0.1565396263456491,0.2395932695704598,0
525,0.0883008224667442,0.2395932695704598,0
526,0.13164737725057984,0.23963980597520274,0
527,0.029120622019394138,0.23974584541859956,0
528,0.1411328869934073,0.2399033244887102,0
529,0.12151210196059625,0.2399063232855273,0
530,0.11867490159290361,0.24050958445131332,0
531,0.05086910194129146,0.24126756663334803,0
532,0.2070144897523093,0.2420571104765149,0
533,0.08045415322521743,0.24206570765184965,0
534,0.038014540798036345,0.24211861187177863,0
535,0.11657446603811716,0.24233301944947716,0
536,0.0071796358518626535,0.24233301944947716,0
537,0.15803029301936156,0.24244649348479808,0
538,0.05422683106392068,0.24336788726416403,0
539,0.15547672193231632,0.2433849902877303,0
540,0.23818461625344778,0.24409506604150988,0
541,0.049460375129094625,0.24422504072131146,0
542,0.03729927788026843,0.24425189344233111,0
543,0.06651010208169328,0.2442588715857832,0
544,0.038276056032666705,0.24464860010659173,0
545,0.214790331178351,0.2448436211938395,0
546,0.040184397913472836,0.24503183475690615,0
547,0.09550004203777884,0.2450604833280805,0
548,0.22662147446936998,0.24519354640661017,0
549,0.1075541470783099,0.24530718112716432,0
550,0.053545453225340656,0.2453522984018347,0
551,0.18879352003647365,0.2456518521353236,0
552,0.05367833297337954,0.2456722453102994,0
553,0.09582434734631096,0.24585086151303548,0
554,0.03363701041656786,0.2459528634900291,0
555,0.013552635931064594,0.24599635084502525,0
556,0.10687596962850565,0.2462066439960554,0
557,0.017577239088241603,0.2465852370285394,0
558,0.08230776792677963,0.24670142367273284,0
559,0.14534061241963392,0.24705362039436707,0
560,0.15293576637843298,0.2474391571957072,0
561,0.1952181447050042,0.2476379079820178,0
562,0.0544143615442122,0.24785554741397742,0
563,0.15144025840568454,0.2482731538621321,0
564,0.12651695276867891,0.24833444097996182,0
565,0.03742860773630685,0.24836670736696942,0
566,0.030986836761323522,0.24857433570562926,0
567,0.058352531171421584,0.2486176734284432,0
568,0.05383207374631793,0.24865506600253007,0
569,0.021969107331249127,0.24881543000725848,0
570,0.15601376013773827,0.25002355098125895,0
571,0.03675193318450665,0.25003141379110105,0
572,0.2220601858033211,0.250133462103756,0
573,0.027081773356007033,0.25022446131049236,0
574,0.007059443777128638,0.2503658115302797,0
575,0.03610113465036402,0.25059412980911233,0
576,0.03580649168400951,0.2506079713713243,0
577,0.10227773666308426,0.2507384362509032,0
578,0.154091105569084,0.2508745293543603,0
579,0.03266118066364776,0.251356661880079,0
580,0.027317833766248967,0.25151080591393327,0
581,0.024753714579627606,0.25151080591393327,0
582,0.0073549189941644055,0.251701114545267,0
583,0.19414612126220232,0.2519521559785888,0
584,0.08668895270447152,0.25207490265410126,0
585,0.013827351626158224,0.2520945666642237,0
586,0.012133498489333872,0.2522090426885526,0
587,0.10378607158151654,0.25223461835669747,0
588,0.012623899263943361,0.2523574080852862,0
589,0.048944037728397616,0.252375098035459,0
590,0.15563139121639646,0.2524800763107634,0
591,0.15429814345991189,0.2525421410563914,0
592,0.06565106798945519,0.25261673116044503,0
593,0.17847880607490751,0.2529019377450533,0
594,0.05820486438071393,0.2529019377450533,0
595,0.2240986774492928,0.2529727391158437,1
596,0.2052089901381733,0.25300278744712346,0
597,0.21248549120868332,0.2536332622761862,0
598,0.15489331894993952,0.2536332622761862,0
599,0.006555832175219489,0.25375949360536665,0
600,0.007549924561106258,0.25391336015337895,0
601,0.038236760634605016,0.25400447669386295,0
602,0.021405660473793442,0.25400447669386295,0
603,0.06475228282137757,0.2540895898000626,0
604,0.1355680828544683,0.2544926762120844,0
605,0.011894359354988726,0.2545510438382509,0
606,0.004953470810782568,0.25493240495348235,0
607,0.21297547417227902,0.2550772487851809,0
608,0.0504214093870019,0.2551130767492512,0
609,0.06078089258649855,0.2551243446677348,0
610,0.09912044115389151,0.25522194563867995,0
611,0.030326045326748874,0.2554485317524391,0
612,0.13831434293922618,0.25552264984901896,0
613,0.05384263391376187,0.25552264984901896,0
614,0.23055346933523135,0.2555933582881732,0
615,0.02257048762336844,0.2559125504196337,0
616,0.05339000150883977,0.256126860501003,0
617,0.1913228169253015,0.256126860501003,0
618,0.18390214567280205,0.256728003932985,0
619,0.08932717494704878,0.25693556044113164,0
620,0.07123723773332824,0.25693556044113164,0
621,0.0710794041413666,0.25705188375039045,0
622,0.02534189175930679,0.25758237590695665,0
623,0.028358991141193224,0.2575947450898429,0
624,0.09331309663966914,0.25798126190383985,0
625,0.1425261083391156,0.25805210117084243,0
626,0.23523400336509337,0.2580548306854913,0
627,0.038110684952509244,0.25807354744001876,0
628,0.00817416010602634,0.2584723844918433,0
629,0.21934631549130912,0.2588584860589812,0
630,0.034161638996748955,0.2588626866969186,0
631,0.11844941885762361,0.258940480656876,0
632,0.00870437353122111,0.258940480656876,0
633,0.20506941428390224,0.25895881987434555,0
634,0.04220964020115425,0.2589644101607116,0
635,0.24970930900958244,0.25904132490102405,0
636,0.060636611063847545,0.259504521921022,0
637,0.01896969778081048,0.2597220049179737,0
638,0.04683071642189962,0.25979211084676224,0
639,0.15570676918722204,0.2598175201429128,0
640,0.18140168573192605,0.2604726021174286,0
641,0.07079081026957024,0.26072201605264944,0
642,0.031905782507103075,0.26083872372913464,0
643,0.005651173077269589,0.2609178531454833,0
644,0.013795740233418008,0.2610100908135987,0
645,0.23231714109875523,0.2611383359084942,0
646,0.18003788967100298,0.2615763684687099,0
647,0.08623257254346794,0.2619214571040045,0
648,0.019398823895690587,0.26270979281918383,0
649,0.24812776502452272,0.2627545893154747,0
650,0.13302951341633862,0.26306162623233575,0
651,0.07086943938314882,0.2633012937061123,0
652,0.09137134071125441,0.2634205792530675,0
653,0.035027460735504556,0.263476834341823,0
654,0.028205321081860135,0.26347967338027456,0
655,0.2578000046766009,0.2635249838616509,0
656,0.14974321898423015,0.2635638242819617,0
657,0.028051236209348906,0.2635795780305419,0
658,0.08257219049212328,0.2639220855207778,0
659,0.25481585034843135,0.26402566936878835,0
660,0.17411597933504552,0.26412885669405206,0
661,0.015199904720816004,0.2641808611655374,0
662,0.034453583123998266,0.26425362824474785,0
663,0.04289179007536825,0.26434904672070303,0
664,0.1305390666953833,0.2648445107273698,0
665,0.18085011659759775,0.2651444484852794,0
666,0.21056788709660756,0.2653399133809573,0
667,0.050610877813184185,0.26537765199245433,0
668,0.03203081502874694,0.2655029108806827,0
669,0.017164943689774725,0.26565268591753544,0
670,0.08996728675697285,0.2662015593945428,0
671,0.19247631124121134,0.26660803631757923,0
672,0.1626842013589076,0.2666091701658313,0
673,0.10350023357200622,0.2667429576854725,0
674,0.012885757531674868,0.2672108330424263,0
675,0.034122546194030545,0.2672230221748074,0
676,0.04737633967552257,0.26739494179072,0
677,0.009740451552366136,0.26750083017801274,0
678,0.21279469157921227,0.2678075410159866,0
679,0.06124983846385634,0.26844439844907,0
680,0.1796035508565822,0.2686503887397822,0
681,0.06084733259754116,0.2694027917185987,0
682,0.11592873486040733,0.26940516259931646,0
683,0.029231282224331134,0.26942317290576234,0
684,0.22425361502794172,0.2695069219109347,0
685,0.08542412570024183,0.2695069219109347,0
686,0.03415107534675621,0.270031174992174,0
687,0.07279447269766903,0.2702036898691008,0
688,0.06310742442647377,0.27022319193103717,0
689,0.11829085490996627,0.27071118342117817,0
690,0.22921525554050481,0.2707125446579973,0
691,0.04376026765097962,0.2707160406115994,0
692,0.02129287491652143,0.27103004210563053,0
693,0.04691568188473261,0.2712642849440704,0
694,0.028196008226099134,0.27140117618669046,0
695,0.11264334472864512,0.27140117618669046,0
696,0.19651847711224124,0.27147247308094014,0
697,0.2537248663259154,0.27194159875534696,0
698,0.21741182595938036,0.2719975888326851,0
699,0.0048902154629367756,0.27208903712808497,0
700,0.27139832283115917,0.2721281834315674,0
701,0.023103293951646786,0.27231970305353204,0
702,0.06319130779796767,0.2723655852273885,0
703,0.0053844606151060015,0.2725680085372646,0
704,0.07015850401004131,0.27259369694851343,0
705,0.06763662708637397,0.2726252660252797,0
706,0.0649543216281514,0.27267573771019493,0
707,0.011144716149482092,0.2727347660596612,0
708,0.2187430859378896,0.2727347660596612,0
709,0.10212822197913007,0.2732597134086592,0
710,0.031256198723918494,0.2737559905614161,0
711,0.13829533207732148,0.2737897026114723,0
712,0.18702085201948282,0.27412839729731,0
713,0.05212105111311938,0.2741525128609149,0
714,0.04591369699043901,0.274224455807757,0
715,0.22587171193847067,0.27425324964369624,0
716,0.028284149309448448,0.27441371856867447,0
717,0.06956025009115774,0.2744709853040268,0
718,0.12084583302694685,0.2746187067363913,0
719,0.046551794727384355,0.27500056968132447,0
720,0.04244258171898685,0.27519420735982514,0
721,0.0004029828041258732,0.275343668552954,0
722,0.019617422876410995,0.27535680605672974,0
723,0.01255401020147251,0.2756546239820912,0
724,0.034973118283550986,0.27582487304520875,0
725,0.033149503622017074,0.27615309637758256,0
726,0.00756649651802932,0.2761828659149296,0
727,0.0823284860682102,0.27622232758884835,0
728,0.03331530078419609,0.2764294408482868,0
729,0.06434144138725895,0.27664682676940655,0
730,0.22734171204055453,0.27683254415263103,0
731,0.25664077502909244,0.2770376495040763,0
732,0.25808643180312985,0.27711473789450936,0
733,0.13739533882401778,0.27751299077253677,0
734,0.07062108493552843,0.27805833063421914,0
735,0.07008349902065059,0.27886628502841915,0
736,0.042464988576276674,0.27886628502841915,0
737,0.02017206056331533,0.2791477191729407,0
738,0.20234929037049587,0.2794263702206887,0
739,0.03580677987381076,0.27952657359554944,0
740,0.15965004030891383,0.2796596117871293,0
741,0.16371365894877288,0.27968368833447976,0
742,0.19837202764021655,0.2800917644411631,0
743,0.05311352421080462,0.2802301936067556,0
744,0.006070520109315192,0.2810144098312567,0
745,0.10586681211396154,0.2814974765723307,0
746,0.10136192775820485,0.2815397746849625,0
747,0.002119753130200186,0.2815967648968828,0
748,0.11792937311505458,0.2818629521408066,1
749,0.005604950604395698,0.28222456378172966,0
750,0.023995487249111824,0.2822662019414791,0
751,0.01192945851594418,0.2825990169870579,0
752,0.2083575993076321,0.2827463174267464,0
753,0.051284675355566356,0.28275096031965563,0
754,0.01630496971972184,0.2830805605081006,0
755,0.0018267063177537235,0.28333709344883373,0
756,0.19648828316808864,0.28337107255767857,0
757,0.05636023692649006,0.2833745996128988,0
758,0.01915420779466881,0.2833745996128988,0
759,0.03334134888224749,0.28367465098774547,0
760,0.19658328300576056,0.2839287870373015,0
761,0.13663271498088403,0.28414478200802396,0
762,0.08379890104205634,0.284421719195185,0
763,0.016634123513446397,0.2846299251056693,0
764,0.10379625475532528,0.28481850540132103,0
765,0.0896081377875052,0.2852391418144875,0
766,0.13284299627028173,0.28531948742103397,0
767,0.002842557404140633,0.28544232012922843,0
768,0.1242847484954972,0.28569676993199666,0
769,0.04098446569826819,0.2857054282718894,0
770,0.13638113783365424,0.2857575300336457,0
771,0.10401759145796652,0.28584366440983777,0
772,0.09339943143730067,0.28584366440983777,0
773,0.10539720495799731,0.28596874560874774,0
774,0.24503204840419213,0.2863024439341857,0
775,0.06175756817748301,0.2863073477057664,0
776,0.004544177730855359,0.28657077770382244,0
777,0.02461421631929739,0.2868636114959814,0
778,0.02590441732658988,0.2871733658650105,0
779,0.21730370497632112,0.28745127795263603,0
780,0.10377970028764039,0.28746040590459776,0
781,0.18669421397653274,0.28753472097705646,0
782,0.18537514714543635,0.2877851474610814,0
783,0.19255641328121442,0.2880407225175521,0
784,0.03827953836489284,0.28806317973565776,0
785,0.2081224390118308,0.28819160069454064,0
786,0.015931941618105627,0.28828116501196455,0
787,0.08762152302680681,0.28850074559132954,0
788,0.08663164709469717,0.28876504956066296,0
789,0.22857825393008702,0.28885989280184887,0
790,0.08720693418839853,0.2889050726353718,0
791,0.051135548046224,0.2895791482013673,0
792,0.24212086893044904,0.2896429691565152,0
793,0.08895381811244563,0.2896758029459736,0
794,0.027012470954322687,0.2900633200364824,0
795,0.06107106386400585,0.29084170486100835,0
796,0.008991344460096307,0.29125817601347537,0
797,0.2543496204001404,0.2917514343114076,0
798,0.12348499091062692,0.2917826950842759,0
799,0.19670687548436772,0.2918450850117058,0
800,0.09770523954893084,0.2919879545853771,0
801,0.001730350164744543,0.2922430107126218,0
802,0.06344109492805983,0.29233497597268643,0
803,0.2854097355150599,0.2925417180850822,0
804,0.061836055067805984,0.2925434455933549,0
805,0.012415578475233668,0.29260372135840274,0
806,0.17989544761522502,0.2926462869079034,0
807,0.06300400834069042,0.29277449746960826,0
808,0.2177015160141319,0.29298462342693343,0
809,0.26089381961712166,0.29439566191305633,0
810,0.13680168368681656,0.29439566191305633,0
811,0.10081739571234949,0.29444156656487985,0
812,0.28023248689621383,0.29466636856460127,0
813,0.03471495143003367,0.29468401529315635,0
814,0.1619040750188523,0.29515060298207674,0
815,0.07373410886652565,0.29558701019636036,0
816,0.11338548749086363,0.29562116249255843,0
817,0.07077046877903048,0.2956292156699769,0
818,0.07932813226330526,0.29563287675865435,0
819,0.16421618426922313,0.29575906566451415,1
820,0.020531666425133155,0.29576602468996904,0
821,0.28018233045520047,0.295852602691559,0
822,0.022282944053124254,0.29628844311504865,0
823,0.008245720832573133,0.29639496277110366,0
824,0.15433019956627847,0.2964481203711298,0
825,0.1869120575274339,0.2964940235754009,0
826,0.021590490873068746,0.29657894103393334,0
827,0.025694667813970895,0.2965792780242742,0
828,0.1178870298411342,0.2966822554572732,0
829,0.000265839421236036,0.29674481138982167,0
830,0.14624220275510535,0.2973738364786551,0
831,0.21862048291356084,0.29752463523454675,0
832,0.1739258460881904,0.2976467754730264,0
833,0.05872320679178722,0.2977917535426944,0
834,0.19833494821245579,0.29779777801564833,0
835,0.129407120876037,0.29779777801564833,0
836,0.2136809458787997,0.2979602753746987,0
837,0.027694416576212966,0.29823993068932975,0
838,0.015167893698994295,0.29834829889112513,0
839,0.06643613720956298,0.298699196078955,0
840,0.2711860708254513,0.2987072921784272,0
841,0.03898656594840011,0.29878497324734665,0
842,0.04029255113395491,0.29906464329027627,0
843,0.019537883787362542,0.2992277378869921,0
844,0.007233784036621449,0.2992423788875016,0
845,0.07754303207765367,0.299267514908648,0
846,0.2719190146725867,0.2993444218432092,0
847,0.07543584608941323,0.2995744439145738,0
848,0.2076216265125267,0.3001787125218258,0
849,0.01731311557043569,0.30018952032126656,0
850,0.15287729977594755,0.30022621198553645,0
851,0.006766077194796272,0.3002375818390469,0
852,0.05380509207791284,0.30047429661173897,0
853,0.020763860120281863,0.3006267266674052,0
854,0.2229728371038543,0.3008376289316623,0
855,0.14248779705728964,0.30109976753325707,0
856,0.25006901287945704,0.30112314338370993,0
857,0.011098911738877337,0.30157096107912884,0
858,0.005591544326621345,0.3018012639766239,0
859,0.0008299301395274794,0.3018012639766239,0
860,0.058173199339336845,0.30201990659488465,0
861,0.2737926386992974,0.3020965703302707,0
862,0.1923859316905543,0.3021887559806318,0
863,0.01641256503860944,0.3027099651552,0
864,0.01091261070807692,0.3032514144534232,0
865,0.0411792259304381,0.30376703647475156,0
866,0.1646851505009732,0.30401676006053024,0
867,0.20273823996836182,0.30429140606925176,0
868,0.01586375140730867,0.304491443461424,0
869,0.01542946547278512,0.3047290416418186,0
870,0.1126879539998783,0.30473123763302434,0
871,0.05687702332293543,0.30491706795317053,0
872,0.11328520540799925,0.30502745250104835,0
873,0.09053892976911815,0.30520733939462363,0
874,0.048641668645771574,0.30520733939462363,0
875,0.0661009638121628,0.3052442013412149,0
876,0.12729253320424672,0.3053967628986981,0
877,0.014361198512940931,0.3053967628986981,0
878,0.3002426739476277,0.3054093053463619,0
879,0.23003641470936464,0.30544790485524775,0
880,0.18901654169403537,0.3056636034698379,0
881,0.03554179227453136,0.3059302687021187,0
882,0.007402177786898445,0.3060019600933266,0
883,0.09638408866396098,0.3060019600933266,0
884,0.17196638719863266,0.30607521410734684,0
885,0.05531612573623723,0.30607521410734684,0
886,0.023716139125831703,0.3062698806812617,0
887,0.032301291276101596,0.3062925524015162,0
888,0.07937423265677246,0.3065271998714445,0
889,0.021202254406020193,0.3066523459108377,0
890,0.2916078483201987,0.30677251428998276,0
891,0.11084961624977585,0.30678094802683176,0
892,0.016418307904674467,0.3070956239144902,0
893,0.08696672910165049,0.30731774447047544,0
894,0.06331299944134838,0.30732558224851925,0
895,0.20622950509453286,0.30758673252047697,0
896,0.04205794569286947,0.3076668800040683,0
897,0.0848325584996692,0.30778262149592983,0
898,0.007994314192093066,0.30778910845654006,0
899,0.172626002883986,0.30793130789356515,0
900,0.30020278411094725,0.3080125057394708,0
901,0.1715781488458391,0.30807703576003487,0
902,0.05860755436455667,0.30818063888940705,0
903,0.1872648273700439,0.3082726404896149,0
904,0.09215233818117907,0.3083323739619779,0
905,0.012560532662056367,0.30838401083144296,0
906,0.08418760810418402,0.30850120569868844,0
907,0.23726517823529625,0.3089729043823911,0
908,0.10251065737008258,0.3090362409986186,0
909,0.16023653527699178,0.30956948579707166,0
910,0.08095835907659865,0.30956948579707166,0
911,0.1689677088845658,0.3097447506622164,0
912,0.3071824038254729,0.3098540707552081,1
913,0.04715995261103245,0.3102862560691654,0
914,0.1388029718935525,0.3104923197760182,0
915,0.18542245869947038,0.3104923197760182,0
916,0.1359200107118551,0.31067159393723254,0
917,0.26320652818951584,0.31072415495649097,0
918,0.052452974644918604,0.31072415495649097,0
919,0.06124844524868467,0.3109483618084459,0
920,0.12719181701564608,0.31100141564853234,0
921,0.1350095243036089,0.31113551104817017,0
922,0.07211836173847197,0.3113859143454353,0
923,0.046827452900868316,0.3114910107884047,0
924,0.23352580633520892,0.31179921431768265,1
925,0.09970292888159948,0.31186785002551287,0
926,0.06911764767267392,0.31199216876268854,0
927,0.04784942152521954,0.31209124994559734,0
928,0.01031584291687715,0.3121703461700259,0
929,0.0341620290632666,0.3126644862329432,0
930,0.023998278232213233,0.3126758861768286,0
931,0.040168362331700735,0.31281836200925306,0
932,0.06653857312856226,0.3129052687367754,0
933,0.01897993180257862,0.31330375544767863,0
934,0.1633430144515976,0.3140248822510212,0
935,0.0026964115300633917,0.31403234523709944,0
936,0.0011273045977744367,0.31404297638805534,0
937,0.22637466843542853,0.31405163167886707,0
938,0.0239384947383372,0.31487399010252304,0
939,0.052476806398842224,0.31515087306812317,0
940,0.18782676542635046,0.31587892270129025,0
941,0.038369773925676864,0.3159521564242027,0
942,0.003027769356020671,0.3159521564242027,0
943,0.004347872069895842,0.31623165629456873,0
944,0.23488551988555795,0.3162625021756783,0
945,0.10668817092632377,0.3163435975197919,0
946,0.07094120003937221,0.3165810147355701,0
947,0.024923593678620626,0.31664234468947794,0
948,0.004517741013537302,0.31664234468947794,0
949,0.21061950137572705,0.3166978335377598,0
950,0.03352735768603665,0.3166978335377598,0
951,0.14503595378455225,0.3168740889941771,0
952,0.011959706229904277,0.3171424021353153,0
953,0.050536946850336606,0.3173044976671545,0
954,0.1796387147742512,0.3175452764723081,0
955,0.0086402456178295,0.3175606895418144,0
956,0.164838923969425,0.31756459939184767,0
957,0.01864050541025275,0.31756459939184767,0
958,0.03381384960326339,0.3178015157106928,0
959,0.11512526587419869,0.3178535060798433,0
960,0.24694421088316876,0.31805031571343867,0
961,0.025283163287319055,0.31827954116827395,0
962,0.20295086336721635,0.31867925627737803,0
963,0.1431226081440713,0.31875633338117815,0
964,0.042156454678213606,0.318837515829528,0
965,0.019442974581464822,0.31947964287703756,0
966,0.032394718819544144,0.31947964287703756,0
967,0.012366306671663385,0.3195005644245963,0
968,0.05239127501376328,0.3196811067854113,0
969,0.1858540981240574,0.3197771647073553,0
970,0.0020943012865113353,0.32055110376811047,0
971,0.045958887527721815,0.3206677206710161,0
972,0.20201496077840286,0.32094082800978085,0
973,0.01511241860165824,0.3212787057384805,0
974,0.17492468953427875,0.3220812459016542,0
975,0.15602997850563471,0.32218336288059,0
976,0.017250839776386417,0.32236019027372087,0
977,0.04859875291496696,0.3225298034131783,0
978,0.00548300604985652,0.32260700699205747,0
979,0.023369235255826237,0.32274483768680295,0
980,0.29430644056001254,0.32274483768680295,0
981,0.05990657667191912,0.32278643242457306,0
982,0.2118116369019759,0.3230721101639559,0
983,0.29851840338553526,0.32322921833070184,0
984,0.017566199594417298,0.323417331920257,0
985,0.08959980779903254,0.323417331920257,0
986,0.20655768677340758,0.32360511285311555,1
987,0.021349438140483956,0.3236408506625912,0
988,0.16744475779022994,0.32392100768804544,0
989,0.0322310380000812,0.32392100768804544,0
990,0.07883549422641745,0.32402445873555785,0
991,0.10912600410486228,0.32432800490142544,0
992,0.03459010528288575,0.3243630207838777,0
993,0.2379434411221124,0.32436304221204393,0
994,0.2569771203845609,0.32463969278054383,0
995,0.14973871137989547,0.3248846779468517,0
996,0.11890269671155596,0.3249626722771254,0
997,0.024314806377325193,0.32505866792632854,0
998,0.027694866431614007,0.32515949853927717,0
999,0.006407401568256588,0.32516616273988774,0
1000,0.015482539887818336,0.3251676266092596,0
1001,0.015061360889540576,0.325506129986707,0
1002,0.04617100743842362,0.3255075483731681,0
1003,0.3133667003493993,0.32593191880709205,0
1004,0.01324104646302604,0.326006447368961,0
1005,0.09928722824331948,0.3261744721826182,0
1006,0.3194755788377931,0.32620866670205406,1
1007,0.19350389081494956,0.3262355375189455,0
1008,0.059297824793968945,0.3262355375189455,0
1009,0.25683952813774713,0.32631098017970395,0
1010,0.27195794372492854,0.3265724652002936,0
1011,0.00851836431990638,0.32676348419945433,0
1012,0.02559480702333461,0.32677697153731367,0
1013,0.1352563425509551,0.3269124422038545,0
1014,0.09428730304704569,0.32718646037891874,0
1015,0.012455894925498812,0.3273195668401062,0
1016,0.008796009555677275,0.3275563295575491,0
1017,0.016310985483276252,0.3276910466379508,0
1018,0.24879795573403574,0.32771642055051764,0
1019,0.05781062304872964,0.3278364955457216,0
1020,0.14824018899530045,0.32792370915986935,0
1021,0.14196849899245567,0.3285100976290528,0
1022,0.009857857693274297,0.3286806090613307,0
1023,0.18153267243729898,0.32922071164754774,0
1024,0.0006269962917898608,0.32959153801215135,0
1025,0.15439126027603678,0.329693791294144,0
1026,0.023672685939762128,0.32972830156414945,0
1027,0.009969809777956584,0.32983927384947875,0
1028,0.14004980246255716,0.33005296782659554,0
1029,0.18134392354399165,0.3305139944729131,0
1030,0.27438306575171845,0.33060180247797044,1
1031,0.030224226276668986,0.3307570715668522,0
1032,0.214391184980242,0.33089481017794997,0
1033,0.01898346177804977,0.3310853126158151,0
1034,0.0929167515189343,0.33125388095023445,0
1035,0.27340837471744006,0.33140725077387045,0
1036,0.21939586347446438,0.33140725077387045,0
1037,0.03257675663303805,0.33145661953588645,0
1038,0.04508163114212682,0.33145661953588645,0
1039,0.002131659893332749,0.331694061297063,0
1040,0.0027368118128131558,0.33185741105208744,0
1041,0.30471096465780834,0.3319000397433096,1
1042,0.04342566237936063,0.33226685139057255,0
1043,0.005036541370764591,0.3324499791655514,0
1044,0.03346026129477131,0.33246955128596245,0
1045,0.073505855957961,0.33259580010182865,0
1046,0.23522233259872816,0.3326066130850026,0
1047,0.09257379325774329,0.33275746439706533,0
1048,0.009635112632497389,0.33287432945094064,0
1049,0.2905988368135848,0.33301712305280495,1
1050,0.22936504741092,0.3332196307026771,0
1051,0.001017146036975447,0.33386809504525616,0
1052,0.002235912343219515,0.3338793020771914,0
1053,0.006853558653900249,0.3344535331712698,0
1054,0.09566023363238019,0.33466939935365847,0
1055,0.21452866023919637,0.3348990695511527,1
1056,0.22402716890074637,0.3351551257375387,0
1057,0.06668622292572335,0.33539401469987584,0
1058,0.02065393605534993,0.33540105777202267,0
1059,0.20926794464992793,0.3355173654972916,1
1060,0.0035231051359775334,0.3358784854184518,0
1061,0.058627326203892105,0.3364396706467957,0
1062,0.03571769770608846,0.336573361902038,0
1063,0.2555182437226048,0.3367439447165871,0
1064,0.1123120219511774,0.3373296727969626,0
1065,0.007233636809374722,0.3378667018514673,0
1066,0.04630167599447754,0.33814624866100484,0
1067,0.004644046984743078,0.3383264556021546,0
1068,0.18420241661783265,0.33837481118369983,0
1069,0.0197465010900717,0.33889307145256964,0
1070,0.006562443280792252,0.33897591532319427,0
1071,0.002304714208477776,0.3395623624322224,0
1072,0.3014299794612867,0.3395885764694979,0
1073,0.08845150826161996,0.33976187808148695,0
1074,0.17975442945122688,0.3398521971086962,0
1075,0.05700940429644996,0.3399599316051384,0
1076,0.0020642461998410244,0.33999003551280915,0
1077,0.09376688855036786,0.34007773657262286,0
1078,0.0993965424972516,0.3405743598123733,0
1079,0.10513275532185762,0.3411777116403134,0
1080,0.181040299835736,0.3413099836189887,1
1081,0.15548277698693724,0.3417319219945889,0
1082,0.005569777116547492,0.34181673047304517,0
1083,0.0023753464545700487,0.3419251048708941,0
1084,0.0055074771052533444,0.34210533971254353,0
1085,0.04466125675934007,0.342209248605691,0
1086,0.01761661845640783,0.34241544474352514,0
1087,0.34016433821798064,0.3424510248855276,0
1088,0.23631026292227086,0.34267514894923423,0
1089,0.007187463002429562,0.34329367742471395,0
1090,0.12821919764728473,0.34329367742471395,0
1091,0.0035019125390249872,0.34333066828220726,0
1092,0.07564631178604642,0.3434730521642976,0
1093,0.08692644772402958,0.34347522463144187,0
1094,0.23827031723041858,0.34370224930378823,0
1095,0.3131955694072617,0.34378684388378156,0
1096,0.038918883467576104,0.3438154063509802,0
1097,0.14147746020608853,0.34384382966630156,0
1098,0.0008408672037668596,0.34385844555461054,0
1099,0.02140275434839578,0.34468075757000094,0
1100,0.10789575334844481,0.3454340721275855,0
1101,0.16420542304896135,0.3454545789626371,0
1102,0.10287844564383164,0.3454992904656532,0
1103,0.013661423079419421,0.34581986135016807,0
1104,0.023233715282143574,0.346191767234458,0
1105,0.06483136243758691,0.34627800012923027,0
1106,0.03274171065461151,0.34677090801355004,0
1107,0.019087540422853655,0.34679449595348877,0
1108,0.13362451467397574,0.3468104023272284,0
1109,0.3240145583455478,0.3469165445096186,0
1110,0.32509964208509945,0.34706153605671486,0
1111,0.03297307644779501,0.34751323177366067,0
1112,0.07426385654895917,0.34795462923324705,0
1113,0.025611737367294496,0.3479565624917156,0
1114,0.0059762235497073934,0.34799464306691985,0
1115,0.0393023792622732,0.34819290548382964,0
1116,0.06047181288565029,0.3484046778078802,0
1117,0.02324103380211706,0.3484928980237135,0
1118,0.0016236492559089655,0.3486100165635261,0
1119,0.10885942660589121,0.34884003923499884,0
1120,0.06978994489037116,0.3496563861718599,0
1121,0.05856451239187399,0.34967884262890525,0
1122,0.025222317171760045,0.34970719810146855,0
1123,0.19548850210008695,0.34998646547483814,0
1124,0.019307326791698998,0.35005109706975945,0
1125,0.06576772983152457,0.35041591320912524,0
1126,0.013333715344650554,0.3505112643334616,0
1127,0.2581283814373474,0.35125154996285834,0
1128,0.22811441829806867,0.3513294718161414,0
1129,0.01561657918624304,0.351387871598805,0
1130,0.025622419550124342,0.3519165600323403,0
1131,0.3451599382894691,0.3520940530557938,0
1132,0.029610063128145847,0.3520940530557938,0
1133,0.16208398796772783,0.35236539545443335,0
1134,0.006649431049338683,0.3525321515928196,0
1135,0.0477650306762355,0.35359670905024754,0
1136,0.04946159931873939,0.35378302181144883,0
1137,0.12979111065275062,0.3541733903555033,0
1138,0.21033492365666362,0.3541801703939681,0
1139,0.0012720267236099314,0.3543792786210226,0
1140,0.1814418656176746,0.3546104677070224,0
1141,0.03113532660394025,0.3549356664716167,0
1142,0.15503862439573612,0.3549356664716167,0
1143,0.001162190595805579,0.35506908020747874,0
1144,0.014752716652606579,0.3552840584590179,0
1145,0.037663346945347675,0.35647459172961427,0
1146,0.2510819779274105,0.3566310135480246,0
1147,0.02698191688353979,0.35689306366752127,0
1148,0.010874439295646354,0.35696747709672005,0
1149,0.027367790755088994,0.357558233379328,0
1150,0.052880349240618685,0.3576881592268504,0
1151,0.009350824622853748,0.3576881592268504,0
1152,0.0035727267925533823,0.3579412351784137,0
1153,0.27943928728684164,0.35827215007665913,0
1154,0.00027714139089474177,0.3582789763946168,0
1155,0.07968527954608073,0.3582976740301249,0
1156,0.16940244812258498,0.3583214546709591,0
1157,0.1587326427852549,0.35838435595324336,0
1158,0.1713054798926057,0.35917405859836327,0
1159,0.004765149814334402,0.35937571709548366,0
1160,0.0753875645921177,0.35940471466643675,0
1161,0.014515484845003979,0.36012398908894494,0
1162,0.008134972224848158,0.36012398908894494,0
1163,0.18273784180979336,0.3601258478005983,0
1164,0.21503539588703868,0.36013170534458494,0
1165,0.07498791063552557,0.3602527972592715,0
1166,0.014925402789989994,0.3603680811516945,0
1167,0.2130649542929921,0.36050921273345626,0
1168,0.336273140080652,0.36077968286586404,1
1169,0.08634605952792407,0.3609402663776905,0
1170,0.08388193301692348,0.3620642654292835,0
1171,0.027868469290460163,0.3621031442155014,0
1172,0.0016354838856535991,0.3622247307170089,0
1173,0.07960343149262561,0.3622750815706187,0
1174,0.06925957107192593,0.3622805338062888,0
1175,0.050786406001645634,0.3627362907524796,0
1176,0.07839018752729687,0.36278597532346046,0
1177,0.19233997832957117,0.3632080124835594,0
1178,0.020057621201078568,0.3632080124835594,0
1179,0.013150408404515534,0.36328716460715293,0
1180,0.0016598813562623826,0.36384461935941803,0
1181,0.329693791294144,0.3638572919461692,1
1182,0.3458314305090562,0.3639648654126122,0
1183,0.09514167882491131,0.3642293911732566,0
1184,0.16511295974886764,0.36464700023823515,1
1185,0.1342673008317511,0.36473753336160575,0
1186,0.009819341382591995,0.36520622454508866,0
1187,0.17532270057859778,0.3652547036183357,0
1188,0.1868794097748394,0.36569901865050003,0
1189,0.017274000054082528,0.3666338714904379,0
1190,0.12388868005974374,0.3670102992366723,0
1191,0.0028060542289854995,0.36711933726780566,0
1192,0.11622422796139598,0.36713322583788355,0
1193,0.05072488051198887,0.36713450105043877,0
1194,0.02605829467091869,0.3671946298809018,0
1195,0.2637065282898936,0.3673231992412058,0
1196,0.27544825744855006,0.3676344245537726,1
1197,0.001625580316974129,0.36780272897694966,0
1198,0.3304701469093215,0.367947426793068,0
1199,0.025278400069156937,0.36824355628075023,0
1200,0.014317100532405536,0.36911469613792236,0
1201,0.34689327730324493,0.3694156994902379,1
1202,0.3458134827441599,0.36949819256960836,0
1203,0.12096549790723055,0.3695146830549296,0
1204,0.2581727037787277,0.3698448000575565,1
1205,0.0009418251613764195,0.36988835690518895,0
1206,0.3293163443054906,0.37013142044211766,0
1207,0.3287697387450761,0.37013142044211766,0
1208,0.022213757981503268,0.3711890513321995,0
1209,0.00250007850000189,0.3713675722536036,0
1210,0.07421398937325141,0.3719102055088519,0
1211,0.004493185858766124,0.37202691611508465,0
1212,0.181983691344479,0.3720424582373839,0
1213,0.05568094069961005,0.37286358885628557,0
1214,0.037896924772773954,0.3733697083300115,0
1215,0.005062639055427698,0.373718326783538,0
1216,0.2763353181093873,0.37390782551382795,0
1217,0.350199988333196,0.374299111463004,0
1218,0.0787596101532253,0.374613033860858,0
1219,0.011762832732041595,0.3760221056986994,0
1220,0.07467231168602773,0.3760678185617805,0
1221,0.3119702398378873,0.3762744276666383,0
1222,0.05167200770000302,0.3763710441971282,0
1223,0.21026871438572814,0.3765074205612816,0
1224,0.0005904520105225464,0.3765272951272087,0
1225,0.232492702775712,0.37659406479014723,0
1226,0.005857610626377019,0.3770546542289057,0
1227,0.01992027753664527,0.3770922790368624,0
1228,0.027221932428326157,0.3778307610178002,0
1229,0.1415149406247076,0.37791404300649134,0
1230,0.128684602392805,0.37798483548912876,0
1231,0.02495719957638276,0.378041432139541,0
1232,0.31316462757201435,0.37833095290665175,0
1233,0.16163882365254034,0.3783789410194631,0
1234,0.012621816507578099,0.3791488088298459,0
1235,0.31529889882666196,0.3792058626334729,0
1236,0.13729322595532367,0.37953985280901137,0
1237,0.07747689395319224,0.37966870217394266,0
1238,0.2246627715347449,0.37975433868195085,0
1239,0.11104801684292287,0.379911618869488,0
1240,0.09556708171150374,0.38000266918592296,0
1241,0.3356950324211839,0.380210248709448,1
1242,0.0014961600894436433,0.3803316904443884,0
1243,0.06559086817811233,0.3803934460310384,0
1244,0.32948517901971897,0.3805860717341214,0
1245,0.030914388314032037,0.38097605368980203,0
1246,0.00043528458042230156,0.3810092842301259,0
1247,0.13042386695501018,0.3810869950561616,0
1248,0.18311851633367748,0.38109323713101406,0
1249,0.08212753673782103,0.3827497126024977,0
1250,0.03403020105768584,0.3827655696039036,0
1251,0.08216219829860005,0.38312161420020985,0
1252,0.3033526975632793,0.3834984919097223,0
1253,0.17432274261428882,0.3836953767505823,0
1254,0.20674982048751311,0.3837835850742869,0
1255,0.00021159218591482176,0.3841529518191048,0
1256,0.03625931166312191,0.3845454540591189,0
1257,0.29275808183994045,0.3845754643896143,0
1258,0.09582872903754691,0.3846656957964416,0
1259,0.04119860545294185,0.3850763013560947,0
1260,0.017257438371438227,0.3858039732810463,0
1261,0.1217299564307861,0.38619179953312366,0
1262,0.006027180504859286,0.38642556729820365,0
1263,0.04766845909155437,0.3867651883261103,0
1264,0.04608678384311493,0.3870185031363689,0
1265,0.07046848041226628,0.38722534205666836,0
1266,0.07472594923054299,0.38791925723712795,0
1267,0.16362382375167128,0.38830249979479525,0
1268,0.031559709967045046,0.3883606110427028,0
1269,0.10229397244160066,0.3887126271936684,0
1270,0.15890175503042536,0.38902188290081086,0
1271,0.14268664674181175,0.38987509736683523,0
1272,0.06488549985022374,0.38996416934671196,0
1273,0.29394619304559566,0.39007479932839795,0
1274,0.1299088352148381,0.3904604706474445,0
1275,0.1444211062348847,0.39070522185067735,0
1276,0.0003770016718391833,0.39078562102005465,0
1277,0.3480625099714072,0.39095718167421645,0
1278,0.014748173279242605,0.39105172501342633,0
1279,0.25275122781292836,0.39136277080387527,0
1280,0.001865332062579772,0.39155907699122994,0
1281,0.04845388626103597,0.39157178931707604,0
1282,0.04527054783885698,0.39189189182796835,0
1283,0.1710554174095794,0.39214881776474997,0
1284,0.3802652606966058,0.39254325624633424,1
1285,0.05647731891358487,0.3927517266483972,0
1286,0.35291832644914034,0.3934544208643941,0
1287,0.004706265778627983,0.3936640742432821,0
1288,0.2713570796255941,0.39393921534857723,0
1289,0.004261863303095859,0.3941215005019477,0
1290,0.10600704914107328,0.3942018029735901,0
1291,0.0003049698271150314,0.394257876671015,0
1292,0.03189464637226702,0.39434344619061157,0
1293,0.08715317437464487,0.39499358563427345,0
1294,0.07327973433964774,0.3955388472963438,0
1295,0.1778779872998636,0.39554607251838303,0
1296,0.02278080416926065,0.3956807677696865,0
1297,0.06102297571144033,0.39622167146303267,0
1298,0.11577843064449655,0.39628734341027094,0
1299,0.25023292632999916,0.39641168644839886,0
1300,0.20837924865512292,0.3965458993000863,0
1301,0.3875133843884633,0.39654677179321374,1
1302,0.19080310253159982,0.3969083029875281,0
1303,0.32566307433112773,0.3972686172563106,0
1304,0.07697664187399444,0.3974736205887003,0
1305,0.0696186041343202,0.3974736205887003,0
1306,0.11907549468449197,0.39785631441500535,0
1307,0.11598534689779916,0.3980775894859101,0
1308,0.027869009593172844,0.3988753999721788,0
1309,0.0031888493366808435,0.3992942306651779,0
1310,0.3329169577255643,0.3994830816915357,0
1311,0.004119678223078904,0.4010792725840474,0
1312,0.011759648682794221,0.40115786314488877,0
1313,0.10098852774818345,0.40124350283217713,0
1314,0.024098269343115652,0.4015757718121412,0
1315,0.008670978147782948,0.4025125052433258,0
1316,0.028922777509295394,0.4032771284129776,0
1317,0.0031086565214798467,0.40330153236327226,0
1318,0.0024815454391837743,0.40440774296288196,0
1319,0.019292508185964397,0.40448761132257216,0
1320,0.20301752812509344,0.40450338856173806,0
1321,0.2849526501102404,0.4048575573402514,0
1322,0.0295434957041264,0.40486586006073166,0
1323,0.015074056865636232,0.40537352427222473,0
1324,0.007727208409934794,0.4054369150030398,0
1325,0.04928537315984505,0.4056983516428011,0
1326,0.06779710668762495,0.4057088049142009,0
1327,0.06563329060480261,0.4060667475386154,0
1328,0.12451644834785258,0.40613281612847496,0
1329,0.39458564907683835,0.4061768013128989,1
1330,0.39608846989181323,0.40630964441166617,0
1331,0.0003447725554941439,0.4067196394091336,0
1332,0.22500664406930593,0.40676832231902627,0
1333,0.11454387297422453,0.4068840633066634,0
1334,0.3678706757639928,0.4071015255823037,0
1335,0.005915542514444594,0.4072564866623667,0
1336,0.07161744264664305,0.4073188151890984,0
1337,0.007398428556035674,0.4075813464576168,0
1338,0.01861316036005689,0.4076335357446397,0
1339,0.3353817013957947,0.4079445584335132,0
1340,0.11040645661242499,0.40797582224701356,0
1341,0.019605524123433193,0.4080754242722323,0
1342,0.3214519676184653,0.40814681871563874,1
1343,0.06490890626228885,0.4081952106679244,0
1344,0.044986166931322624,0.4082237102163334,0
1345,0.19337046397190694,0.4092059095369447,0
1346,0.27629252949740923,0.40936598511077316,0
1347,0.04121950819272979,0.4094187540298667,0
1348,0.221918602259363,0.40947022971202973,0
1349,0.006804773583764523,0.40963216214245646,0
1350,0.24205726003360462,0.4097309353660742,0
1351,0.19843827033182515,0.40982578784531853,1
1352,0.2301435452127295,0.40988737904862393,0
1353,0.02346469257227779,0.4101429157750962,0
1354,0.3203322194767442,0.41031360259039484,1
1355,0.07248829325440242,0.41089310802211276,0
1356,0.37331570075252407,0.41089310802211276,0
1357,0.02557231130949844,0.4110171792993671,0
1358,0.07730860912014592,0.4110505261804872,0
1359,0.326006447368961,0.41197942141229127,1
1360,0.027873757404541677,0.4120418212632555,0
1361,0.05457780368943799,0.41205352080119473,0
1362,0.2552038721265155,0.41205352080119473,0
1363,0.0009558234292108558,0.41280839130297275,0
1364,0.04503219389504787,0.4128235017453462,0
1365,0.1389297910085292,0.41289438297878045,0
1366,0.21210428967058836,0.4131400812127324,0
1367,0.011568890883973615,0.4131488941684871,0
1368,0.014755582383037091,0.41327992796176183,0
1369,0.01767274836806043,0.41329615349075255,0
1370,0.18910330352036764,0.41335897498966434,0
1371,0.0034811387454768417,0.4134123599780585,0
1372,0.04376781371978011,0.41393322414066946,0
1373,0.0285116352599325,0.41447503924152085,0
1374,0.05020720061978601,0.4147710837743528,0
1375,0.02158384579137851,0.4151524311378748,0
1376,0.07433193748018152,0.4151530557221923,0
1377,0.05862017840966638,0.41523551928178326,0
1378,0.3292958444644303,0.4158535652440608,0
1379,0.0594265963838857,0.41625855719872673,0
1380,0.1401506877779658,0.4164863901258835,0
1381,0.007565932688005095,0.41654117065746077,0
1382,0.19395544684692434,0.4165566053897246,0
1383,0.27524527299291923,0.4175228000022213,0
1384,0.04600550609574594,0.41859391996175976,0
1385,0.3199647500091488,0.4196004332241543,1
1386,0.10414966723364982,0.4196342347376161,0
1387,0.08811368467271308,0.41981487942227225,0
1388,0.04224951728948412,0.4203607828924596,0
1389,0.0017873070588795281,0.42298916580752355,0
1390,0.054944341201562774,0.42311888363544214,0
1391,0.05522325267426842,0.4234487361636218,0
1392,0.0011548102681017136,0.4235061606217685,0
1393,0.0001826084823016716,0.42379934760626703,0
1394,0.24013024528172788,0.4239112763707754,0
1395,0.19993638653397094,0.4240835010555114,0
1396,0.021189627009861378,0.4242137117376833,0
1397,0.004430707278874846,0.42441185994311437,0
1398,0.0013435340777233629,0.4244954787116544,0
1399,0.0008249291613392495,0.4247219354495796,0
1400,0.2662603092356868,0.42484869196373043,0
1401,0.024026123450390457,0.4256113982946452,0
1402,0.3271634746502893,0.42571693751664264,0
1403,0.3010894660439235,0.42626895773683615,0
1404,0.13447054132423175,0.42640270798616475,0
1405,0.12851341358242008,0.4283391402106893,0
1406,0.13269363194525974,0.42834902804651065,0
1407,0.31246576393794245,0.428616162237328,0
1408,0.14235543515472904,0.4289592664072893,0
1409,0.28804443754254905,0.42925343112671943,1
1410,0.0056253900778123755,0.42982238051554456,0
1411,0.3579368031068101,0.4301091149545113,1
1412,0.0685916029065825,0.43033158992663645,0
1413,0.01333616630942247,0.43033158992663645,0
1414,0.39872459213018174,0.43033158992663645,0
1415,0.00553205876682783,0.43044524875565293,0
1416,0.017740192435693358,0.4308179182501932,0
1417,0.23772472295150782,0.4312964070229496,0
1418,0.03255828122308191,0.43165986415013835,0
1419,0.05696477570091529,0.4318756692355893,0
1420,0.32636983543125186,0.43260369034878743,0
1421,0.37791404300649134,0.43345359570724984,1
1422,0.16581996707100133,0.43367897742291706,0
1423,0.1215499708493154,0.43401740001097955,1
1424,0.2464869065539358,0.43460382263084063,0
1425,0.018313669037106517,0.434675119177362,0
1426,0.1948708894755995,0.435723482733095,0
1427,0.01889247655964421,0.43586642838398026,0
1428,0.31284597405435133,0.4362125008296923,0
1429,0.06121031484082906,0.43647856503992843,0
1430,0.1338678979127481,0.43649782729665065,0
1431,0.2721367805126744,0.436826219734738,0
1432,0.03251961674553672,0.4368575412564619,0
1433,0.39881295906152703,0.43724851985128166,0
1434,0.2825425521995908,0.4372646241281948,0
1435,0.04402861649056755,0.4379112223286885,0
1436,0.11547388867452235,0.43871657707408485,0
1437,0.24225635864383754,0.43883399314775606,0
1438,0.4083874138938929,0.4390976776401021,1
1439,0.05914059872314403,0.4393953485651503,0
1440,0.4291653117460388,0.43944972696507567,1
1441,0.1919497095420707,0.4396541669631624,0
1442,0.23101137984823983,0.4399043048641499,0
1443,0.025299431863348376,0.44090058373125895,0
1444,0.038233670076327164,0.44125102407842276,0
1445,0.002634323567255792,0.44143309500972894,0
1446,0.12246271790739394,0.44170122563405567,0
1447,0.019252377057245917,0.44190245852574206,0
1448,0.0021718395747236663,0.4420572931837172,0
1449,0.0355698593184679,0.44231655806659076,0
1450,0.40369806357111926,0.4427587999957332,1
1451,0.36778822482875595,0.4430644051234296,0
1452,0.4071940966472961,0.44448851712807325,0
1453,0.14801502247399778,0.4452181579737189,0
1454,0.001031147364742635,0.44525982148755394,0
1455,0.08469750672296339,0.4453645318974051,0
1456,0.34434870359919434,0.4457517916013688,1
1457,0.40115786314488877,0.4460601360244415,1
1458,0.04835161794032061,0.44629505323482976,0
1459,0.0014445728136952551,0.44688409206273083,0
1460,0.1623146835648267,0.4470287562244265,1
1461,0.1378851906027877,0.4473590819246258,0
1462,0.029554649453735427,0.4479888599836336,0
1463,0.19498639032259946,0.44819468111784844,0
1464,0.005495668891538852,0.4488117906892566,0
1465,0.30862543488157823,0.4490553050707574,1
1466,0.05876734721353938,0.4498474321664445,0
1467,0.41493242340018954,0.45001457914845766,1
1468,0.39078562102005465,0.45002571421776427,1
1469,0.27962286873537456,0.45012852704489814,1
1470,0.2764294408482868,0.4506506760596545,1
1471,0.2809913076015167,0.45102129767275156,1
1472,0.0037016407231774684,0.45130590743042975,0
1473,0.33096790241014984,0.45141555886116225,1
1474,0.25967603701259123,0.45190532123194904,0
1475,0.36131767206148446,0.4524130651041576,0
1476,0.026047191557249216,0.4531416933229472,0
1477,0.012411743100719352,0.4533570346495235,0
1478,0.12478820560731341,0.45405913778802676,0
1479,0.28142454473768197,0.4545360227608536,0
1480,0.21831889163432838,0.45484947515893137,0
1481,0.25373067901207946,0.45484947515893137,0
1482,0.010888259761262287,0.45518002728538043,0
1483,0.3549846321992316,0.45555486082319696,1
1484,0.026212226626193713,0.4563684700090346,0
1485,0.06144313069595919,0.4584560516100812,0
1486,0.3183489810417023,0.45857516424407574,0
1487,0.3091528167014407,0.45935235354162374,0
1488,0.2561718331989419,0.4595648272625238,0
1489,0.4165100593223403,0.4599175139593592,0
1490,0.37522551823303163,0.4600877067307477,1
1491,0.4526058452412566,0.4606237558960333,1
1492,0.022620319412797185,0.46084225048661953,0
1493,0.017362801917134574,0.46113546908191727,0
1494,0.26680797647711363,0.46146887416198923,0
1495,0.12367799417698877,0.46211611556557175,0
1496,0.15012614499646437,0.46219569966924967,0
1497,0.17396184172060214,0.46235213785591767,0
1498,0.03637399164241528,0.46248740964829327,0
1499,0.05850783692372352,0.46316125495867577,0
1500,0.4054137689262223,0.46321489533834914,1
1501,0.15447713574287691,0.46327602764598097,0
1502,0.1136253566593508,0.4634242822875635,0
1503,0.029543984362628173,0.4634997609235475,0
1504,0.4134123599780585,0.46626714203516806,1
1505,0.11668086284094858,0.4664904559405525,0
1506,0.23560122931505934,0.46662676257167135,1
1507,0.46046422075483096,0.4666666250007332,1
1508,0.018029742598170362,0.46728486853136875,0
1509,0.12897219641559465,0.46832270314859115,0
1510,0.1146761089252526,0.46835208367100367,0
1511,0.07209787062543904,0.4696120763156064,0
1512,0.1260728804308221,0.46961604445520133,0
1513,0.33581118513814956,0.4696792815835391,0
1514,0.4100690858096194,0.46974736651031757,1
1515,0.26648328494043727,0.47074286301737134,0
1516,0.044951512571462904,0.47082637933883353,0
1517,0.14217239512542434,0.47138817407625844,0
1518,0.1114188884452656,0.4722574325682337,0
1519,0.01774224209163633,0.4727049349509903,0
1520,0.4678042225065825,0.4727535286974015,1
1521,0.16351157748340006,0.4729888242998195,0
1522,0.1162867424321039,0.4731347683543352,0
1523,0.12636758263146075,0.4737414660887682,0
1524,0.2507384362509032,0.4738229898258993,1
1525,0.4303146687983834,0.4739796980852211,0
1526,0.06837325121393545,0.47472630946039185,0
1527,0.2112036225224304,0.475916803950613,1
1528,0.32774956705716785,0.4760015985264675,0
1529,0.3378667018514673,0.4766055987865252,1
1530,0.08550215047855758,0.47693989520722635,0
1531,0.41005496746209846,0.47746555965406823,1
1532,0.05102601786843808,0.47756688116972823,0
1533,0.47034542120961265,0.4781331053413519,1
1534,0.07343072558191877,0.4783011136566224,0
1535,0.20961596433081708,0.4786274043526816,1
1536,0.372044250004847,0.47911049456264077,1
1537,0.259504521921022,0.48038333139574696,1
1538,0.2639220855207778,0.48074268578585666,1
1539,0.07744890234131041,0.48155303807888084,0
1540,0.4313291472407603,0.48170050805981124,1
1541,0.44172144012507675,0.4826385493314761,0
1542,0.4244819699957121,0.48352927853437533,0
1543,0.3097447506622164,0.48402689374300534,1
1544,0.04804717203141229,0.4868214202445562,0
1545,0.11140503940272184,0.48815354580494286,0
1546,0.4140790015477841,0.48843496353917026,1
1547,0.015581835386734189,0.48900259392041034,0
1548,0.33146694419991196,0.489346429806393,1
1549,0.42559134993628134,0.4911447615243564,1
1550,0.16612659676349784,0.4923135488852304,0
1551,0.0072180253303456565,0.49237078496975606,0
1552,0.39911739659317114,0.4932227999172387,0
1553,0.21914965129472475,0.4932889962914707,0
1554,0.03129655225700423,0.49355625889351984,0
1555,0.3805286542810231,0.4945738915904786,0
1556,0.25228807729248304,0.4945738915904786,0
1557,0.44162253746748625,0.4947463840246571,1
1558,0.20293882805364039,0.49534150016160805,1
1559,0.09241338881700367,0.4953436010922888,0
1560,0.4199868286605021,0.4959517240394744,1
1561,0.4473885740009943,0.49683871851318995,1
1562,0.3342424821379897,0.4969144745735533,1
1563,0.4716262284412547,0.49693251712532394,1
1564,0.38662377095594413,0.496962149322845,1
1565,0.4223870631821943,0.49899967053712657,1
1566,0.4258613732573495,0.4993267382421763,0
1567,0.4241164824774881,0.499391294962788,0
1568,0.007466276893223767,0.5002610380218186,0
1569,0.009627029613634819,0.5005003761270744,0
1570,0.03499242232218269,0.5013110120410531,0
1571,0.3309309090681195,0.5014285570875157,0
1572,0.22564634260165617,0.5016346309297385,0
1573,0.02719272686023766,0.501692850668292,0
1574,0.371866950327604,0.5040145438746266,0
1575,0.46844510348751933,0.5045517065183887,1
1576,0.3927517266483972,0.5046262450468405,1
1577,0.47866958764673795,0.5056395319920968,1
1578,0.44268279674800504,0.5057745778326818,1
1579,0.40481631304566723,0.5062165830953418,1
1580,0.30157614981643566,0.5062856662819967,1
1581,0.4458179385019321,0.5065521994282034,1
1582,0.02238051767383553,0.507523325838511,0
1583,0.3289617971215505,0.5076598651216213,0
1584,0.3414884231552098,0.5079135776868844,0
1585,0.5040145438746266,0.5084110707880372,1
1586,0.5069812110416018,0.5091128196432922,1
1587,0.18504862049434434,0.5102981639694171,0
1588,0.3181797007502637,0.5114189358558275,1
1589,0.34391305128972915,0.5115389811338598,1
1590,0.39730058733336426,0.5136344020990069,1
1591,0.46778103651034664,0.5137002370200452,1
1592,0.1496802575603412,0.5140341598828583,0
1593,0.46931317934574635,0.5151925879990514,1
1594,0.2084722112801518,0.5177393521459774,0
1595,0.030282785355996933,0.5180503742039507,0
1596,0.2504391762433701,0.5185080757512598,1
1597,0.4888152638413077,0.5193394447014027,1
1598,0.4491269749601755,0.5196785704916622,1
1599,0.4199868286605021,0.5201634170530443,1
1600,0.37659406479014723,0.5208106311657524,1
1601,0.4282954566312521,0.5209284804809945,1
1602,0.40372614053144884,0.5210835396500882,1
1603,0.28768208064882506,0.5213987650084142,0
1604,0.4734751821753159,0.5219484722559861,1
1605,0.36050921273345626,0.5223959470830779,1
1606,0.10278000271941645,0.5229025292941343,0
1607,0.034277219965913486,0.5239716218235891,0
1608,0.38479791427382626,0.5240006742480262,1
1609,0.4991666355053166,0.5249838643349622,1
1610,0.245142065657867,0.5250865030945037,1
1611,0.47814046642022034,0.5252031065441046,1
1612,0.5119062895816664,0.5252767424483911,1
1613,0.4389709088023933,0.5257591993611497,1
1614,0.21143470204991122,0.5263401106993488,1
1615,0.46156452702419803,0.5265477572007521,1
1616,0.00798446202518266,0.527202242573876,0
1617,0.4586031023530467,0.5278940985610983,1
1618,0.49778240177688393,0.5281108989137498,1
1619,0.004702236174137342,0.528195638256849,0
1620,0.4716635666188417,0.5285071876539088,0
1621,0.5217302563253775,0.5285338925581415,1
1622,0.3403101837321232,0.529674701937472,1
1623,0.3845754643896143,0.5298521746104388,1
1624,0.28124269812287805,0.5300490497966163,1
1625,0.07000133159914124,0.5321333709868482,0
1626,0.2335326296342286,0.5323746644245324,1
1627,0.3361420332653611,0.5323920187834286,1
1628,0.5193304364696005,0.532975092994511,1
1629,0.22476132055869558,0.5339095973561544,1
1630,0.3393867776093866,0.5340640823728388,0
1631,0.20901176141030653,0.5341160743409269,0
1632,0.370510021245377,0.5350094286886264,1
1633,0.08047526051346865,0.5356063625468881,1
1634,0.004248200511287714,0.535853504115252,0
1635,0.2068047688534287,0.5376667556189313,0
1636,0.5194279873500509,0.537840355486163,1
1637,0.527207771484592,0.5379619691998846,0
1638,0.46217196329413435,0.5381646390200988,1
1639,0.4449905002975585,0.5382215625169174,1
1640,0.4497086519824667,0.5387944397234846,1
1641,0.4334156027865328,0.5391951656737204,1
1642,0.4400578308307156,0.5393178379920944,1
1643,0.408988829075265,0.5394078297301231,1
1644,0.25591590553827126,0.5396686557594647,0
1645,0.36721274502330636,0.5396996142919366,1
1646,0.4812663819537024,0.5406894074299187,1
1647,0.029634492165744653,0.5409631503328709,0
1648,0.5275367101783108,0.5410198384235095,1
1649,0.3384668904734297,0.5410421172450958,1
1650,0.48338808738685146,0.5412098392618773,1
1651,0.33604312034728245,0.5416191795085795,1
1652,0.457238698220921,0.5416808093011001,1
1653,0.5046163121457511,0.5419158450817708,1
1654,0.2727347660596612,0.5421501929863585,1
1655,0.08037382561713924,0.5437174870690821,0
1656,0.45955416032832697,0.5440879375234309,1
1657,0.4197651168828819,0.5444723447106504,1
1658,0.36848415646925814,0.544585970769167,1
1659,0.5411995710922735,0.5447608209153388,1
1660,0.46894654245053546,0.5453085100976073,1
1661,0.5203091751894405,0.5471969115410514,1
1662,0.34803810949349556,0.5474680632612486,1
1663,0.5435881686558871,0.5487080817656194,1
1664,0.26914414631988715,0.5505612134490022,0
1665,0.48071558524243496,0.5506606952118128,1
1666,0.38905679231490564,0.5519009201771268,1
1667,0.4846081539052678,0.5528380001094296,1
1668,0.05889138486288281,0.5559311985155474,0
1669,0.33246955128596245,0.5570239788763953,1
1670,0.05317660501419175,0.5577174866112469,0
1671,0.3985749546009144,0.558502664342897,1
1672,0.43566804974816986,0.5585095425163181,1
1673,0.2679537363228027,0.5589317606301902,1
1674,0.4322182370102574,0.5589421350492073,1
1675,0.03799803775724375,0.5590064313145691,0
1676,0.4908915210764774,0.5618012472212778,1
1677,0.04001854841706898,0.5620375593994451,0
1678,0.3685326394579508,0.5631713162568293,1
1679,0.13827765561807992,0.5639801565295574,1
1680,0.5572770816240709,0.564037670620697,1
1681,0.43810088652934276,0.5687261615278758,1
1682,0.4940851615813904,0.5692478333234525,1
1683,0.2378328996264173,0.5709040738677956,1
1684,0.4853638762573733,0.5721099252358451,0
1685,0.3582789763946168,0.5723009102330414,1
1686,0.31284561902617125,0.5725602924063,1
1687,0.45939121069904576,0.5729395804221931,1
1688,0.44659030094189134,0.5733383936264566,1
1689,0.281040969228441,0.5746078751066842,0
1690,0.4524130651041576,0.5747232871535348,1
1691,0.5077861049977367,0.5756341229923856,1
1692,0.51577199273363,0.5763004419158207,1
1693,0.5231731784742566,0.5768152269713184,1
1694,0.4596512054119072,0.5773460324866824,1
1695,0.5320598982427174,0.577880828727744,1
1696,0.4049209221114971,0.5783729384409799,1
1697,0.5499006271894691,0.5784186154300694,1
1698,0.387967933456001,0.5786420919045542,0
1699,0.4710937783527215,0.5794349469931966,1
1700,0.44499139453448466,0.5797155326352648,1
1701,0.32372061704003174,0.5800713739301975,1
1702,0.36175226795156534,0.5806390674103252,1
1703,0.4752035302773291,0.5810627224741465,1
1704,0.5172577197468327,0.5812701901246184,1
1705,0.13370747646801795,0.5828854185583089,0
1706,0.05126834621342613,0.583090690520647,0
1707,0.3846656957964416,0.5831015083141041,1
1708,0.5655227640812304,0.5832735587368081,1
1709,0.025053893517413495,0.5835033403599269,0
1710,0.27769224721709784,0.5835061007445289,1
1711,0.5580025567746085,0.5839999584468804,1
1712,0.5364822719908893,0.5850472450465017,1
1713,0.5379619691998846,0.5860471824791951,1
1714,0.43038933122183065,0.5865992266874276,1
1715,0.23289204071695435,0.5871319279219341,1
1716,0.46876369236983506,0.5872064810573419,1
1717,0.5281255236542983,0.5877158446554778,1
1718,0.5169605895712066,0.5881137715992748,1
1719,0.5522965695875178,0.588202750152081,1
1720,0.5061175599746498,0.5886999980069048,1
1721,0.569343442776429,0.5891415090548442,1
1722,0.5408440194494071,0.5923769141949516,1
1723,0.49704427407971186,0.5940143850069162,1
1724,0.3599189819243429,0.5948343291152389,1
1725,0.3793563862301148,0.5952931977506306,1
1726,0.4266370635525104,0.5952969575161632,1
1727,0.2474391571957072,0.5955564503175802,1
1728,0.5804520596608225,0.5956738232933816,1
1729,0.5832046643651688,0.5980198803300655,1
1730,0.49920177346678785,0.5981288374579996,1
1731,0.28819468774011714,0.5982172059576162,1
1732,0.45161610222276394,0.5984097515955116,1
1733,0.5345612782372087,0.5993663608840254,1
1734,0.5528435980406515,0.5998433910510826,1
1735,0.4720259911892716,0.6002097337944231,1
1736,0.48810230126040577,0.6002676985542198,1
1737,0.32598049269171825,0.6017979790439625,1
1738,0.4909534465636698,0.6018974758090029,1
1739,0.5679051285685859,0.6022869362351708,1
1740,0.5518290782375023,0.6036018643634429,1
1741,0.567705395139905,0.603887010618915,1
1742,0.5495048042582775,0.6038979745318908,1
1743,0.21284834706521316,0.6042936882667189,1
1744,0.41626720106387816,0.6044542663433313,1
1745,0.3337221356562312,0.6048009767898656,1
1746,0.5986774340582972,0.6048307392521751,1
1747,0.3420424623297733,0.6052010161750193,1
1748,0.4958309131045484,0.6056437830245825,1
1749,0.5293650250134706,0.6068655145309225,1
1750,0.3809437329522338,0.6072548465914227,1
1751,0.5107053429942638,0.6073850947654713,1
1752,0.4395844055898348,0.6076114486798107,1
1753,0.5976631941900116,0.6079099173268231,1
1754,0.5920634052892283,0.6079410990438724,1
1755,0.5903031856406571,0.6082730105946731,1
1756,0.484088317030412,0.608278486878365,1
1757,0.4827966101516108,0.6089162213505325,1
1758,0.5897387297631148,0.6106010288589281,1
1759,0.5833657970937329,0.6107055779674135,1
1760,0.6050285480821388,0.6110543747626708,1
1761,0.43263271395664016,0.6110725382073381,1
1762,0.4956451983863658,0.6117855000878676,1
1763,0.48187012714899147,0.6122000185291945,1
1764,0.46143302968095745,0.6123288957228171,1
1765,0.5125779837421269,0.6126329500473178,0
1766,0.3322540334170937,0.6128045730506041,1
1767,0.503153085951388,0.6129602717310136,1
1768,0.525650881323237,0.6138601137593918,1
1769,0.5278797014890697,0.6154623586994709,1
1770,0.5434019034039294,0.6164409991128936,1
1771,0.43277787941084256,0.6170434406202085,1
1772,0.48187012714899147,0.6171597039654219,1
1773,0.5366687081290624,0.6181848268129626,1
1774,0.45621552198184157,0.618342636859842,1
1775,0.494343453590559,0.6186516593484237,1
1776,0.28755590157382815,0.6201577536523954,1
1777,0.5555888117856123,0.6207153697914877,1
1778,0.4533865058266815,0.6215518137565993,1
1779,0.5738270630978433,0.6231579175597246,1
1780,0.5189987873508061,0.6232927436596821,1
1781,0.41093907539016106,0.6234002382563097,1
1782,0.5328976105264159,0.6240048112171777,1
1783,0.5425775583403738,0.624254604451685,1
1784,0.5598904422963488,0.6244567003183417,1
1785,0.4177685871270015,0.62463091198504,1
1786,0.3741046184313742,0.6251136810328434,1
1787,0.601615420561425,0.6255256407377182,1
1788,0.54779934954125,0.6265726586564303,1
1789,0.35862289149230064,0.6266658987352542,1
1790,0.3251676266092596,0.6268532407418524,1
1791,0.4600253807055438,0.6269689785480299,1
1792,0.541150676089404,0.6277285050403599,1
1793,0.5069980213327502,0.6284368386738026,1
1794,0.5907393327269849,0.6285874918248465,1
1795,0.498345927672055,0.6287105135576422,1
1796,0.5598904422963488,0.6295773826000605,1
1797,0.567960698235108,0.6305691786432153,1
1798,0.5492873439484751,0.631091829173317,1
1799,0.34819290548382964,0.6311301318949818,1
1800,0.6022474679637189,0.63221827643754,1
1801,0.4982015302093272,0.6323733918701827,1
1802,0.6079707141498869,0.632522501571126,1
1803,0.6231652701172693,0.6329442128266961,1
1804,0.4063970894598692,0.6333621024555098,1
1805,0.5765369158311991,0.6340878120446835,1
1806,0.45857516424407574,0.6343895507164355,1
1807,0.5907275225053896,0.6349244547075631,1
1808,0.5021643790176012,0.6350645078601359,1
1809,0.6290411585791617,0.6350729316235033,1
1810,0.44689661209673515,0.63520593071695,1
1811,0.6194625978688181,0.6361534805509019,1
1812,0.6205083994221237,0.6364023157084591,1
1813,0.5374740875599359,0.6365362671052502,1
1814,0.2529979087923342,0.6372181744474391,1
1815,0.5572770816240709,0.6377659498928503,1
1816,0.27869418096035536,0.6388735860879764,1
1817,0.5954870288814651,0.6389370739583932,1
1818,0.2396182527608185,0.6391281482830382,1
1819,0.553282988050029,0.6395674793275554,1
1820,0.4833421391325019,0.6397161868492311,1
1821,0.623010770437442,0.6399794333995007,1
1822,0.39809792762290575,0.6399810187099685,1
1823,0.4813594196058181,0.6400909203526648,1
1824,0.5360452423600103,0.6401143629209108,1
1825,0.211403994178484,0.640545254399517,1
1826,0.46946588886601837,0.6407656143348125,1
1827,0.28269701168104744,0.6409845018047282,1
1828,0.5574121229713491,0.6423725886039812,1
1829,0.4632862582395071,0.6437860281507884,1
1830,0.5928970131467891,0.6439898433786607,1
1831,0.5478210078844616,0.6441927906874614,1
1832,0.4052726267738854,0.6442124394486121,1
1833,0.5317844511515107,0.6454709322736534,1
1834,0.4393953485651503,0.6457635308656425,1
1835,0.6245554348110353,0.6459262031632357,1
1836,0.3383264556021546,0.6461660069195297,1
1837,0.6261173689824484,0.6465616231427325,1
1838,0.5975891049439985,0.6467962827081577,0
1839,0.372044250004847,0.646997283301837,1
1840,0.589231864246719,0.6470445684983352,1
1841,0.42997380031293553,0.6478363949142465,0
1842,0.5495048042582775,0.6482577050209175,1
1843,0.5079384949025209,0.6486845426469524,1
1844,0.577788759776804,0.6489931499208613,1
1845,0.47983643141403276,0.6490067189066789,1
1846,0.5153371882231741,0.6491187386282069,1
1847,0.5376455520868129,0.6492091824441688,1
1848,0.4749169449982624,0.6503703009007477,1
1849,0.6171323868275718,0.6506159304347846,1
1850,0.5886152231460022,0.6506345922988659,1
1851,0.5577174866112469,0.6508383899335269,1
1852,0.5907789079359368,0.6509292570064132,1
1853,0.6452656474299339,0.6529330512073055,1
1854,0.6528997202262065,0.653336873968471,1
1855,0.2049874929462704,0.6541534453988503,0
1856,0.5850012327993916,0.6556302395170749,1
1857,0.015256240491962059,0.6562528072773732,0
1858,0.6220535037320603,0.6566325227475182,1
1859,0.22220258376011792,0.6566655678262763,1
1860,0.6384894580564976,0.6569249043687166,1
1861,0.4199135304644188,0.6578465094587542,1
1862,0.5511624215511299,0.6580083522841427,1
1863,0.5585115778479506,0.6582407327195114,1
1864,0.526771387231793,0.6587623178466285,1
1865,0.5229025292941343,0.65887110570488,1
1866,0.43260369034878743,0.6591849201754815,1
1867,0.5321628758772096,0.6595153024652995,1
1868,0.015550161204036406,0.6596021000942589,0
1869,0.40203363605489484,0.6596461906907197,1
1870,0.22845304759094387,0.659757846312722,1
1871,0.623184196018463,0.6598269297096534,1
1872,0.5201189330309259,0.6598431864271429,1
1873,0.5335363856011536,0.6599328888462425,1
1874,0.4054137689262223,0.6601687254986299,1
1875,0.5232153844799844,0.6602139309598923,1
1876,0.5245072437244125,0.6603543262366032,1
1877,0.3998805124186694,0.6610421840319348,1
1878,0.6199600687821067,0.6615777855109214,1
1879,0.5728488325537904,0.6621075877562955,1
1880,0.573363288786815,0.662322815465588,1
1881,0.4898793186897614,0.6624948340074652,1
1882,0.6517748100700894,0.6629085027238398,1
1883,0.5899302466819272,0.6636044092336737,1
1884,0.6119861670392381,0.6636511691162493,1
1885,0.5607012522648399,0.6638747737237839,1
1886,0.5488565977736933,0.6639111847041115,1
1887,0.633023126263263,0.6647162585240781,1
1888,0.42484087875756404,0.6654506052784585,1
1889,0.49689050029416826,0.6656052487990585,1
1890,0.5396728602047203,0.6656408004683544,1
1891,0.527202242573876,0.6660060658592638,1
1892,0.6525360137421525,0.6662903411092852,1
1893,0.5435336885771376,0.666852252606606,1
1894,0.6030778276633774,0.6676010201268101,1
1895,0.5632178913392173,0.6677896685606456,1
1896,0.2824909975729569,0.6678208441325628,1
1897,0.5574439512238898,0.6681004142571941,1
1898,0.5269728496855879,0.6684464940138298,1
1899,0.6392776255577047,0.6686657090993566,1
1900,0.3548785341281292,0.6688722578926395,1
1901,0.4172514814709041,0.6691844284069414,1
1902,0.46551249451997645,0.669370300305798,1
1903,0.15602592334638732,0.669962373958364,1
1904,0.30471096465780834,0.670563568363636,1
1905,0.5105229762118109,0.6709606404756334,1
1906,0.5095312975548828,0.670963005278348,1
1907,0.35634445518128155,0.6716667610978698,1
1908,0.636144254684999,0.6722185133564336,1
1909,0.5240880093389573,0.6736765732350929,1
1910,0.6467962827081577,0.6738873521794391,1
1911,0.5466480782075244,0.674196896357761,1
1912,0.5407628604625866,0.6749957746234004,1
1913,0.5293650250134706,0.6751188167137129,1
1914,0.33539401469987584,0.6752112300747274,1
1915,0.4149466978891093,0.6756729054500633,1
1916,0.5405547791032892,0.6756795679610009,1
1917,0.6068486659996571,0.6759952670058251,1
1918,0.635927031611908,0.6767742892378532,1
1919,0.6284276730763303,0.6776197401862161,1
1920,0.3579368031068101,0.6780566669033552,1
1921,0.39458564907683835,0.6783618542815764,1
1922,0.5343988211588634,0.6783700516602564,1
1923,0.5736859627644644,0.6784850452956062,1
1924,0.599254717700567,0.6789294082449592,1
1925,0.5197895178777898,0.6792489827121359,1
1926,0.41626720106387816,0.6801638305273247,1
1927,0.5008928861296458,0.6803163934479161,0
1928,0.4094187540298667,0.6807578802701619,1
1929,0.5243188095955832,0.680758458668608,1
1930,0.4531416933229472,0.6813811041812757,1
1931,0.6467344248787065,0.6817411153431508,1
1932,0.6763719076558046,0.6819889789721523,1
1933,0.6051952207750153,0.6822199657052619,1
1934,0.6403016262779071,0.68232571819767,1
1935,0.5623495818355265,0.6823892377422711,1
1936,0.5571026390601923,0.6830117578514202,1
1937,0.6681675494781651,0.6845508534615855,1
1938,0.3991584582768477,0.6851344726217082,1
1939,0.44819468111784844,0.6853931568460259,1
1940,0.5946897696119883,0.6855220838097322,1
1941,0.3196738804700109,0.6856405828309375,1
1942,0.24612770254596072,0.686119002368742,1
1943,0.5928008702616725,0.686348096738027,1
1944,0.5141931013564474,0.6866469869840767,1
1945,0.6239704438962964,0.6867227496388628,1
1946,0.3891413585530681,0.6869789679421257,1
1947,0.3243630207838777,0.6871990852453843,1
1948,0.633942439619458,0.687776040261287,1
1949,0.5664675520148642,0.6878418878357367,1
1950,0.39672486462821654,0.6881076898033773,1
1951,0.5366820403259213,0.6882990809270939,1
1952,0.685077751272304,0.688350547103328,1
1953,0.26750083017801274,0.6884755706231966,1
1954,0.6031298857432622,0.6885254059784522,1
1955,0.40052286023700345,0.6886588038652308,1
1956,0.43263271395664016,0.6887260308659072,1
1957,0.3753621464769523,0.6890600400843325,0
1958,0.6308978964307285,0.6891986498060462,1
1959,0.49366386049098654,0.6899373469676566,1
1960,0.5308816719774608,0.6903350284021573,1
1961,0.4443454752243523,0.6905109779300371,1
1962,0.5256876632681895,0.6906922672914835,1
1963,0.48919271903802464,0.6910635498038638,1
1964,0.4414894787575354,0.691600096199237,1
1965,0.5490629022893524,0.6918234039267378,1
1966,0.5027589399776173,0.692325463161331,1
1967,0.6503129120630624,0.6923625910759911,1
1968,0.5958183850217537,0.6927844840448631,1
1969,0.5053587611585725,0.6928251795005274,1
1970,0.6336594805417441,0.6933344951653126,1
1971,0.5064442752069613,0.6942942341694648,1
1972,0.6317547345515355,0.6945574149289424,1
1973,0.5169764527438862,0.6949438016973238,1
1974,0.6127120142402874,0.6951047176983666,1
1975,0.5497145839469466,0.695584773302945,1
1976,0.5797551157032376,0.695609776923913,1
1977,0.6503882888676286,0.6957321854608238,1
1978,0.5241369212694031,0.6959022464516033,1
1979,0.4751946711379972,0.6962809525846898,1
1980,0.6009083316874243,0.6963907245009892,1
1981,0.4526430515048039,0.696604848272956,1
1982,0.6755275808474543,0.6970450511887034,1
1983,0.38830967895553925,0.6971265487384465,1
1984,0.6110779149071931,0.6974029355234957,1
1985,0.49868080285249095,0.697447724325491,1
1986,0.6631450619281396,0.697764604065081,1
1987,0.49036919905476317,0.6979109099383951,1
1988,0.5314655249404194,0.6980247629194324,1
1989,0.45909482430652504,0.6983217130893605,1
1990,0.5876884363393491,0.6983566793031595,1
1991,0.4076335357446397,0.6985341644989626,1
1992,0.5707074264040439,0.6985494059808834,1
1993,0.5093484293716449,0.6987094595594401,1
1994,0.5210963160087807,0.6991038380151813,1
1995,0.5653025251759698,0.6995734411092376,1
1996,0.6952876871698148,0.6996996914555603,1
1997,0.6206199403853052,0.7001033564463656,1
1998,0.5444006561948866,0.7005391579741865,1
1999,0.6255801789444579,0.7007732149271159,1
2000,0.6848562058654066,0.7008826683368782,1
2001,0.4915601580258745,0.7011070974906293,1
2002,0.6139961950162478,0.7011979819097672,1
2003,0.46836133839210614,0.7018683720742892,1
2004,0.5875876333804784,0.7027672435708894,1
2005,0.541666396649966,0.7030032322305613,1
2006,0.6329758123124312,0.7034240115199097,1
2007,0.48919271903802464,0.7035019416956402,1
2008,0.6376948236048912,0.7035325761150047,1
2009,0.40049163023240586,0.7036664801916502,1
2010,0.44659030094189134,0.7053091242316639,1
2011,0.4827966101516108,0.7058199381275736,1
2012,0.6891480710391853,0.7064676754576785,1
2013,0.6486525562902945,0.7070705274052559,1
2014,0.6894384900221717,0.7071313163202687,1
2015,0.4302695373273614,0.707143810333657,1
2016,0.5816774550419654,0.7071688725771554,1
2017,0.5990264571065272,0.7072688770919677,1
2018,0.6639596704797224,0.7073950519713749,1
2019,0.4410835448062961,0.7075237530398234,1
2020,0.21725879948889704,0.7076499550154163,1
2021,0.3505125722819502,0.7078810320466015,1
2022,0.44423279049204367,0.708129566177235,1
2023,0.6767507149682184,0.70835419931548,1
2024,0.5925890029500893,0.7087946276968488,1
2025,0.3670782209641813,0.7090416532387867,1
2026,0.7028155601479896,0.7090509413894045,1
2027,0.6206199403853052,0.7092841765409053,1
2028,0.5197895178777898,0.7096965558099102,1
2029,0.6590938454746998,0.7102242766778882,1
2030,0.6502442813634042,0.7102809925078881,1
2031,0.3534264935118615,0.7107075328570662,1
2032,0.5186296061449567,0.710739233424702,1
2033,0.5518290782375023,0.710785683628278,1
2034,0.2251069921298876,0.7110146838548098,1
2035,0.6269560753943677,0.7111113997257252,1
2036,0.4539827675399115,0.711384905510828,1
2037,0.5501123332113642,0.7113849279188487,1
2038,0.6459715293035159,0.7120628948287694,1
2039,0.5733380234310725,0.712315427512297,1
2040,0.5107053429942638,0.7123369696787525,1
2041,0.4471519632119607,0.713604805207457,1
2042,0.6653758430734374,0.713716647720629,1
2043,0.6360946507193599,0.7139956241455006,1
2044,0.710650660752053,0.7141664504211317,1
2045,0.5436662813356494,0.714315555442034,1
2046,0.637476205638223,0.714419163137807,1
2047,0.34689327730324493,0.7146584917076179,1
2048,0.40455747547096754,0.714789513895432,1
2049,0.6057674385186623,0.7151634412950854,1
2050,0.6243220793112149,0.7153386945497019,1
2051,0.13553250107954828,0.715389146734765,1
2052,0.41553221481660596,0.7154444049306292,1
2053,0.6746630916476517,0.7155046862215261,1
2054,0.5948697907710173,0.7156091870815653,1
2055,0.444562999380001,0.7156479458097809,1
2056,0.40369806357111926,0.7159529231384435,1
2057,0.19313755836849578,0.716164563647435,1
2058,0.5180543369542308,0.7166641901711203,1
2059,0.7025342798479662,0.716676511932673,1
2060,0.5086016202497999,0.7167944640929688,1
2061,0.686947762675412,0.7174900336967557,1
2062,0.36013170534458494,0.7177542671468847,1
2063,0.6545678749655239,0.7180208963423621,1
2064,0.6802880238831625,0.7180916210949051,1
2065,0.6374236049509031,0.7181494915795095,1
2066,0.6760353103183462,0.7183283880697255,1
2067,0.538712228845831,0.7185960225796519,1
2068,0.5381052102790468,0.7191578794655967,1
2069,0.40289065192429796,0.7192720342246688,1
2070,0.4229730747462561,0.7195868710187897,1
2071,0.5444625967852291,0.7208753987559916,1
2072,0.6960151468233411,0.7212946809232345,1
2073,0.5464052092513401,0.721329367454803,1
2074,0.6472285256023775,0.7213694138118479,1
2075,0.6954291751896932,0.7214826175083221,1
2076,0.49236946733101183,0.7217615639487844,1
2077,0.5564402231828057,0.722097606891081,1
2078,0.5021865081663675,0.7226635522290141,1
2079,0.4614079195207297,0.7227400416152711,1
2080,0.5273293289205572,0.7228103725859124,1
2081,0.4377243423722238,0.722817577829134,1
2082,0.5320598982427174,0.7234835427973494,1
2083,0.4798737187087707,0.7239833519470447,1
2084,0.2946921462350294,0.7240207798002163,1
2085,0.5746145321506757,0.7243707878796686,1
2086,0.3104923197760182,0.7246326254414481,1
2087,0.41476449545059435,0.7249466577924834,1
2088,0.6702207358206774,0.7249854382834809,1
2089,0.44559649712433813,0.7250241789067449,1
2090,0.38589752231709884,0.7250975562707168,1
2091,0.5760700081968331,0.7251182119940124,1
2092,0.6358130624293338,0.7254281124483821,1
2093,0.44279565825949485,0.7257162871026717,1
2094,0.3418126655903906,0.7261636039060324,1
2095,0.5655227640812304,0.7262719103935694,1
2096,0.4314434294608229,0.7263495938500265,1
2097,0.5245321913712113,0.7263602616629807,1
2098,0.4004028624998064,0.726571536615374,1
2099,0.6681969849226032,0.7272600573052618,1
2100,0.6357955046920415,0.7274022609899855,1
2101,0.5304880860304285,0.7275422734442575,1
2102,0.6337452264492054,0.7275541942625369,1
2103,0.6657922537709391,0.7275883290618985,1
2104,0.4784254963325941,0.7281559827074416,1
2105,0.5517840546271806,0.7284462394036703,1
2106,0.5763066335589777,0.7285443961893376,1
2107,0.28657077770382244,0.7289696851476738,1
2108,0.7143628042573018,0.7291876488919846,1
2109,0.6343089017693616,0.7301878035047771,1
2110,0.6201833397015335,0.7304605595975219,1
2111,0.4936922615524675,0.7305032883267074,1
2112,0.33984712171468,0.730809980209754,1
2113,0.29028817339736146,0.7309018161291716,1
2114,0.5393966396094418,0.7312671351926706,1
2115,0.5230201909077123,0.7313605896833286,1
2116,0.4255877147526588,0.7315834137819511,1
2117,0.6407578007135559,0.7319073333065044,1
2118,0.34407099248969053,0.7320964882755915,1
2119,0.5530504714009614,0.7326777327189113,1
2120,0.5619592974301519,0.7331262632348016,1
2121,0.7329783697012568,0.7335163718637508,1
2122,0.3003057585924649,0.7335344051198829,1
2123,0.6397300766874056,0.7335508379805206,1
2124,0.444562999380001,0.7337581651376548,1
2125,0.35634445518128155,0.7338678947377275,1
2126,0.6508859842881061,0.7338989196822984,1
2127,0.6879378077260626,0.7340430845850023,1
2128,0.5994945228694812,0.7343438053460357,1
2129,0.6662048095443247,0.7344702230612057,1
2130,0.45121352386428937,0.7346456934789432,1
2131,0.6524428560258604,0.7347867643437912,1
2132,0.3772927073435598,0.7347961188135711,1
2133,0.530555979271034,0.7350778215326149,1
2134,0.5061612655229517,0.7357924588967555,1
2135,0.7048549027972151,0.7359669100346549,1
2136,0.6650179161603066,0.7360143253610787,1
2137,0.7081680818347674,0.7360896379293168,1
2138,0.6425436980172632,0.7371068654336898,1
2139,0.501692850668292,0.7378636960296818,1
2140,0.2761828659149296,0.7381240509100064,1
2141,0.4040825444767221,0.738135052952915,1
2142,0.7228175091721258,0.7392985662893355,1
2143,0.6141744374473276,0.7395230683721269,1
2144,0.6214496288239515,0.7398396485754671,1
2145,0.45904432802005846,0.7400527839066123,1
2146,0.36706343114297546,0.7402280308173868,1
2147,0.5830290902298576,0.7402633859437848,1
2148,0.5314710594318283,0.7406130946233632,1
2149,0.6387484612894057,0.7406947854573961,1
2150,0.5580755374941958,0.7412247326072072,1
2151,0.7087013317948644,0.7415003851399606,1
2152,0.46587940188312327,0.7415654765921338,1
2153,0.5308764810257841,0.7418736333893331,1
2154,0.6653758430734374,0.7419596147345627,1
2155,0.6707532579526625,0.742211338639661,1
2156,0.49777965005314573,0.7427178939766693,1
2157,0.4895237932426063,0.7428056407473529,1
2158,0.4830524253221268,0.7428217151106079,1
2159,0.7171148543720897,0.7428497313566329,1
2160,0.6863949770143265,0.7431056086414358,1
2161,0.6922156622809932,0.7431324623149217,1
2162,0.6914193802442321,0.7431712565931731,1
2163,0.6763048544524636,0.7432184012979846,1
2164,0.6317547345515355,0.7432523465656176,1
2165,0.33297541030685385,0.7433637784239191,1
2166,0.7350684627470992,0.7435273651127923,1
2167,0.5437174870690821,0.7436200174163132,1
2168,0.5829080973086892,0.743704492773051,1
2169,0.6023954828663622,0.7441589704732142,1
2170,0.6419585142698807,0.7442698352184638,1
2171,0.5925890029500893,0.744283129634051,1
2172,0.6178537727934227,0.744317921253311,1
2173,0.5506357437478948,0.7443703059509559,1
2174,0.6096693649935133,0.7447877226362375,1
2175,0.4539615977806736,0.7448905620801948,1
2176,0.49722163670425423,0.7452216615052671,1
2177,0.7354852979674639,0.7452383009010628,1
2178,0.30837809295849006,0.7452490950281156,1
2179,0.674573412471937,0.7455398306396528,1
2180,0.6467691537637671,0.7455621048259022,1
2181,0.31820942478071756,0.7457480958438122,1
2182,0.7396846607278723,0.7457612507978121,1
2183,0.5659636996667897,0.745819590566417,1
2184,0.6599611684777079,0.7462565095624817,1
2185,0.6394888083827344,0.747030389733811,1
2186,0.6896291858791405,0.7470404734119973,1
2187,0.4756181213262356,0.7473222225079543,1
2188,0.56423886288419,0.7474083456092018,1
2189,0.30086685596171725,0.7476387678590294,1
2190,0.7243088412819816,0.7477914463286803,1
2191,0.729148972400392,0.747915576086516,1
2192,0.3772927073435598,0.7481829097305018,1
2193,0.3955388472963438,0.7485062282153295,1
2194,0.7318862209499799,0.7485627780419206,1
2195,0.6599800933882268,0.7493814454256662,1
2196,0.29657894103393334,0.7494073222734534,1
2197,0.5315956991767665,0.7495758752671033,1
2198,0.6532706145610007,0.7497618629877301,1
2199,0.5914482636483607,0.7501175099763449,1
2200,0.2897368311077855,0.7502090127169451,1
2201,0.7499619699590121,0.7504739075053187,1
2202,0.488046026737332,0.7508085123682411,1
2203,0.4293879809739073,0.7508755079357738,1
2204,0.7249386761380725,0.7509283245801591,1
2205,0.6889948393231876,0.7510638545167924,1
2206,0.4734516002696536,0.7522615783115382,1
2207,0.5119062895816664,0.7523250584388762,1
2208,0.5601876569743273,0.7525691083369417,1
2209,0.4520503163380498,0.7526196236463244,1
2210,0.7499711084023363,0.7526921177980596,1
2211,0.2934555605681247,0.7527325448745646,1
2212,0.5998647927363139,0.7530163387474315,1
2213,0.6981747190751123,0.7530622913348508,1
2214,0.4377243423722238,0.7532887997581803,1
2215,0.6813831425885689,0.7535342172307375,1
2216,0.7213568102271745,0.7536786834336476,1
2217,0.6622397377489532,0.7536969373537221,1
2218,0.7152032794721163,0.7543248547992981,1
2219,0.32088931844555124,0.7549945516342046,1
2220,0.2723655852273885,0.7551749931492437,1
2221,0.47488180037597527,0.7556861294541062,1
2222,0.6216954138447334,0.7557263376094615,1
2223,0.6350151765511369,0.7564047793286992,1
2224,0.3134034491041032,0.7564049626712963,1
2225,0.4730975915367829,0.7568143542779545,1
2226,0.5692424089540108,0.756898164100373,1
2227,0.5120647130075879,0.756927910884577,1
2228,0.6319527878005197,0.7572595926457915,1
2229,0.7102403920175766,0.757304624436057,1
2230,0.46427442176218237,0.7573649372095826,1
2231,0.20449782988740584,0.7574505635818379,1
2232,0.72396300208504,0.7574756171365491,1
2233,0.4054369150030398,0.7575633217212848,1
2234,0.4526430515048039,0.7577617271465351,1
2235,0.7413716450820684,0.7580308201995741,1
2236,0.4179877032239303,0.7581189295409165,1
2237,0.7525363610932188,0.7582059885238023,1
2238,0.641527267802011,0.7582513109193428,1
2239,0.3870185031363689,0.7584465394698181,1
2240,0.7570112662351466,0.7588102242018181,1
2241,0.559177016409496,0.7597056516127443,1
2242,0.7365820630770725,0.7597598128658536,1
2243,0.7334346687282096,0.7599288822622337,1
2244,0.6643675016644189,0.760521683617546,1
2245,0.611540742433603,0.7607076634276071,1
2246,0.3083323739619779,0.7608028341785658,1
2247,0.31506661389036883,0.7608577973759899,1
2248,0.6711044812461531,0.7618659336237391,1
2249,0.5578693667949813,0.7618909057359498,1
2250,0.6291922989993615,0.762423133864342,1
2251,0.5206941090409544,0.7624820388018194,1
2252,0.544542409099996,0.7628400469055936,1
2253,0.7448070679845772,0.7630530000108853,1
2254,0.4820082046121785,0.7632945328006354,1
2255,0.5387294704501384,0.7640178197343842,1
2256,0.6886404341340981,0.7642474603178089,1
2257,0.6383351447920865,0.7649388953589015,1
2258,0.7620750600548782,0.7650701498567327,1
2259,0.46219569966924967,0.7650865438633687,1
2260,0.7350780387078184,0.7651218357508722,1
2261,0.7382323567423402,0.7654012024024276,1
2262,0.7590956798300127,0.765559216004596,1
2263,0.667192677359485,0.7656047547937948,1
2264,0.3002375818390469,0.7657359173817117,1
2265,0.4589591039153347,0.7658153209784542,1
2266,0.6548263609035483,0.7658918706418882,1
2267,0.52464472196549,0.7660244153286772,1
2268,0.5224058737509809,0.7663213538639648,1
2269,0.2737559905614161,0.7665002159591469,1
2270,0.4652762750293469,0.766504294092503,1
2271,0.2931232928434533,0.7666787791108997,1
2272,0.7418813977824346,0.7667058837702556,1
2273,0.5049614768113153,0.7670687002617775,1
2274,0.7328277223647611,0.7672264484775,1
2275,0.5333035832742666,0.7679335637733287,1
2276,0.5250087116687197,0.7679561120929638,1
2277,0.42825929604633783,0.7680293782046581,1
2278,0.3975827083869373,0.7681288751305594,1
2279,0.6485528854696031,0.768215145187848,1
2280,0.6954006532712648,0.7682317363944179,1
2281,0.6968114988689668,0.7685720084443514,1
2282,0.7547533754602259,0.7691631282883976,1
2283,0.4293343158959496,0.769165282471162,1
2284,0.5396862922296765,0.7691979356397393,1
2285,0.6904398084934324,0.7693114359679796,1
2286,0.4662253352864475,0.7693179161053867,1
2287,0.6060302082218336,0.7696004065897346,1
2288,0.6662551595375188,0.7696675539511512,1
2289,0.21022100912263275,0.7698141770596577,1
2290,0.7350780387078184,0.7702850054329183,1
2291,0.7449579476322371,0.7702968816360584,1
2292,0.47756688116972823,0.770457786645726,1
2293,0.7237387066962666,0.7705980685169629,1
2294,0.635927031611908,0.7706002027680297,1
2295,0.5283866066403564,0.7708348549672701,1
2296,0.7058972607296814,0.7709794396094295,1
2297,0.7313702831644949,0.7709865443403048,1
2298,0.5675467593931651,0.7711158366958785,1
2299,0.6528997202262065,0.771181375144329,1
2300,0.3441652159250195,0.7712803427916252,1
2301,0.6664835649357719,0.7716048925449154,1
2302,0.641939144015019,0.7716125166148889,1
2303,0.3689688966187621,0.7716549036247398,1
2304,0.507436232020647,0.7717133071005245,1
2305,0.33140662525080844,0.7721040744827092,1
2306,0.7651051191319471,0.7722966096171412,1
2307,0.6580024634256532,0.7726332641369447,1
2308,0.5938565877089684,0.772863669547332,1
2309,0.6174633987605378,0.7728650952281391,1
2310,0.539204688443779,0.7729152220016094,1
2311,0.6494648195169299,0.7729381313873703,1
2312,0.496426271342545,0.7730845586531291,1
2313,0.6663096815421676,0.773340389282192,1
2314,0.38781095057051973,0.7736491662138838,1
2315,0.7108455805068941,0.7737759134307138,1
2316,0.4580549825852469,0.7737790078633315,1
2317,0.3686856255273516,0.773858716091511,1
2318,0.38400332644425017,0.7740632032463358,1
2319,0.6687081834196649,0.7745436434161279,1
2320,0.7139471641046656,0.7747278379650884,1
2321,0.4909534465636698,0.7747672432138903,1
2322,0.6422578395719656,0.7748281673566466,1
2323,0.6577023252886618,0.7749277436519678,1
2324,0.3322540334170937,0.7749449465052217,1
2325,0.6102105478321538,0.7751666987220487,1
2326,0.5835421097247082,0.7752381064457756,1
2327,0.5275367101783108,0.7754720890326072,1
2328,0.5299392980161656,0.7756109390674638,1
2329,0.7363911719859491,0.7756935147063327,1
2330,0.6079707141498869,0.7762282189748317,1
2331,0.4354866880445041,0.7765497589018784,1
2332,0.769071766888555,0.7768390130511479,1
2333,0.6743795200869286,0.7777532804555702,1
2334,0.7002081651178305,0.7778623309128523,1
2335,0.7428819535439498,0.7778853221266946,1
2336,0.7086649583086917,0.778049360505009,1
2337,0.7085026081205319,0.7782423197940779,1
2338,0.6535713810452571,0.7785041784165607,1
2339,0.6334574161797045,0.7785952570109824,1
2340,0.5302080539589756,0.7786974734734422,1
2341,0.6010487812874246,0.7789813257042,1
2342,0.30678094802683176,0.779333984052121,1
2343,0.5479713246154203,0.7794319379399276,1
2344,0.6709458815200835,0.7794806271012387,1
2345,0.4678042225065825,0.7799522348438602,1
2346,0.6067974231323809,0.7799932132508356,1
2347,0.4552787654997573,0.7800699981202772,1
2348,0.3042729858717558,0.7802337507881021,1
2349,0.7600162017494745,0.7802483845859317,1
2350,0.3589123324105937,0.7802770524456347,1
2351,0.7596431922727408,0.780327478361323,1
2352,0.6704945014153275,0.7803789283356537,1
2353,0.37509056414022424,0.7805982778862062,1
2354,0.6296024306312883,0.7806742596919899,1
2355,0.3388558854695132,0.7807736953186486,1
2356,0.7367810916231458,0.7808370826422538,1
2357,0.6387484612894057,0.780894907073783,1
2358,0.7327887857379275,0.7809812779387355,1
2359,0.7387910560222818,0.7812981060159747,1
2360,0.4625780153331346,0.7813021748744348,1
2361,0.6848678833879593,0.7813587130251836,1
2362,0.22014620302175814,0.7816927894248683,1
2363,0.4136237845901771,0.782367004844124,1
2364,0.21873883297525876,0.7824894849149431,1
2365,0.419653960856452,0.7829113069076171,1
2366,0.47038639815792005,0.7834883828993537,1
2367,0.5883431191445695,0.7836149696223524,1
2368,0.674708019387523,0.7838431618475885,1
2369,0.48886038266263976,0.7841872577669755,1
2370,0.7318862209499799,0.7844556797567298,1
2371,0.7185733716856261,0.7844584649845547,1
2372,0.6516737019968704,0.7845549804510132,1
2373,0.4600253807055438,0.7846071108112527,1
2374,0.6621154837767976,0.7846177384843261,1
2375,0.5487937791379145,0.7851588723803445,1
2376,0.44250903462146596,0.7852430252542739,1
2377,0.3912275341870399,0.7853159576779156,1
2378,0.6399406264215758,0.7853704239937412,1
2379,0.5129687489792172,0.7853961732433772,1
2380,0.7090136121773623,0.7854296040023799,1
2381,0.3509364891984347,0.7858085008208909,1
2382,0.4983527780387791,0.7859247737052422,1
2383,0.6970771133465057,0.785974377665234,1
2384,0.766515822694341,0.7860421941738752,1
2385,0.47733246927913064,0.7862069856143545,1
2386,0.7761113614422993,0.7862260874158408,1
2387,0.5845664485085708,0.7865864899590088,1
2388,0.769589960895695,0.786651001943229,1
2389,0.6769911665898628,0.7868031704283034,1
2390,0.7269203179981392,0.7872032647446247,1
2391,0.59057169056892,0.787350687031979,1
2392,0.7008650418946278,0.787525684785976,1
2393,0.7051096051237458,0.7878149165361747,1
2394,0.325506129986707,0.7878948610210088,1
2395,0.3175452764723081,0.7881833330067161,1
2396,0.44895006132139137,0.7882486059186993,1
2397,0.6011955603043465,0.7882824047544538,1
2398,0.599199983077242,0.7884840271538096,1
2399,0.4747998275055193,0.7885089025857677,1
2400,0.5692569118548103,0.7885221323065783,1
2401,0.568601817697928,0.7885534085654353,1
2402,0.7069048975890704,0.7887114654965449,1
2403,0.6047577660818316,0.7887585780573252,1
2404,0.50327404098476,0.7888548693285313,1
2405,0.7269206911028565,0.7889142205445719,1
2406,0.3829125649360724,0.7895837257689011,1
2407,0.7310455296504987,0.7895927084248973,1
2408,0.6687081834196649,0.7896344889078963,1
2409,0.7350780387078184,0.7897161230889906,1
2410,0.5213987650084142,0.7901218466059589,1
2411,0.7243643818301501,0.7902017922712308,1
2412,0.4701021712396981,0.7902735525425222,1
2413,0.4235598257337301,0.7908046559383906,1
2414,0.6258774431075693,0.7913856545832192,1
2415,0.46484662381085806,0.7918049926068244,1
2416,0.5931487507205275,0.7920425610507282,1
2417,0.7085538909650836,0.7920603664897204,1
2418,0.49932239273934986,0.7920797701306812,1
2419,0.7424622432778377,0.7922116854290221,1
2420,0.6548263609035483,0.7923117894857602,1
2421,0.6179407933379377,0.7923843279951757,1
2422,0.7615388926796071,0.7931604189620068,1
2423,0.5490629022893524,0.7932757683777343,1
2424,0.6334574161797045,0.7933105042347212,1
2425,0.625729783102008,0.7935534170519701,1
2426,0.6306891960122349,0.7936108823627444,1
2427,0.6076495446770501,0.7936376066725216,1
2428,0.5375612266397121,0.7939079513291186,1
2429,0.7300226498674979,0.7940340124483504,1
2430,0.6101610171881084,0.7942563474534529,1
2431,0.3178535060798433,0.7944670194223578,1
2432,0.40184305352655947,0.7948722547914436,1
2433,0.7336977610690961,0.7950734451075926,1
2434,0.5846746194893568,0.7953290515090843,1
2435,0.7094099303333189,0.7953943834877863,1
2436,0.45806054100695626,0.7956410002778148,1
2437,0.2570295533775807,0.7956587914129808,1
2438,0.5529257204287884,0.7958361043758336,1
2439,0.6919905433659057,0.7958696321463576,1
2440,0.4876616948940048,0.7959027140860754,1
2441,0.5275757624464934,0.7962977598315405,1
2442,0.7777399992035905,0.796478815645166,1
2443,0.36759449936634303,0.7965246994617913,1
2444,0.4400578308307156,0.7966327728215671,1
2445,0.575285571652013,0.7969279528684554,1
2446,0.3706688224076502,0.7973864378099126,1
2447,0.3967520772456308,0.7975470930820945,1
2448,0.36706343114297546,0.7975573799957867,1
2449,0.3373819614062682,0.7978567397712856,1
2450,0.6337568176911752,0.7979676959445609,1
2451,0.4618757431468581,0.7980197328494081,1
2452,0.12094957381193838,0.798036731292938,1
2453,0.6725592206391605,0.7982526156063409,1
2454,0.5989440788046421,0.7986719271835856,1
2455,0.6516513693852233,0.7989050498829765,1
2456,0.5365258168377459,0.7989398311248244,1
2457,0.46038242849782796,0.7991619649891047,1
2458,0.6399406264215758,0.7993705980508709,1
2459,0.2508745293543603,0.7995256860763605,1
2460,0.612177208003197,0.7998054912081373,1
2461,0.6689016568433718,0.799970885552432,1
2462,0.7630214751779685,0.8001153465748027,1
2463,0.5413317892189456,0.8001253961749017,1
2464,0.5845750292665437,0.800168404913703,1
2465,0.6098631151458388,0.8001992674990406,1
2466,0.383572193692608,0.8002485316752637,1
2467,0.29084170486100835,0.8004165166273461,1
2468,0.5172577197468327,0.8004197403038777,1
2469,0.740305944243877,0.8006199857876247,1
2470,0.620631450272501,0.8008165498215466,1
2471,0.2812644580317867,0.8009098168319869,1
2472,0.7672825139761407,0.8010032990680799,1
2473,0.7616426561639903,0.8011544046848549,1
2474,0.6930449590679512,0.8012903818801426,1
2475,0.46484662381085806,0.8014058029325687,1
2476,0.41140710956319804,0.8018208748408353,1
2477,0.5279785293824215,0.8023891701698741,1
2478,0.7937778999631354,0.8023914995314778,1
2479,0.7873584216582072,0.8025281008257957,1
2480,0.6441642894161351,0.8025569197379687,1
2481,0.7535694560589419,0.8026499709695609,1
2482,0.631300550870315,0.8027528488297704,1
2483,0.7946868375709628,0.8029787452053527,1
2484,0.6963635886131024,0.8030793305038869,1
2485,0.7278915367890064,0.8031085761760232,1
2486,0.7629710991261908,0.8031537367128263,1
2487,0.5147094628781521,0.8032475802572039,1
2488,0.5055836721713526,0.8032844744153139,1
2489,0.6221427585469573,0.8035043269080544,1
2490,0.6384790359294374,0.803570591100782,1
2491,0.7626188246994656,0.803616445028372,1
2492,0.2736222337805384,0.8037770821671035,1
2493,0.7016199696734977,0.8039217594849682,1
2494,0.5990535150969183,0.8045941213387992,1
2495,0.7975265812008986,0.8046420958622877,1
2496,0.5153371882231741,0.804821208631799,1
2497,0.8007196592345519,0.804898171701399,1
2498,0.5952438294619101,0.8049243733721815,1
2499,0.6695198156544225,0.8053388051111815,1
2500,0.2581727037787277,0.8054866408332337,1
2501,0.6036304226033331,0.8058367726488608,1
2502,0.4285901323831759,0.8059431003349249,1
2503,0.47825326080577235,0.8059963398557328,1
2504,0.7282596785270731,0.8064279590705056,1
2505,0.7210700856170543,0.8066000992637081,1
2506,0.336273140080652,0.8066024182823067,1
2507,0.40304149973031167,0.806675057123861,1
2508,0.6141395125732045,0.8066808747484282,1
2509,0.2897368311077855,0.8070066099937989,1
2510,0.5025785196107754,0.8070183875561004,1
2511,0.7877958402506464,0.807076347060952,1
2512,0.6649368309892555,0.8072215992356957,1
2513,0.607031716270506,0.807459568324633,1
2514,0.6503129120630624,0.8075729186456402,1
2515,0.7633955347692026,0.8076630504258914,1
2516,0.49843313451288473,0.8076826951771284,1
2517,0.7975265812008986,0.8081244902253804,1
2518,0.7780615076805686,0.8083774844356724,1
2519,0.8044298056007247,0.8084276127115463,1
2520,0.5295527488949393,0.808794199800614,1
2521,0.5049088865592408,0.8088144943198281,1
2522,0.7898962105839642,0.8088954571521529,1
2523,0.6610542888278721,0.8091025026661015,1
2524,0.7886963348438653,0.8091303416201766,1
2525,0.6298870358383527,0.809177094261686,1
2526,0.4898387621994117,0.8094010820169438,1
2527,0.5380990780767184,0.8094119905639036,1
2528,0.641527267802011,0.8095031392052048,1
2529,0.4576966697432837,0.8096297218353187,1
2530,0.3847173086732303,0.8100825421252745,1
2531,0.7864664538234117,0.8101682446966876,1
2532,0.7415988402117409,0.8101906365227438,1
2533,0.7694340399950043,0.8102070638664968,1
2534,0.18642756478000233,0.8102203236961845,1
2535,0.6084162542516717,0.8103072580960523,1
2536,0.760660787891247,0.810435177808742,1
2537,0.49168089440759744,0.8105024626145187,1
2538,0.5552677346411219,0.810839675171382,1
2539,0.5283866066403564,0.8109159049381474,1
2540,0.5510939764730134,0.8112832463399927,1
2541,0.6222649561615617,0.8114241861800544,1
2542,0.51506928485393,0.811545786359549,1
2543,0.5687611033814494,0.8117548467910392,1
2544,0.7384103669419162,0.8119313137832628,1
2545,0.7057383866009516,0.8119557487230866,1
2546,0.7705693902796292,0.8121590629403636,1
2547,0.46038170524495103,0.8121590905276147,1
2548,0.6214496288239515,0.8122288868607028,1
2549,0.6506091864873605,0.8123790659016752,1
2550,0.7697962259699471,0.8124203214711928,1
2551,0.49200251032752396,0.8125012995868786,1
2552,0.6427225811544311,0.8126688539257385,1
2553,0.6595480519834123,0.812730586816803,1
2554,0.5859639051199285,0.8128945180638945,1
2555,0.623712046366591,0.8129178867655522,1
2556,0.5850012327993916,0.8129422893946537,1
2557,0.5068337353461123,0.8133063709980164,1
2558,0.5980549052703824,0.8137150689608904,1
2559,0.6049922579248749,0.8140257824275872,1
2560,0.281144986976278,0.8141350986026036,1
2561,0.6165463973930395,0.8143252556411749,1
2562,0.4440605419881929,0.8145220871379971,1
2563,0.6788236781014633,0.8146866842609395,1
2564,0.7282596785270731,0.8150601422312573,1
2565,0.3772207463244438,0.815457743124932,1
2566,0.4004028624998064,0.815741030888692,1
2567,0.7325793699167048,0.8157591382836471,1
2568,0.7085538909650836,0.8161141336049439,1
2569,0.6847622658957996,0.8163182615842579,1
2570,0.5585836548651586,0.8163358911238626,1
2571,0.5595766396583245,0.8163415668458565,1
2572,0.6459715293035159,0.8164690205726017,1
2573,0.6978792630071616,0.8165492172256074,1
2574,0.6441832080161419,0.8171620931949827,1
2575,0.6051671557796242,0.8174621412256255,1
2576,0.48645760326950327,0.8176039930207148,1
2577,0.6407578007135559,0.8176246033595798,1
2578,0.7168881209540694,0.817731242207259,1
2579,0.7206705588918012,0.8183493383809167,1
2580,0.6958374737680346,0.8185042547503535,1
2581,0.6769911665898628,0.8189153486283721,1
2582,0.7278577106828413,0.8190900123146355,1
2583,0.48305292537155575,0.8191852300916086,1
2584,0.45408286429640865,0.819383388852273,1
2585,0.41625855719872673,0.8195614011811478,1
2586,0.7296565691711341,0.8197306233390628,1
2587,0.4596512054119072,0.8199957827618585,1
2588,0.48252489899200957,0.8200727861701843,1
2589,0.6271071797931269,0.8201159228667488,1
2590,0.6601534622631885,0.8205102113047817,1
2591,0.6430563691224149,0.8205439889394495,1
2592,0.5561152248031362,0.820699388164428,1
2593,0.4314434294608229,0.8207453042376297,1
2594,0.5064442752069613,0.8211904574091555,1
2595,0.74000065882987,0.8212166994510172,1
2596,0.749300414930116,0.8212219743076715,1
2597,0.7486446841670585,0.8212240224750149,1
2598,0.574189373395893,0.8212558103677039,1
2599,0.6869777805276983,0.8214067064536467,1
2600,0.5353185458708454,0.8214741947716586,1
2601,0.6781266162694561,0.8215417580281544,1
2602,0.6160978693431843,0.8215533414668024,1
2603,0.48663798498908417,0.8216253013759026,1
2604,0.5412139831394481,0.8217079842885465,1
2605,0.63304720104595,0.8217446894080206,1
2606,0.6251500814411804,0.8220208282147458,1
2607,0.5618162643963054,0.8220336046297518,1
2608,0.5955159006392149,0.8221209820053514,1
2609,0.5940647852150148,0.8222890951890064,1
2610,0.641939144015019,0.8223579175128798,1
2611,0.575285571652013,0.8225370826918167,1
2612,0.7315717476420254,0.8226786905677833,1
2613,0.5410056584713387,0.8228448084891399,1
2614,0.7362537087053748,0.8228455593653005,1
2615,0.7462861036206919,0.8228685092684684,1
2616,0.581709825056323,0.8228755243403184,1
2617,0.7947441001692899,0.8230534246196781,1
2618,0.4538474224629113,0.8231928767574878,1
2619,0.7384091263893889,0.8232788101558287,1
2620,0.596033075642806,0.8232967858060706,1
2621,0.5736691244589489,0.8238056329796686,1
2622,0.8228605819401988,0.8239754250098177,1
2623,0.7433182113251587,0.8240308808221617,1
2624,0.48810230126040577,0.8240390874370719,1
2625,0.4614889887184547,0.8247525426785819,1
2626,0.4903987385116386,0.8254623138559537,1
2627,0.7571196633470378,0.825694701521843,1
2628,0.6505334747614097,0.8261187835381327,1
2629,0.6438794879561793,0.8261262474144629,1
2630,0.5396643607567806,0.8264909705143256,1
2631,0.5683952232826487,0.8266192282667771,1
2632,0.7988731651001074,0.8268538727651343,1
2633,0.640240035919867,0.827015619818735,1
2634,0.6472753652414192,0.8270542683340483,1
2635,0.6046647769713305,0.8275356910253342,1
2636,0.2779600102695067,0.8277118645935198,1
2637,0.8141775935070626,0.8277563319548036,1
2638,0.7198080857449343,0.8277621852078207,1
2639,0.5842090486044577,0.8278649910339453,1
2640,0.3230722959299358,0.8280745383240399,1
2641,0.42518821788824934,0.8281007193237384,1
2642,0.8072698323435767,0.8285551851369628,1
2643,0.7011947260608641,0.8288573391349068,1
2644,0.48633076500555517,0.8297101100168611,1
2645,0.5275367101783108,0.8299840078310247,1
2646,0.6503368534689492,0.8302801547736435,1
2647,0.46549984550022494,0.8303303847019037,1
2648,0.6154937344217783,0.8303390054641596,1
2649,0.3534401837506693,0.830484017550675,1
2650,0.5144793674063158,0.8305617703085283,1
2651,0.8156226428926758,0.8306250892333257,1
2652,0.4793521134109725,0.8306579732469664,1
2653,0.6480415252917444,0.8309160949728147,1
2654,0.797819695293244,0.8309229344198992,1
2655,0.39960707495444936,0.8309313670727664,1
2656,0.7823946317376057,0.8310778385771665,1
2657,0.4539244667010236,0.8312353635546236,1
2658,0.5067620871616294,0.8313519573932275,1
2659,0.36322826652691365,0.8313595213032157,1
2660,0.592154342296768,0.8313781859627779,1
2661,0.7611425700031967,0.8314032798606023,1
2662,0.6582322413209752,0.8315050861279788,1
2663,0.6313985552261412,0.8316011676078707,1
2664,0.523386340074636,0.8316592265189153,1
2665,0.5387944352032882,0.8318065887004409,1
2666,0.5396686557594647,0.8320047702129127,1
2667,0.5001330054487985,0.8321478638085748,1
2668,0.7629710991261908,0.8323571649881667,1
2669,0.32219178400138504,0.8324544693664333,1
2670,0.7761113614422993,0.832610653571138,1
2671,0.8002973021361776,0.8326441675546539,1
2672,0.8040919329551341,0.8328014718035119,1
2673,0.8156117838512184,0.8328899992461554,1
2674,0.641289328898915,0.833232391610688,1
2675,0.6247629517533045,0.8335455677270964,1
2676,0.808166270491939,0.8337945452351757,1
2677,0.748986604601499,0.8339563212846772,1
2678,0.4810276776900049,0.8340563024452077,1
2679,0.7278577106828413,0.8342142627497776,1
2680,0.6231652701172693,0.8342391025959625,1
2681,0.63304720104595,0.8344126092761528,1
2682,0.8165371773753346,0.8344126956147263,1
2683,0.6458953623323916,0.8349114679064493,1
2684,0.49257035241147695,0.8349942419472475,1
2685,0.761961231314553,0.8352983495190486,1
2686,0.5886152231460022,0.835302599249448,1
2687,0.7020214712510392,0.8354475774472723,1
2688,0.8195637466008422,0.8357171524716723,1
2689,0.774572791345281,0.8357801161052176,1
2690,0.3803934460310384,0.8360030514786229,1
2691,0.5340134995159349,0.8360985131745559,1
2692,0.6163187426521916,0.8365378898372128,1
2693,0.5543991149360684,0.83670314417449,1
2694,0.37953985280901137,0.8368223326388691,1
2695,0.7102403920175766,0.8368640201740924,1
2696,0.8009722715767016,0.8369574033651941,1
2697,0.5908599985803314,0.8369867126245564,1
2698,0.8065384740091533,0.837045145032217,1
2699,0.5308816719774608,0.8371209334828906,1
2700,0.6350387223133215,0.8371968737530744,1
2701,0.3820068793073005,0.8372304744646681,1
2702,0.5110171571368367,0.8373987871429761,1
2703,0.6678772173434273,0.8374242791828405,1
2704,0.766736497553804,0.8375883692747048,1
2705,0.42989962126644776,0.8376739567287314,1
2706,0.5751893151727303,0.8379600842781818,1
2707,0.4848645677441348,0.8381394509492512,1
2708,0.6441467830955236,0.83824905194556,1
2709,0.5679380039321433,0.8383952904465994,1
2710,0.5400440110288547,0.8387597759625145,1
2711,0.5865741882861529,0.83887014629498,1
2712,0.7278342511250664,0.8390969371675039,1
2713,0.5751684634648807,0.8391212462518397,1
2714,0.7418813977824346,0.8392418132786306,1
2715,0.5804802948395601,0.8393099130724633,1
2716,0.31943472892308544,0.8396327641274339,1
2717,0.8066487175244033,0.8398706467349297,1
2718,0.6434356022944692,0.8399932011185209,1
2719,0.5867439788765774,0.8401055349047504,1
2720,0.5640915861572734,0.8402287146279623,1
2721,0.7209356313383931,0.8403115052135034,1
2722,0.7996235300653752,0.8404026198426784,1
2723,0.6256466474205291,0.8404262487612911,1
2724,0.4749169449982624,0.8405716367500419,1
2725,0.7450019069730648,0.8406592888562688,1
2726,0.33649096350030705,0.840841705674803,1
2727,0.6154937344217783,0.8409072594741336,1
2728,0.5797079449282156,0.8410463618220557,1
2729,0.5081478529311266,0.8413652670993517,1
2730,0.5993061994116056,0.8413895114088731,1
2731,0.5440608678838482,0.8416474154429054,1
2732,0.7435369845512151,0.841677512346806,1
2733,0.5421321143401705,0.8416803756524491,1
2734,0.6466976274798117,0.8418218768577059,1
2735,0.7969637181858854,0.8420922812713945,1
2736,0.6681950431626553,0.8424912683984302,1
2737,0.4448188257240029,0.8426021151121975,1
2738,0.4652762750293469,0.84290321721586,1
2739,0.8006171964447227,0.8431696462013427,1
2740,0.5222188563583668,0.8432055167773995,1
2741,0.28269701168104744,0.8432221937452877,1
2742,0.7214281420330915,0.8434631432588392,1
2743,0.7591345079435584,0.8435706404668629,1
2744,0.44942565021362035,0.8436393553801503,1
2745,0.793336402196625,0.8438686133760631,1
2746,0.5223208382910903,0.8439096453875565,1
2747,0.6349376680843619,0.8440368459262713,1
2748,0.7358134703292942,0.8441068059259464,1
2749,0.5274270507231216,0.8443712391832037,1
2750,0.517502835597385,0.8443996859588907,1
2751,0.5898356137792294,0.8447065353016173,1
2752,0.5545183131338149,0.8448735067237922,1
2753,0.7673048414350948,0.8449188377166588,1
2754,0.637236437098974,0.8450093288300355,1
2755,0.5561152248031362,0.8450427205352052,1
2756,0.37580654113728384,0.8450461806188786,1
2757,0.5490251984906689,0.8451912417443376,1
2758,0.7138845927831885,0.8452724139219032,1
2759,0.8228605819401988,0.8457962888157371,1
2760,0.7480166428773811,0.8458944869325391,1
2761,0.7573982115787347,0.8459154156168451,1
2762,0.6730287263075619,0.8459360107001542,1
2763,0.7596431922727408,0.8460469079543745,1
2764,0.5688486114275374,0.8462545216122982,1
2765,0.40889863592817766,0.8463931527852327,1
2766,0.6777634080914567,0.8466616540972323,1
2767,0.6176907079967258,0.8468567852430289,1
2768,0.5718272309397655,0.8470565238546229,1
2769,0.6689096511391449,0.8471200827207618,1
2770,0.45797962800418,0.8473118219652993,1
2771,0.28804443754254905,0.8475376155648628,1
2772,0.5993089049713451,0.8475873249087729,1
2773,0.5532467909936342,0.8476619061057007,1
2774,0.5935305200332598,0.8477417853430601,1
2775,0.7587624675248396,0.8477772974195931,1
2776,0.5908481060523517,0.847878373249687,1
2777,0.3875133843884633,0.8479357234036051,1
2778,0.4405191795980964,0.8479438243505991,1
2779,0.7081680818347674,0.8479539366189528,1
2780,0.8082906797997388,0.8482517277553034,1
2781,0.5518507591567102,0.848350756009595,1
2782,0.6711044812461531,0.8484310303828861,1
2783,0.7547071372161549,0.8484596723651406,1
2784,0.8273616332530577,0.8485540879588267,1
2785,0.6002464072920713,0.8485954950385356,1
2786,0.7716693046253125,0.8486625723672784,1
2787,0.47084081881231654,0.848789221674316,1
2788,0.45854665701796404,0.8488377098094384,1
2789,0.5033838362402429,0.8490520495787355,1
2790,0.6561400529868537,0.8490584936297828,1
2791,0.49710132676785024,0.8493761653794938,1
2792,0.653700781591192,0.8496265550449508,1
2793,0.5906358698219429,0.8496382913454236,1
2794,0.501699107756321,0.8496438347294589,1
2795,0.49745358126423844,0.8496891687899464,1
2796,0.6634653293387124,0.8498673634670113,1
2797,0.2851378040225996,0.8502192474862442,1
2798,0.7155200129224663,0.850350618803589,1
2799,0.4752035302773291,0.8505494972768951,1
2800,0.8097672774423599,0.8505615668053556,1
2801,0.7359506483037774,0.8508870602954085,1
2802,0.708393113722034,0.8512354412868536,1
2803,0.7131693778730611,0.85127259857634,1
2804,0.6711749524897417,0.8513124296159666,1
2805,0.6868585830039673,0.8514115102612715,1
2806,0.8002574918973079,0.8516005647454911,1
2807,0.8058627731747876,0.851718497916693,1
2808,0.4784913601750649,0.851954080782194,1
2809,0.5896606754114068,0.8519941487074225,1
2810,0.7358134703292942,0.8522710387662077,1
2811,0.5865884039164199,0.8523166361281251,1
2812,0.3324499791655514,0.8526067694347704,1
2813,0.6207201247017661,0.8526437061961308,1
2814,0.5417874308874598,0.8527683282587628,1
2815,0.44983624069660955,0.8536380518093724,1
2816,0.49560418661607,0.8538946006885844,1
2817,0.7901463729276137,0.8539508496060018,1
2818,0.5527105457591015,0.8540956345917191,1
2819,0.746867732484548,0.8547245876467848,1
2820,0.545830142613167,0.8547484814561662,1
2821,0.769543358825969,0.8547772409775349,1
2822,0.3644904831142072,0.8550417917989561,1
2823,0.6344592039263627,0.8551979802385746,1
2824,0.6325627795978356,0.8553547970109842,1
2825,0.573363288786815,0.8554443714414295,1
2826,0.530626836894393,0.8554837538851662,1
2827,0.7391735001978283,0.8555260911217819,1
2828,0.7581789579738313,0.8555731670930774,1
2829,0.5128736816353925,0.8556604003049382,1
2830,0.6098631151458388,0.8560012952950742,1
2831,0.8459647693022856,0.856170665538405,1
2832,0.523173120535258,0.8566357998216759,1
2833,0.7002150698078028,0.857031624708803,1
2834,0.6577023252886618,0.8570976871448546,1
2835,0.19674511273375273,0.8571602675689686,1
2836,0.18929779881112085,0.8573667136810543,1
2837,0.6656229792458556,0.8574011036768462,1
2838,0.6857772806921961,0.857502854950908,1
2839,0.5816720438594084,0.8575297258655461,1
2840,0.5380990780767184,0.8577192467950214,1
2841,0.5693868253991613,0.8577471790781032,1
2842,0.6553977219336293,0.8577646228619173,1
2843,0.6017108841287678,0.8577794045181788,1
2844,0.6072130029112522,0.857780832900896,1
2845,0.7468697574263888,0.8579326072766882,1
2846,0.6027479418001966,0.8579935280285635,1
2847,0.514653206702394,0.8581432419502599,1
2848,0.36701792264814503,0.8582042978420772,1
2849,0.5800780741593846,0.8582378610518627,1
2850,0.4874698042597875,0.8583406978389334,1
2851,0.5048445523746578,0.8586120650200287,1
2852,0.2779600102695067,0.8587330544433683,1
2853,0.5351564656018956,0.8588444785024028,1
2854,0.6452656474299339,0.8588772052975444,1
2855,0.5566864047891505,0.8590322062151342,1
2856,0.6968114988689668,0.8590647028840327,1
2857,0.7360528562095929,0.8592063369747105,1
2858,0.6799949720055775,0.8592372567995713,1
2859,0.38000266918592296,0.8593241868766699,1
2860,0.6090648720824255,0.8598028824845998,1
2861,0.8003315018467525,0.8600647376591469,1
2862,0.7082618420781894,0.8600738229524334,1
2863,0.81074853758127,0.8603159663297175,1
2864,0.5569996370303203,0.8603444145867664,1
2865,0.6205083994221237,0.8605742283885592,1
2866,0.6303597629280933,0.8611569501793973,1
2867,0.8145109028885658,0.8612589169196544,1
2868,0.7538645946938066,0.8613666730454331,1
2869,0.7479960812041497,0.8619459552673008,1
2870,0.6936908836528335,0.8620043938103394,1
2871,0.6171568396458337,0.8620223989755877,1
2872,0.582476134566578,0.8620364827988555,1
2873,0.7912401488663241,0.8620402178540998,1
2874,0.7720890939693565,0.862163680011866,1
2875,0.5117900359543883,0.8625322586773274,1
2876,0.5808921712330898,0.862585515895195,1
2877,0.5255294413524959,0.8627170454402883,1
2878,0.4443454752243523,0.8627755268730585,1
2879,0.48259623049473277,0.8628368539899473,1
2880,0.8376950180621349,0.8628868490953358,1
2881,0.5376455520868129,0.8630063523570477,1
2882,0.5378783084883234,0.8630460798106095,1
2883,0.44268279674800504,0.8633147899817003,1
2884,0.7553785850025723,0.863527210276079,1
2885,0.5576955893421132,0.8635861792103849,1
2886,0.7241348883344788,0.8637419879466695,1
2887,0.7041667594503169,0.8637877314804541,1
2888,0.6098629482480799,0.8638812938319574,1
2889,0.6584079036478772,0.8640213320874136,1
2890,0.8168365872358909,0.8640249451596376,1
2891,0.30429140606925176,0.8642026538656783,1
2892,0.6533550544395321,0.8642980582468318,1
2893,0.5273655175645594,0.8644504167560134,1
2894,0.7290663597403713,0.8644666179003341,1
2895,0.7410996111898643,0.8647836060291354,1
2896,0.3936640742432821,0.8651647512067291,1
2897,0.5468690420614305,0.8652563608679277,1
2898,0.8500162969224484,0.8652678393819209,1
2899,0.7608421726377765,0.8655416534338114,1
2900,0.6750455436135749,0.8657799750601509,1
2901,0.49181784816937035,0.8660686244948061,1
2902,0.3765055748162366,0.8661593380357482,1
2903,0.4791630743399631,0.8666967947417336,1
2904,0.601615420561425,0.8667481219247422,1
2905,0.4729888242998195,0.8668215306513843,1
2906,0.4236168382229345,0.8668782250120757,1
2907,0.6031298857432622,0.8669146865202474,1
2908,0.4719272683369209,0.866950711556703,1
2909,0.49510265765763484,0.8670032338117238,1
2910,0.4411927431268464,0.8673365617810239,1
2911,0.760244429659277,0.8674875051468042,1
2912,0.5519740743779972,0.8675243402250092,1
2913,0.5517539788359782,0.8676002785461535,1
2914,0.5855073896335938,0.8679027256099316,1
2915,0.6437089329989684,0.867912059075474,1
2916,0.4238369775473376,0.8679905133162916,1
2917,0.698274897771759,0.8680611372519823,1
2918,0.5883431191445695,0.8681437821006429,1
2919,0.6993366609873966,0.868163856604314,1
2920,0.8152292657252405,0.8681966547442717,1
2921,0.7168760562498943,0.8683518216405073,1
2922,0.6816935665148626,0.8684258639677666,1
2923,0.4232737185832207,0.8685654567992953,1
2924,0.6630047354515419,0.8687581631535328,1
2925,0.6591436190026974,0.868824448686042,1
2926,0.8592756685663233,0.8688406644389419,1
2927,0.25487500807414487,0.8688822035540493,1
2928,0.8544073340180701,0.8690981928414104,1
2929,0.784450102726976,0.8691391208604484,1
2930,0.5620375593994451,0.8691461766694945,1
2931,0.3704678399610395,0.869164871820254,1
2932,0.8528267604239425,0.869336420004426,1
2933,0.517006856376103,0.8696752653756069,1
2934,0.7107300452370225,0.8699208953717031,1
2935,0.576303498752299,0.870255732543481,1
2936,0.6436511959540104,0.8704358546348718,1
2937,0.20746003915707123,0.8704762998415084,1
2938,0.7982886594358035,0.87050048585674,1
2939,0.48647530342470613,0.870556939410673,1
2940,0.8371569941118099,0.8706294814910437,1
2941,0.5387944352032882,0.8706349527151206,1
2942,0.8328507762897559,0.8706506985828695,1
2943,0.308893062436844,0.8706837705091328,1
2944,0.8372989787540713,0.870821560098053,1
2945,0.6890349409875218,0.8708455812401291,1
2946,0.1165522012623812,0.8709237636441606,1
2947,0.45803942924854857,0.8709921087732798,1
2948,0.6952332544688556,0.8711562665670146,1
2949,0.531666411579737,0.8713500029337934,1
2950,0.5269546041050084,0.8714423076370742,1
2951,0.44227985846056417,0.871506421333848,1
2952,0.8194494006460902,0.8715092767330169,1
2953,0.5370585540904819,0.8715261561192029,1
2954,0.21873883297525876,0.8716949794070196,1
2955,0.8001418395695862,0.8717960320115343,1
2956,0.5448683345499741,0.8718352066252376,1
2957,0.7784033698900873,0.8721101433058404,1
2958,0.565598401653644,0.8721869291737991,1
2959,0.7585893511617029,0.872206241593221,1
2960,0.5762956535452659,0.8726487920587086,1
2961,0.7809173370190228,0.8727408739149435,1
2962,0.6859609618915096,0.8727617677440112,1
2963,0.36765158786480967,0.8729496558057186,1
2964,0.7657435771500035,0.8729867353043402,1
2965,0.7449579476322371,0.8730314813469251,1
2966,0.43124249256123326,0.8730848588624271,1
2967,0.7488097437943247,0.8730986014075304,1
2968,0.6683751806664171,0.8731112082419711,1
2969,0.6626306276265814,0.873163096239555,1
2970,0.4833128341794475,0.8734349246251403,1
2971,0.4991623021250845,0.8735342286024651,1
2972,0.8170989825362556,0.8735709053031798,1
2973,0.680336927368374,0.8735960563791891,1
2974,0.5830520206235486,0.873993544937556,1
2975,0.49321218402541733,0.8740253282199619,1
2976,0.7414427997418356,0.8740318197616828,1
2977,0.5957181193014157,0.8740394163799093,1
2978,0.49622685429751745,0.8740489150300066,1
2979,0.686947762675412,0.8742915167580504,1
2980,0.544542409099996,0.8744044209545172,1
2981,0.5463045251420635,0.874603642033307,1
2982,0.5035113162857301,0.8746353041153049,1
2983,0.70266850757115,0.874673863853416,1
2984,0.6019573691896474,0.8746812624803324,1
2985,0.7486969096165647,0.8747511284841283,1
2986,0.627372099651732,0.8748910296954197,1
2987,0.6205193823624521,0.8750747949155113,1
2988,0.6668429854094534,0.8751214176841502,1
2989,0.7130032299177911,0.8751810106306804,1
2990,0.5828515918741206,0.8754850010892405,1
2991,0.4239112763707754,0.8756559060867921,1
2992,0.4885604842727065,0.875701074486557,1
2993,0.6665433048712034,0.8757136365347333,1
2994,0.5955159006392149,0.875784844201535,1
2995,0.5268511087730248,0.8759284955415022,1
2996,0.7316558503882676,0.8764003751644425,1
2997,0.6266458636291367,0.8769700238758028,1
2998,0.39803080817518166,0.8770373891935417,1
2999,0.5862767130401108,0.877627660369149,1
3000,0.399141097119603,0.8776728748333429,1
3001,0.4318803839552404,0.8777582097226192,1
3002,0.72144433893002,0.877901906805384,1
3003,0.2505874278802286,0.8779942606057484,1
3004,0.3824479980204032,0.878071403326646,1
3005,0.48926557286894845,0.8781087279413347,1
3006,0.8275200987902376,0.878178223223563,1
3007,0.6368003423891196,0.8784266402809697,1
3008,0.60863602182485,0.8784327555474342,1
3009,0.7418453358956798,0.878469524104123,1
3010,0.4741180649289449,0.8784777004867901,1
3011,0.5107428251881025,0.8785115840949749,1
3012,0.5761339967382756,0.8785673596962109,1
3013,0.4267054708348854,0.8785879017462926,1
3014,0.5970720379755693,0.8786850419867636,1
3015,0.3680182071921989,0.8786987630876428,1
3016,0.7278342511250664,0.878793109195623,1
3017,0.3454221679609524,0.8788286411897867,1
3018,0.8613971724486,0.8788932770561639,1
3019,0.6753978048847608,0.8794727470005765,1
3020,0.5867439788765774,0.8795820753207817,1
3021,0.7692218388659917,0.8796220732856622,1
3022,0.8055107856952397,0.8797796801560039,1
3023,0.49247332849363756,0.8798847048469779,1
3024,0.35958562891621293,0.8800405451396265,1
3025,0.7592147451012975,0.8800540713935268,1
3026,0.631687958646294,0.8801347988788231,1
3027,0.4207430753730418,0.8803107374172878,1
3028,0.7996235300653752,0.8804282317496479,1
3029,0.6467195025542126,0.8804712836699005,1
3030,0.7328025802605622,0.880481615268235,1
3031,0.5269728496855879,0.8804885794551933,1
3032,0.4063881857128976,0.880562998457291,1
3033,0.7349050434064385,0.8805630131509294,1
3034,0.4166851676996056,0.8806126674599769,1
3035,0.6485528854696031,0.8806299118735855,1
3036,0.5508262440159303,0.8808443989259054,1
3037,0.5069812110416018,0.8808471272725266,1
3038,0.4665813804053981,0.8810646404160059,1
3039,0.609424013716935,0.8811505543349091,1
3040,0.5887623256287677,0.8811768425890266,1
3041,0.6002235026714586,0.8812022059003254,1
3042,0.5866677488338685,0.8812730968167474,1
3043,0.6428055111237891,0.8815367497124587,1
3044,0.7351466244658672,0.881575806097899,1
3045,0.7091580489154696,0.881745669844014,1
3046,0.5948697907710173,0.8820065982592604,1
3047,0.3266244165355091,0.8820136680181553,1
3048,0.6749654404999522,0.8820196559057033,1
3049,0.31943472892308544,0.8821352659443139,1
3050,0.5605955696759048,0.882253980948978,1
3051,0.849659557561172,0.8827364444587426,1
3052,0.8523033541354246,0.8829721168986173,1
3053,0.5971134739585509,0.8829938616305651,1
3054,0.8128012242713184,0.8830086216812534,1
3055,0.8075729678787089,0.8830449102748876,1
3056,0.705186552819448,0.8831383429557589,1
3057,0.7131416325566301,0.8832124994141529,1
3058,0.8673294938364018,0.8832488656023749,1
3059,0.672952878173532,0.8833279709447559,1
3060,0.7398499684063126,0.8834012937403473,1
3061,0.8186205192458427,0.8837131240854272,1
3062,0.4286298696658136,0.8837683536124071,1
3063,0.539477689774444,0.8839520103625443,1
3064,0.7810824519381929,0.8841125473742895,1
3065,0.7715386731718031,0.884314678986536,1
3066,0.4786902306584817,0.8845212757453662,1
3067,0.6539570001600682,0.8845905717635687,1
3068,0.5529590338724646,0.8847588794768226,1
3069,0.8002574918973079,0.8848901439488683,1
3070,0.6171323868275718,0.8849106989851919,1
3071,0.5012938643747085,0.8850068894224584,1
3072,0.5452021758101173,0.8850398276027521,1
3073,0.8370873274553554,0.8850424926212457,1
3074,0.4043146287851441,0.8851547103085609,1
3075,0.849215270467201,0.8853049343671131,1
3076,0.33070538124731474,0.8855222508839132,1
3077,0.3765272951272087,0.8858237185771086,1
3078,0.743417929846289,0.8858737627257691,1
3079,0.5891080620603957,0.8859105182904291,1
3080,0.7903720940369023,0.8860489811334722,1
3081,0.3768490721404144,0.8860622490496547,1
3082,0.34787432365781734,0.8861220143523315,1
3083,0.4737311474968853,0.886140926360614,1
3084,0.3809303129949956,0.8865671587327016,1
3085,0.7158642431236717,0.8866908845931541,1
3086,0.6320747101453439,0.8867315144715612,1
3087,0.6171816633746801,0.8867519509833635,1
3088,0.6681675494781651,0.8867604338780867,1
3089,0.5439812573223226,0.8872400486731973,1
3090,0.879898141493924,0.8872821554111129,1
3091,0.5367823646950498,0.8873128109251966,1
3092,0.6689016568433718,0.8873716570168082,1
3093,0.528327475563795,0.8877758292569767,1
3094,0.5895046158699686,0.887793339167588,1
3095,0.623712046366591,0.8880643558078639,1
3096,0.5835905966496739,0.8880904178637223,1
3097,0.7608421726377765,0.8883987467083696,1
3098,0.5296149773658309,0.8885055053179144,1
3099,0.5869140510801277,0.8886878748882362,1
3100,0.5346610932588768,0.8889391208501263,1
3101,0.7056976785954624,0.8889961519931782,1
3102,0.7522171099885269,0.8890133230857659,1
3103,0.6697500825950815,0.8890799179254231,1
3104,0.5095312975548828,0.8892062162148187,1
3105,0.4786870907583003,0.889295726484059,1
3106,0.7848051733121348,0.8894068225426675,1
3107,0.8825295853708197,0.889698889000218,1
3108,0.7062456941664854,0.8897989855621806,1
3109,0.5079384949025209,0.8899532589364498,1
3110,0.46100506665245855,0.890028397208113,1
3111,0.7575040838500228,0.8901961759034416,1
3112,0.4893668276583255,0.8902007861228809,1
3113,0.6517233658398826,0.8904139381166325,1
3114,0.3489407496571547,0.8904574186756536,1
3115,0.37282995579843614,0.8905574043145306,1
3116,0.5855911404230998,0.89074549446823,1
3117,0.26565268591753544,0.8907575673386079,1
3118,0.6845842370298708,0.8907956981001847,1
3119,0.5377005160600831,0.8909796623308046,1
3120,0.528195638256849,0.8911112473817611,1
3121,0.612035272773958,0.8914347887871381,1
3122,0.7982886594358035,0.8915616784676591,1
3123,0.3976862739531726,0.8919902647971182,1
3124,0.6530519707873799,0.8920975687183428,1
3125,0.5203091751894405,0.8921113100077728,1
3126,0.5444006561948866,0.8921912551615236,1
3127,0.4355728245504419,0.8922289931796429,1
3128,0.5661877656636151,0.8923250393142352,1
3129,0.8799624532418312,0.892385142669568,1
3130,0.8549766632647353,0.8924526183051138,1
3131,0.7328025802605622,0.89270242243882,1
3132,0.7415988402117409,0.8928025443518743,1
3133,0.6650889582644024,0.8928419635071569,1
3134,0.8006171964447227,0.8929349999518,1
3135,0.797819695293244,0.8932613543699017,1
3136,0.5912628982244976,0.8932880220120366,1
3137,0.6993366609873966,0.89338701263968,1
3138,0.674837375419413,0.8934622099296868,1
3139,0.35490457212507476,0.8936798851443546,1
3140,0.7700085098584245,0.8937749445737815,1
3141,0.46556544262402433,0.8937835782049794,1
3142,0.38083894544752617,0.8939669680428489,1
3143,0.5872103371536758,0.8940698544659237,1
3144,0.46100506665245855,0.894073496181021,1
3145,0.6223270598714705,0.8941652646915552,1
3146,0.47328238357413666,0.8942265432011064,1
3147,0.4568735072488229,0.8942571104497798,1
3148,0.5733380234310725,0.8942952770446606,1
3149,0.6668167959423748,0.894594826313945,1
3150,0.26804647633440726,0.8950847847794761,1
3151,0.7916151908163859,0.8953257488173011,1
3152,0.8811074814741459,0.8953880894963591,1
3153,0.46806604072057834,0.895407284114325,1
3154,0.541666396649966,0.8954475239400206,1
3155,0.8509321352586925,0.8954679933902485,1
3156,0.6862382061266903,0.8955367221370313,1
3157,0.5335990132748244,0.8960198731826648,1
3158,0.6610542888278721,0.8960723968124833,1
3159,0.6985698621346248,0.8962073034949398,1
3160,0.7527452231212746,0.8962143629906852,1
3161,0.4138204432529444,0.8962796175759384,1
3162,0.5329698751613328,0.8964754214102758,1
3163,0.5648296132784947,0.8965258126263864,1
3164,0.7530662584313185,0.8965475531089676,1
3165,0.534881955132708,0.8965556706412748,1
3166,0.33040984911430404,0.8965807188132592,1
3167,0.46088622194691176,0.8967026756849228,1
3168,0.6015605143968116,0.8967047077549858,1
3169,0.4255159272478898,0.8967602277658354,1
3170,0.7757015390430901,0.8969651814031809,1
3171,0.809563401627834,0.897028183821544,1
3172,0.5618162643963054,0.8972811766735048,1
3173,0.6599800933882268,0.8973972778878707,1
3174,0.6967845869048862,0.8974605244885198,1
3175,0.7650877075793506,0.8975526729435891,1
3176,0.35940471466643675,0.8975858363669322,1
3177,0.47378950425285504,0.8978976531657283,1
3178,0.635562832035631,0.89791092676222,1
3179,0.5823657554423199,0.8981365387579769,1
3180,0.6600893572291016,0.8982943426291287,1
3181,0.7173743837586478,0.8983945021249592,1
3182,0.8290315343368337,0.8984248477497982,1
3183,0.6897745536529345,0.8985505731328537,1
3184,0.45386125711089287,0.8985563310249793,1
3185,0.7495797210516711,0.8985587453718779,1
3186,0.818615599807414,0.8986558675906142,1
3187,0.7487066109361882,0.8986662624199501,1
3188,0.8556179074981163,0.8987358025725023,1
3189,0.8281214774460348,0.8987519331519453,1
3190,0.6694226004807204,0.8988745580406947,1
3191,0.6649067184784843,0.8991528167030987,1
3192,0.5564402231828057,0.8992145464423992,1
3193,0.7700974394527935,0.8992665487668179,1
3194,0.6624232184874005,0.8993276236884215,1
3195,0.564354913027555,0.8994014075346417,1
3196,0.43035773691696877,0.899579350675483,1
3197,0.6319602830883487,0.8996360803162495,1
3198,0.6707532579526625,0.8997510692087437,1
3199,0.7522901422105616,0.8998018489681955,1
3200,0.6085407080256617,0.899886940371129,1
3201,0.39672486462821654,0.8998924373163621,1
3202,0.6694226004807204,0.8999098811719783,1
3203,0.7034141464296702,0.900217419278203,1
3204,0.6636356117706924,0.9002547361170583,1
3205,0.33246955128596245,0.9003201123969116,1
3206,0.7617447408375111,0.9006077162407388,1
3207,0.806247271618736,0.9006241366722448,1
3208,0.5123820842510388,0.9006668956961058,1
3209,0.7676145458781456,0.9007269629585023,1
3210,0.7289141812346795,0.9010732550563928,1
3211,0.8150094874127779,0.9012613206270234,1
3212,0.6524921606237784,0.9013592330416869,1
3213,0.8060185497554935,0.9016650170353447,1
3214,0.6311299694761715,0.9021472381466692,1
3215,0.8517641461497236,0.9021903754307273,1
3216,0.46931317934574635,0.9022767157900335,1
3217,0.6494639128232239,0.9022996548875237,1
3218,0.3686118231528608,0.902364292238891,1
3219,0.45046590450550716,0.9023730074984937,1
3220,0.7630505375360306,0.9023959854224474,1
3221,0.6119143988712017,0.902441670619977,1
3222,0.4382559496247258,0.9024759209075335,1
3223,0.8876106135667547,0.9024934940380794,1
3224,0.6718015254505613,0.9027032679727128,1
3225,0.7811581264720444,0.9028313387594059,1
3226,0.41141531999656467,0.9029364768559557,1
3227,0.6264773469872682,0.9029599868621029,1
3228,0.4812663819537024,0.903155010467294,1
3229,0.6085199341573757,0.9033366280294641,1
3230,0.6543719247838418,0.9035655218828534,1
3231,0.579242112046808,0.9036335089943465,1
3232,0.8240589094211351,0.9036622883675732,1
3233,0.8905813204295304,0.9036627215825637,1
3234,0.6284276730763303,0.9037346029662795,1
3235,0.33421947605123137,0.9038932079284442,1
3236,0.6718639614467672,0.903928334791549,1
3237,0.5032071437685406,0.9043778649770876,1
3238,0.8972276255704267,0.9043886110935883,1
3239,0.711531959948128,0.9044104696300989,1
3240,0.4514592669514269,0.9046540836888177,1
3241,0.4499854579437975,0.904820530056444,1
3242,0.48252489899200957,0.9049713083236008,1
3243,0.5596361438815565,0.9050247991366058,1
3244,0.7777780519357256,0.9052388675750477,1
3245,0.44790056757341645,0.9053021674676447,1
3246,0.6110779149071931,0.9054015680938162,1
3247,0.8517736916254596,0.9055048617131681,1
3248,0.7158642431236717,0.9056464948470924,1
3249,0.4949330608742323,0.9057027130323977,1
3250,0.7347645028512085,0.9060428957395719,1
3251,0.6105798178826064,0.9061138864638234,1
3252,0.7240386117786772,0.9061847733876353,1
3253,0.897755197074004,0.9063034133904234,1
3254,0.7122998275398086,0.9063402423343231,1
3255,0.6378384763885595,0.9064277273669906,1
3256,0.7236350173410037,0.9066727450591376,1
3257,0.9068368439183695,0.9070370630985848,1
3258,0.2978935139836322,0.9071256641075116,1
3259,0.7468697574263888,0.9074123869389628,1
3260,0.7833401872015814,0.9074406907744941,1
3261,0.5365258168377459,0.9074455842311329,1
3262,0.44558301427905367,0.9075385739480821,1
3263,0.6531696376895959,0.9078154438048331,1
3264,0.7886963348438653,0.9078989099214119,1
3265,0.5984365009024927,0.9079126710271949,1
3266,0.7683397526172167,0.9079899372182746,1
3267,0.6486525562902945,0.9080730910664904,1
3268,0.6060302082218336,0.9080866935639195,1
3269,0.5049614768113153,0.9083569581711622,1
3270,0.6179407933379377,0.9084207481951185,1
3271,0.513884841854476,0.908427780372943,1
3272,0.4325045284094208,0.9084379029551992,1
3273,0.6302982518856257,0.9084586286873434,1
3274,0.7097117489224285,0.9091887187071408,1
3275,0.46556544262402433,0.9093472670399183,1
3276,0.7656478997414576,0.9094126910623659,1
3277,0.6075159453055625,0.9094490761939935,1
3278,0.21022100912263275,0.9096251016105228,1
3279,0.671245134302716,0.9098080366044702,1
3280,0.48259623049473277,0.9100018440744246,1
3281,0.508609226094798,0.9100219494879442,1
3282,0.9083105820564866,0.9100571379227765,1
3283,0.3534401837506693,0.9101555462020943,1
3284,0.7522171099885269,0.9101655208226581,1
3285,0.7190795560539996,0.9101800168339216,1
3286,0.6916620825979871,0.9105557701918177,1
3287,0.336273140080652,0.9106698458656206,1
3288,0.4203462830571295,0.9106878743502242,1
3289,0.4876176592386747,0.9109370365614581,1
3290,0.7617447408375111,0.9112556389706915,1
3291,0.499391294962788,0.9113063670436737,1
3292,0.7808287635345403,0.9114538202709068,1
3293,0.8500349471819479,0.9114930883436198,1
3294,0.47983643141403276,0.9119101857309402,1
3295,0.5842090486044577,0.911924343167479,1
3296,0.3053580543536576,0.9119441966672126,1
3297,0.39007479932839795,0.911970519648155,1
3298,0.6407578007135559,0.9120464314312756,1
3299,0.6727325323335112,0.912061547435814,1
3300,0.7903720940369023,0.9122494197289372,1
3301,0.6417461957168066,0.9122587736495877,1
3302,0.5546084413122364,0.9124975908857997,1
3303,0.6024206166786532,0.9127419435986696,1
3304,0.43810088652934276,0.9131054799533496,1
3305,0.29595697475918636,0.9131621069048337,1
3306,0.7139313555785763,0.9131687246773271,1
3307,0.4815000690384311,0.9132522882290477,1
3308,0.3114910107884047,0.9134989844934847,1
3309,0.8673294938364018,0.9138226221899913,1
3310,0.7775896108694631,0.9139295998113592,1
3311,0.7042540305624336,0.9139442509553352,1
3312,0.4381255977382458,0.9139511210558461,1
3313,0.7349050434064385,0.9139513879405975,1
3314,0.7132369707601394,0.9139520971393679,1
3315,0.8573646706390904,0.9140629485223207,1
3316,0.47540429294525166,0.9140986094122816,1
3317,0.6427225811544311,0.9142244257094059,1
3318,0.8517736916254596,0.9142507198139518,1
3319,0.5845038460849853,0.9142627456469883,1
3320,0.372759330319267,0.9142684547974774,1
3321,0.41516795460103395,0.9142832194916535,1
3322,0.4991666355053166,0.9143108015057342,1
3323,0.7785235464952565,0.9144540406732244,1
3324,0.17771711308444105,0.9146101839547025,1
3325,0.6414617314613423,0.9149345796604355,1
3326,0.590631319406303,0.9151727958404103,1
3327,0.46463878588555085,0.9152707793591944,1
3328,0.7257569093667458,0.9153049469011323,1
3329,0.673578145739143,0.9154394708233726,1
3330,0.5054298323291442,0.9154629398328313,1
3331,0.5528359237079197,0.9156468271854262,1
3332,0.7370644173545589,0.9156817848278129,1
3333,0.7398553594989201,0.9156885065697357,1
3334,0.7372400520477576,0.9157359711162489,1
3335,0.415877432492444,0.9157500880430287,1
3336,0.8859376350069852,0.9157653104686353,1
3337,0.43259442715887975,0.9160699426401342,1
3338,0.35304367278065707,0.9162006290536184,1
3339,0.5360501292754464,0.9162156807996491,1
3340,0.4801153345743401,0.9163926428861003,1
3341,0.5649853665097716,0.9163986259551105,1
3342,0.6868585830039673,0.9164711476615163,1
3343,0.528195638256849,0.9165664747200641,1
3344,0.8636790037930736,0.9166028912359199,1
3345,0.4501065432510626,0.9167638873088846,1
3346,0.565213643408701,0.9167887620787109,1
3347,0.6718649086080781,0.916855600369199,1
3348,0.8199280448364393,0.9169636699959327,1
3349,0.40973179486700606,0.9170153106937634,1
3350,0.7927046840263358,0.9171799535517685,1
3351,0.1889271457049787,0.9172138087447478,1
3352,0.7415272607362537,0.9174392400979886,1
3353,0.7512801122157127,0.9176314249425875,1
3354,0.7141313145908172,0.9176731652068316,1
3355,0.4157218414361489,0.9177864455627293,1
3356,0.6261173689824484,0.9179300797044021,1
3357,0.719977224863575,0.9182541259865635,1
3358,0.809563401627834,0.9186467946867053,1
3359,0.34385844555461054,0.9186648476193155,1
3360,0.8998690285390898,0.9187175001433115,1
3361,0.44279565825949485,0.9187474705363335,1
3362,0.431673656982293,0.9189025893872829,1
3363,0.4391416525767655,0.9190839311118146,1
3364,0.7165838011541553,0.9191791069171271,1
3365,0.6156640009722087,0.9192119859130484,1
3366,0.39964873535687173,0.9193404054099082,1
3367,0.29192126940524776,0.9193879982097041,1
3368,0.41268915055026467,0.919413417446736,1
3369,0.7981096243498694,0.9194426738792443,1
3370,0.7519517680111466,0.9195204204472605,1
3371,0.58984075253267,0.9199390939094989,1
3372,0.6820798241190321,0.919974321303806,1
3373,0.9068368439183695,0.9201187887677513,1
3374,0.3317190515553866,0.9202675813017811,1
3375,0.5388942751670737,0.9202966998549498,1
3376,0.4934043413594852,0.920326621640218,1
3377,0.6478363949142465,0.9205516522232893,1
3378,0.5981820978565565,0.920815379392582,1
3379,0.48538508009569514,0.9209789005035325,1
3380,0.6376199833901997,0.9210442144658676,1
3381,0.849659557561172,0.9210914696510722,1
3382,0.4313291472407603,0.9211571748356713,1
3383,0.476058896200937,0.9212093102574312,1
3384,0.7085574084676561,0.9212342093638024,1
3385,0.5335990132748244,0.9214321643313794,1
3386,0.7605901213360011,0.9214506435678274,1
3387,0.524478417628845,0.9214622883659359,1
3388,0.5437539633258263,0.9216147834004184,1
3389,0.4018607395140614,0.9216701699425659,1
3390,0.384777975372796,0.9217206758847349,1
3391,0.4317725675985372,0.9217964083428865,1
3392,0.47866958764673795,0.9219220475255344,1
3393,0.6986593694916503,0.9219808970950645,1
3394,0.6058428747833071,0.9219975625020664,1
3395,0.6885209733531423,0.9220924406306805,1
3396,0.4243491917631299,0.9220963556434775,1
3397,0.7575040838500228,0.9222110701775829,1
3398,0.7539827111479155,0.9222237551946623,1
3399,0.5952776138619099,0.9222591776000449,1
3400,0.6086949768325333,0.9222617551158542,1
3401,0.8214570465932147,0.9222977437052492,1
3402,0.5133747341652137,0.9223849765245522,1
3403,0.46163677190863406,0.9224482941232789,1
3404,0.6245907107024721,0.9224924461033255,1
3405,0.743417929846289,0.922534143040734,1
3406,0.635192071198808,0.9226547018895868,1
3407,0.669322812085828,0.9226558779169838,1
3408,0.5328853947551546,0.9226610297671817,1
3409,0.6174633987605378,0.9228748821924462,1
3410,0.5855074314920903,0.9231678868635189,1
3411,0.41800007587865673,0.9232141648387536,1
3412,0.7776254473485782,0.923229010256503,1
3413,0.7356177815560574,0.9232514871798441,1
3414,0.8227494408645893,0.9232650798617476,1
3415,0.6872389602011647,0.9235098159836125,1
3416,0.2856733660253815,0.923571796610709,1
3417,0.5297316621172898,0.9236182818654826,1
3418,0.5590225157699199,0.9237162279378431,1
3419,0.9025612756141478,0.9238162068513835,1
3420,0.9186252746375365,0.9241583247360982,1
3421,0.6118487949336109,0.9242202223617131,1
3422,0.7294937814630948,0.9242239429715693,1
3423,0.6234287916605162,0.9243446336306473,1
3424,0.5396862922296765,0.924376188213908,1
3425,0.5529590338724646,0.9244367271545935,1
3426,0.6019573691896474,0.9246271529610509,1
3427,0.6584378665156755,0.9246717867218908,1
3428,0.6370735064141521,0.924687786010588,1
3429,0.5190695417854371,0.9246933273120118,1
3430,0.7059295790853842,0.9247132101685209,1
3431,0.8922254669774881,0.9251113056062127,1
3432,0.777332729314741,0.9251480665810876,1
3433,0.375726457587223,0.9251930411207572,1
3434,0.6027980761386678,0.9254114874615332,1
3435,0.5455572356224506,0.9254213116002536,1
3436,0.9246331346649951,0.9254424805990207,1
3437,0.7367810916231458,0.9256576267504161,1
3438,0.8255421830047261,0.925777269740138,1
3439,0.5523814396044908,0.925830659079616,1
3440,0.60561759037644,0.9258968810529873,1
3441,0.45541661668768374,0.925947020533302,1
3442,0.4263991803073397,0.9260029522671938,1
3443,0.6161100727554245,0.9261690503094613,1
3444,0.5364822719908893,0.9263500076889487,1
3445,0.3019472362958807,0.9264236938971181,1
3446,0.7171148543720897,0.9265124360293823,1
3447,0.5180450832030716,0.9265476116675614,1
3448,0.5323955370073111,0.926561651443197,1
3449,0.6374236049509031,0.9266137894408354,1
3450,0.6015605143968116,0.9267833029806254,1
3451,0.7816661644105779,0.9268479209826904,1
3452,0.6031758971636336,0.92690120122519,1
3453,0.674837375419413,0.9278310575386917,1
3454,0.7719492198813528,0.9279224324988782,1
3455,0.5126456640752048,0.9280484653391374,1
3456,0.5365258168377459,0.9282658974401398,1
3457,0.7224796045312767,0.9283982141216361,1
3458,0.6684297952849925,0.9284783798579938,1
3459,0.5601876569743273,0.928563044268726,1
3460,0.6584378665156755,0.9288271510658577,1
3461,0.6060302082218336,0.9289067722085709,1
3462,0.5692569118548103,0.9289542931183143,1
3463,0.8076779414594739,0.9289574151817884,1
3464,0.7509590210144839,0.9290501253370369,1
3465,0.6367253092815445,0.9290512257176459,1
3466,0.7527452231212746,0.9291779993444287,1
3467,0.43861846917832026,0.9293636530333438,1
3468,0.5815461304118319,0.9295762194910467,1
3469,0.8076779414594739,0.9297603596369275,1
3470,0.589891545280473,0.9298074519285793,1
3471,0.47232481690616634,0.9298731643310615,1
3472,0.4535127108477629,0.9298840710100337,1
3473,0.5936988723009918,0.929918095556633,1
3474,0.7214281420330915,0.9299524971331637,1
3475,0.41416274743354586,0.9301188292961761,1
3476,0.6373029836661691,0.9301586552221561,1
3477,0.633108551064148,0.9305597426055725,1
3478,0.7267881691536413,0.9307321064444987,1
3479,0.44166968138828144,0.9308055679278542,1
3480,0.5883697508787831,0.9310924776222123,1
3481,0.36012398908894494,0.9311075494036712,1
3482,0.6540579742229827,0.9311796541970848,1
3483,0.6065353417784279,0.9312895162512802,1
3484,0.6019073121698212,0.9314025027975313,1
3485,0.618763319783253,0.9314078204487193,1
3486,0.5788975756278105,0.9314249391586726,1
3487,0.5179631925333046,0.9315210432883525,1
3488,0.7266779202731591,0.931557109229105,1
3489,0.4501557310729565,0.9316486167522391,1
3490,0.5693868253991613,0.9316716626900694,1
3491,0.6384735929090858,0.9316870881797321,1
3492,0.5794098474008134,0.9317077576652175,1
3493,0.590631319406303,0.9317968101031322,1
3494,0.3760678185617805,0.9318073143350353,1
3495,0.3053967628986981,0.9321118031027535,1
3496,0.44146311458295595,0.932182992183264,1
3497,0.7356004889789406,0.932285641134942,1
3498,0.6454026472367819,0.9324252471340201,1
3499,0.43827560640494845,0.93254567057609,1
3500,0.58984075253267,0.9326368970868247,1
3501,0.3925040004760878,0.9327129113920188,1
3502,0.9174451881469221,0.9329402387537987,1
3503,0.6664157209149898,0.9332458166699442,1
3504,0.7391326813580932,0.9333243304046394,1
3505,0.7272086324099603,0.9333363963847529,1
3506,0.46127465510594345,0.9333621942142651,1
3507,0.46635268582938594,0.9334194661623164,1
3508,0.6008221899920985,0.9334462190637001,1
3509,0.6252067547703051,0.9335274027673093,1
3510,0.7899309003607846,0.9335604346194016,1
3511,0.7480464724159527,0.9335962442220639,1
3512,0.41721220758810984,0.9335982174698502,1
3513,0.5143129287233484,0.9336199250741806,1
3514,0.7166832443633381,0.9336486829660164,1
3515,0.4979451863411082,0.9336512030812235,1
3516,0.6780927460452731,0.9337444334585007,1
3517,0.6705916294180664,0.9339051962431072,1
3518,0.6392141365615185,0.9339207274237323,1
3519,0.3899741953298326,0.9340216511603242,1
3520,0.6676656664327355,0.9340651069939979,1
3521,0.5697339949921041,0.9340709607060178,1
3522,0.7890878574001469,0.9341496612191633,1
3523,0.5354483605602021,0.9341842831939925,1
3524,0.5151661899521418,0.9341961147045308,1
3525,0.6960711878395903,0.9342017385075649,1
3526,0.7173743837586478,0.9342455689269552,1
3527,0.5914843746597559,0.9342574796197702,1
3528,0.8057425284089214,0.9343118775469788,1
3529,0.47410108844322785,0.9343264806804573,1
3530,0.7941128412790082,0.9343821181469705,1
3531,0.4207645325677649,0.9346254404964556,1
3532,0.784450102726976,0.9346607179285309,1
3533,0.3388558854695132,0.9346866750745134,1
3534,0.8704390767993633,0.934702017889027,1
3535,0.3525321515928196,0.934780646776326,1
3536,0.339770553178663,0.9347907816317935,1
3537,0.6068582260097927,0.9348004755317371,1
3538,0.5459243051268409,0.9348166674410762,1
3539,0.922431933874319,0.9348299185955429,1
3540,0.47733246927913064,0.9348923661455735,1
3541,0.7316558503882676,0.9349071205655414,1
3542,0.5567472278777382,0.9349290803839475,1
3543,0.8010134075583614,0.9350899553420096,1
3544,0.5451897578005158,0.9351278820944448,1
3545,0.6103327228664929,0.935149967655133,1
3546,0.7311186834027268,0.9351711877927754,1
3547,0.44980863749317523,0.9354448882617016,1
3548,0.657053122921832,0.9354810896987836,1
3549,0.43252738896017573,0.9354848496608525,1
3550,0.7898790258947852,0.9356278611504683,1
3551,0.5086016202497999,0.935655047252872,1
3552,0.5201189330309259,0.9358679177605432,1
3553,0.7060261296545983,0.9359231851177137,1
3554,0.531592909804946,0.936066699373552,1
3555,0.47465254404188917,0.9362004669416467,1
3556,0.4984534532543772,0.9362159470860626,1
3557,0.4289592664072893,0.9363741372407912,1
3558,0.47756688116972823,0.9365233881017077,1
3559,0.7683397526172167,0.9365247747085046,1
3560,0.7625909839478764,0.9365296316897822,1
3561,0.5927694478187665,0.936670425261123,1
3562,0.523687028648052,0.9367062597079907,1
3563,0.5151661899521418,0.9369127720511663,1
3564,0.83018423142158,0.9369456223490257,1
3565,0.9192362473140473,0.9371037523151174,1
3566,0.7085769395170507,0.9371563054582474,1
3567,0.7699523683000283,0.9372485992856998,1
3568,0.5494710906343871,0.9374750962272023,1
3569,0.4539827675399115,0.9375114571786339,1
3570,0.6621154837767976,0.9375324630400431,1
3571,0.6368255412808959,0.9375747978596227,1
3572,0.7079273188337646,0.9377347083969145,1
3573,0.440673377774345,0.937782501307532,1
3574,0.6816909159102771,0.9378319735018888,1
3575,0.6650455056693503,0.9379234253434254,1
3576,0.3555702407169292,0.9381393053014966,1
3577,0.35378302181144883,0.9381596642512701,1
3578,0.8017627607602835,0.9382499949583318,1
3579,0.7625909839478764,0.9383275242877039,1
3580,0.46875382057534487,0.9386569468039,1
3581,0.6639844745792267,0.9386635010750956,1
3582,0.3255493300483635,0.9387889711437689,1
3583,0.6159000630639022,0.9389217987841413,1
3584,0.6186188777856849,0.9389462298641472,1
3585,0.5251466660996689,0.9389591314102762,1
3586,0.5362814280222826,0.9390005484008285,1
3587,0.7335507413744453,0.9391615239052421,1
3588,0.43647856503992843,0.9392144559426621,1
3589,0.5032071437685406,0.9392629153611628,1
3590,0.5761339967382756,0.9393118941378586,1
3591,0.5544237964998563,0.9394075916445853,1
3592,0.5653025251759698,0.9394086376440489,1
3593,0.5470634684852936,0.9395474273947375,1
3594,0.46881716329074863,0.9397184949768788,1
3595,0.6787238068637178,0.939847169676131,1
3596,0.5684004792704926,0.939861961987612,1
3597,0.7422732268542527,0.9398656060802395,1
3598,0.41553221481660596,0.9398795776416059,1
3599,0.8137086189975056,0.9400345825978756,1
3600,0.5670606452733009,0.9402874415102539,1
3601,0.8065384740091533,0.9403442087566936,1
3602,0.6964337989091662,0.9403695006856505,1
3603,0.930949960668981,0.9403878386425566,1
3604,0.48842537584057766,0.9404075490666642,1
3605,0.9251568206407208,0.9404443043947559,1
3606,0.16508537520976174,0.9405208737088545,1
3607,0.6702870130536103,0.9405984576522977,1
3608,0.5355675415471015,0.9407162118923675,1
3609,0.7888286082211943,0.94071985734715,1
3610,0.6458993101227959,0.9408344917073125,1
3611,0.48857470980272577,0.9411439349985408,1
3612,0.5295974981722605,0.9412332555093846,1
3613,0.6871252593869236,0.9413763345677578,1
3614,0.5747756757183037,0.9414229101472869,1
3615,0.9399146922725067,0.9414599741045473,1
3616,0.7597599748840623,0.9414773455226194,1
3617,0.3979815475475956,0.9414901387819548,1
3618,0.5978146851496166,0.9415859582813617,1
3619,0.494611335036343,0.9416706501454374,1
3620,0.7480464724159527,0.941687527146656,1
3621,0.4749026852508188,0.9417461817638111,1
3622,0.8270588289378947,0.9417933970940612,1
3623,0.8402898934528827,0.9418148308229324,1
3624,0.40870871723431834,0.941880330332015,1
3625,0.5924167497419696,0.941936186357102,1
3626,0.6108476667925972,0.9419616314844508,1
3627,0.31014390917794565,0.9419931188448978,1
3628,0.5574806012451043,0.9420084409300805,1
3629,0.6213155549721585,0.942068161992574,1
3630,0.6218598036622551,0.9421293642975032,1
3631,0.7339312083045035,0.9421439654754642,1
3632,0.5990264571065272,0.9422904012091363,1
3633,0.5523814396044908,0.9423855408959143,1
3634,0.6790290502405574,0.9424755548335041,1
3635,0.5212173455671602,0.9425092654476754,1
3636,0.779477256581973,0.9426616146776438,1
3637,0.48274090951429416,0.9429430204202714,1
3638,0.448095931855799,0.9429736016755339,1
3639,0.46104104358381004,0.9429740191931234,1
3640,0.46206796990234367,0.9431588805032862,1
3641,0.7876954455069785,0.9431975439728889,1
3642,0.30933241252310917,0.9432261657827452,1
3643,0.3847173086732303,0.9432865528620082,1
3644,0.4479888599836336,0.9433076207199602,1
3645,0.3631384068496115,0.9433254889846012,1
3646,0.48554664639956413,0.9435429026562957,1
3647,0.9336145444523266,0.9437038540295393,1
3648,0.7210700856170543,0.943747160271032,1
3649,0.4802147309496634,0.9437553756140135,1
3650,0.7214281420330915,0.9438202498031241,1
3651,0.46376815493736356,0.9441717571803523,1
3652,0.3593384313937579,0.9443642892752699,1
3653,0.9409131313232595,0.9444571598923323,1
3654,0.6857772806921961,0.9445414361534185,1
3655,0.4772999098810592,0.9447027281682544,1
3656,0.6363343697347089,0.9447258100800113,1
3657,0.8222186897006091,0.9448120035844779,1
3658,0.6349376680843619,0.9449769837430136,1
3659,0.6366600325220139,0.9450054455365043,1
3660,0.4701271106188084,0.9450471463500179,1
3661,0.5168585243262146,0.9450484906835328,1
3662,0.4533051374581526,0.9454466792632421,1
3663,0.8229832421142143,0.945495653001513,1
3664,0.4848811539917861,0.9455371676249767,1
3665,0.7399443441629594,0.9455840161644112,1
3666,0.8711569443403313,0.9456937982960115,1
3667,0.7059250987158604,0.946067815019706,1
3668,0.4387975900430313,0.946134448446281,1
3669,0.637236437098974,0.9461413087533089,1
3670,0.4245294178373378,0.9461624532861054,1
3671,0.45780474967342544,0.9462656543223326,1
3672,0.8075729678787089,0.946304720205059,1
3673,0.582011057209584,0.9463477263315411,1
3674,0.531835535941772,0.9464514781264182,1
3675,0.47514595311524954,0.9464772610672797,1
3676,0.5973019256459682,0.9464897680009074,1
3677,0.8112461929442478,0.9464978544199576,1
3678,0.6779724591954567,0.9465066130072745,1
3679,0.9028801816148954,0.9465319199262288,1
3680,0.5832214299548156,0.946549835778828,1
3681,0.778325735984742,0.9465744937187648,1
3682,0.5497509707642132,0.9467043799895897,1
3683,0.7242062966997151,0.9467720911695607,1
3684,0.8787266714034742,0.9468020618662955,1
3685,0.8687697469424093,0.9468131109602406,1
3686,0.5384097329024827,0.9471412810046427,1
3687,0.9452303170285468,0.9472689764735328,1
3688,0.5793228852998984,0.9474797414507244,1
3689,0.6580926995549011,0.9475397026934649,1
3690,0.6145168408028197,0.9475833499835566,1
3691,0.4749026852508188,0.9476671611992666,1
3692,0.3777471032069921,0.9477076494428982,1
3693,0.6069097696720407,0.947728730485742,1
3694,0.5252976420143024,0.9478478511210146,1
3695,0.332987896136241,0.948064838008429,1
3696,0.5931487507205275,0.9481912633967241,1
3697,0.5188708292088097,0.9482373640704715,1
3698,0.4001200001172288,0.9487190986573791,1
3699,0.3801130051013223,0.9489904143124249,1
3700,0.7234141134905232,0.9490571862670357,1
3701,0.6914193802442321,0.9491485823301128,1
3702,0.9456887619797225,0.9492183929817791,1
3703,0.542393397143385,0.9492431421348095,1
3704,0.49556974552419786,0.9492815596613166,1
3705,0.41777820964429846,0.9494562750687691,1
3706,0.6662189547770976,0.9495611947829763,1
3707,0.8924202247625332,0.9496701605243013,1
3708,0.5452961378796037,0.9500036015327115,1
3709,0.8917916849901858,0.9500755241227036,1
3710,0.6053605339346992,0.9500975363416861,1
3711,0.6625043886453974,0.9502646647614555,1
3712,0.5081478529311266,0.9502984799622426,1
3713,0.5639773796090429,0.9503631605258422,1
3714,0.4425334988839421,0.9505280477462765,1
3715,0.40052286023700345,0.9505489391506481,1
3716,0.73539978864614,0.9505562552256268,1
3717,0.8289532424077432,0.9505610613292698,1
3718,0.5816720438594084,0.9507150877550052,1
3719,0.7435841943123841,0.9507769684351534,1
3720,0.6208357217530598,0.9508473696581529,1
3721,0.4600500896716201,0.950878304088998,1
3722,0.7287980459450547,0.9510850750792709,1
3723,0.4985986835099292,0.9514683949211052,1
3724,0.23874188826461018,0.9515137170078249,1
3725,0.53227048695593,0.9515403296518093,1
3726,0.5079518149229667,0.9516408859851521,1
3727,0.5384323183695529,0.9516584139270642,1
3728,0.5808702077899378,0.951679977596333,1
3729,0.4584560516100812,0.9517230699664468,1
3730,0.6194865837420193,0.9517918016759659,1
3731,0.6005448429216387,0.9518262551205459,1
3732,0.8156226428926758,0.9518392877628172,1
3733,0.6823881583360281,0.9518552614360587,1
3734,0.3958620365666575,0.9519210102617299,1
3735,0.849659557561172,0.9520234751752014,1
3736,0.6370979613631251,0.9520992475582276,1
3737,0.7985284673539418,0.952115674785068,1
3738,0.45751648696701663,0.952233140842361,1
3739,0.512120669781629,0.9522696808679112,1
3740,0.4313202545491577,0.95234762976066,1
3741,0.44231655806659076,0.9523751422167022,1
3742,0.5800424590320531,0.9523829304281884,1
3743,0.27232216904287176,0.952544277390083,1
3744,0.7019529554019356,0.9527499001140532,1
3745,0.6037652405409424,0.9529088569546784,1
3746,0.9041383215300859,0.9529555858963948,1
3747,0.3862230022944111,0.9532420540104474,1
3748,0.5697535055249606,0.9532643288171561,1
3749,0.849215270467201,0.9534044369896794,1
3750,0.9291615015664075,0.9534784875718413,1
3751,0.5717414713675515,0.9535547271227055,1
3752,0.39503075497059625,0.953580709659103,1
3753,0.5225984336857702,0.953596288758527,1
3754,0.5707074264040439,0.9537372617380562,1
3755,0.597183220993976,0.9540190603519044,1
3756,0.5590738752027123,0.9542332248134693,1
3757,0.3155195149414992,0.9543746795006088,1
3758,0.5289224504928197,0.9543963053141353,1
3759,0.8246969755175615,0.9544188626326504,1
3760,0.4491759435475573,0.9544814890433795,1
3761,0.4946249856503926,0.9547297167918583,1
3762,0.2690447119404338,0.9547687967148103,1
3763,0.33860762092325625,0.9547809316611043,1
3764,0.7370644173545589,0.9547971596561785,1
3765,0.4062699782836581,0.954811882089562,1
3766,0.7898790258947852,0.9548342733268778,1
3767,0.5400440110288547,0.9551585369283225,1
3768,0.8001229437916818,0.9551885814506648,1
3769,0.5990535150969183,0.9552496811197657,1
3770,0.412434261821371,0.9552632779746071,1
3771,0.4111331330098883,0.9554095125833941,1
3772,0.7082618420781894,0.955492069892344,1
3773,0.5225176797425855,0.9554960383492,1
3774,0.6226278727205171,0.9555573797931594,1
3775,0.6781266162694561,0.9555593037928871,1
3776,0.6041240765280835,0.9555976691048992,1
3777,0.9363189919703078,0.9558679932751754,1
3778,0.4616510536653248,0.9559359890824767,1
3779,0.7119506090134958,0.9559869344598173,1
3780,0.49412581068928996,0.9560686970491152,1
3781,0.5407251312079218,0.9561071237741746,1
3782,0.6304001968027532,0.9561443550983642,1
3783,0.5408440194494071,0.9561491811380867,1
3784,0.6884515105756585,0.9562484371483088,1
3785,0.950113563461951,0.9564034323589496,1
3786,0.5193414183391539,0.9566070835643504,1
3787,0.5903992296125595,0.9566747313565446,1
3788,0.38083894544752617,0.9567110768792675,1
3789,0.36629779364137227,0.9567243572488519,1
3790,0.7015478073130875,0.9570154379961369,1
3791,0.484957019530748,0.9570961763502246,1
3792,0.6859132331035425,0.957191826943657,1
3793,0.5407251312079218,0.9573115870890219,1
3794,0.6702870130536103,0.9573922554776556,1
3795,0.8726543757012228,0.9575498450561166,1
3796,0.48903534342051813,0.957615298783205,1
3797,0.24224024942421762,0.9576554397119645,1
3798,0.27664682676940655,0.9576899404371223,1
3799,0.45263292292809953,0.9577165066241218,1
3800,0.5196678366558102,0.9577644409192625,1
3801,0.5576192181439062,0.9580140449730699,1
3802,0.43983334550027786,0.9580915872585587,1
3803,0.46549984550022494,0.9581049308800946,1
3804,0.4062699782836581,0.9584450715417807,1
3805,0.7569654826289067,0.9584474558446634,1
3806,0.5092707689316783,0.9584536092702564,1
3807,0.49079772558884727,0.9584808112847601,1
3808,0.7097560868169424,0.9587637678221638,1
3809,0.45986149581337254,0.9588061036090697,1
3810,0.7432478314697554,0.9590273114983732,1
3811,0.5478210078844616,0.9590516192805116,1
3812,0.6949701637164456,0.9590758125155194,1
3813,0.9331253622092497,0.9590878204624695,1
3814,0.5683330620070357,0.9592862254861837,1
3815,0.7027047738717676,0.9592973013038603,1
3816,0.8320893492049923,0.9593470558930303,1
3817,0.8948491550433804,0.9593492870550853,1
3818,0.27103004210563053,0.9593741987561624,1
3819,0.842808183965678,0.9595851463785942,1
3820,0.47519421827151664,0.9597264876533564,1
3821,0.5664675520148642,0.9597381654783453,1
3822,0.49991601358723836,0.9597615540195624,1
3823,0.6751457189409951,0.9599463894270114,1
3824,0.9286595808535009,0.9599774766772228,1
3825,0.6243220793112149,0.9599923523970469,1
3826,0.8362021610915018,0.9599945377046143,1
3827,0.5991878948066756,0.9600718789417696,1
3828,0.579206607223209,0.9600906041362295,1
3829,0.471590133730569,0.9601005218133118,1
3830,0.40600809542130845,0.9601632507567746,1
3831,0.42206244732438736,0.9604376541762981,1
3832,0.5710694568772963,0.9604798335449287,1
3833,0.7281900134127766,0.9605167016139807,1
3834,0.6241917156553565,0.9606671758928459,1
3835,0.4143283668910597,0.9607012813986274,1
3836,0.6012428473351563,0.9608451761374976,1
3837,0.5873069514187824,0.9608834680611289,1
3838,0.3571954730689936,0.960886124004676,1
3839,0.5372452750368911,0.9608916827468115,1
3840,0.6370979613631251,0.9609150030936239,1
3841,0.4519194806910434,0.9609775793294896,1
3842,0.5948697907710173,0.9611672972577805,1
3843,0.5200250476824505,0.9612726118740831,1
3844,0.9267584390187485,0.9612939247246226,1
3845,0.7843602725282439,0.9615578780643919,1
3846,0.5285509069162586,0.9616044508693498,1
3847,0.5211653546439086,0.9617106897069605,1
3848,0.4532747057828518,0.9617640643601815,1
3849,0.7697217088726873,0.9617772200793222,1
3850,0.6709458815200835,0.9617982554300527,1
3851,0.45638635149839013,0.9619714726098667,1
3852,0.47328238357413666,0.9620090706768413,1
3853,0.45004416811282755,0.962039679277182,1
3854,0.22159609264572322,0.962094009917003,1
3855,0.6151218761249339,0.9621011626155959,1
3856,0.48973628224339016,0.9621890064212403,1
3857,0.5689625888953791,0.9623277274729888,1
3858,0.5729354325026796,0.9623664033292798,1
3859,0.618441159949203,0.9623935091261211,1
3860,0.5250087116687197,0.9625731342238956,1
3861,0.4387975900430313,0.9626893616768138,1
3862,0.6720882122921488,0.9626917451430416,1
3863,0.35946745067020514,0.9628517676569025,1
3864,0.36696819245211754,0.9628762610058198,1
3865,0.7031471781785594,0.9629351491808185,1
3866,0.7432478314697554,0.9630954348369969,1
3867,0.39650750130883017,0.963121552198673,1
3868,0.6324226708623215,0.9632743104439815,1
3869,0.3742812347584139,0.9633470221020225,1
3870,0.7358134703292942,0.9633894509234168,1
3871,0.7756267341442155,0.96374065343211,1
3872,0.5882672389454144,0.9638949324967245,1
3873,0.6139591264203983,0.9639488570206438,1
3874,0.4004028624998064,0.9643573192273612,1
3875,0.6343379325141045,0.9644128169680656,1
3876,0.5510939764730134,0.964475241531556,1
3877,0.47656597344538043,0.9645460755170504,1
3878,0.7794617294117476,0.9646220746101185,1
3879,0.3266207179557046,0.9647036190658849,1
3880,0.6119252390396667,0.9647347711030193,1
3881,0.5625794653124427,0.9648063431752775,1
3882,0.7360555564790359,0.9648654402777268,1
3883,0.6002054284089866,0.9650206672266618,1
3884,0.530732750473261,0.9650446498754628,1
3885,0.6546335573674129,0.9650677000096308,1
3886,0.6926914166872148,0.9650812294942742,1
3887,0.4334712840563003,0.965246329806793,1
3888,0.4349245741302368,0.9655424982345097,1
3889,0.47095264454428853,0.9655983347887301,1
3890,0.6034718925534326,0.9656479066065169,1
3891,0.7123657668494369,0.9657564683074532,1
3892,0.23674232142318563,0.9657784734022136,1
3893,0.5936432371789592,0.9657963241990133,1
3894,0.4160936599236186,0.9658361085558522,1
3895,0.430516146454505,0.9660123280629106,1
3896,0.634159458536941,0.966169400600917,1
3897,0.7754337585283014,0.9665106160097532,1
3898,0.5267409735447631,0.9666314854762807,1
3899,0.48283931927096113,0.9667576172922887,1
3900,0.7304558680359045,0.966822671038939,1
3901,0.4174690799805274,0.9668848497062322,1
3902,0.38987509736683523,0.9669195615932599,1
3903,0.3809437329522338,0.9669492863308826,1
3904,0.516074637700538,0.9670030338753464,1
3905,0.4298836565413028,0.9671430513818077,1
3906,0.7777399992035905,0.9672922232192246,1
3907,0.569621787236234,0.9674804628032265,1
3908,0.48977077571879846,0.9674816051901639,1
3909,0.5656820564082273,0.9674816318112164,1
3910,0.6332791513048517,0.9674939373387038,1
3911,0.6874026589265484,0.9675022813181519,1
3912,0.48960511936837603,0.9675188950593933,1
3913,0.4303665106680232,0.9675576483924608,1
3914,0.6300973300786936,0.9677913134834053,1
3915,0.53227048695593,0.9678941742283026,1
3916,0.549012235789456,0.9679292689677753,1
3917,0.4408664194326628,0.9679529880060103,1
3918,0.8279148941103516,0.968064011207689,1
3919,0.777813138800081,0.9680740513791992,1
3920,0.1770189620011895,0.9680980921117672,1
3921,0.6096693649935133,0.9681144080357863,1
3922,0.5139521604668884,0.9681788665462703,1
3923,0.4977789305024992,0.9682278398032637,1
3924,0.7218853404678085,0.9682345840837683,1
3925,0.5521862654952141,0.9682511153645946,1
3926,0.8140856116750445,0.9682566315057637,1
3927,0.45676588798303996,0.9684070431637232,1
3928,0.3653044145094916,0.9684150870748635,1
3929,0.6173520970560201,0.9685937274819981,1
3930,0.7178614887065999,0.9686419108991908,1
3931,0.4489238173022472,0.9690749996258995,1
3932,0.5510939764730134,0.9691175990528326,1
3933,0.7650877075793506,0.9691311984002865,1
3934,0.5452849450784897,0.9691384386960228,1
3935,0.4572725707032552,0.9693083328731312,1
3936,0.6437489617671409,0.9694036398120675,1
3937,0.6161547155869844,0.9694472575035333,1
3938,0.6397309274804166,0.9694602812105706,1
3939,0.5068130660404668,0.9694940865991544,1
3940,0.6799272108687183,0.9695313005341015,1
3941,0.5106342373443452,0.9695824542567326,1
3942,0.5341160743409269,0.9696410312509977,1
3943,0.7434645986812819,0.9696505824946945,1
3944,0.6307067668791587,0.9697585801050859,1
3945,0.8304114371972942,0.9698451603046788,1
3946,0.5522054134443134,0.969857315865259,1
3947,0.6784215107435424,0.9699574421535276,1
3948,0.5618709621557841,0.9699796826978296,1
3949,0.6556280854664144,0.9700355162774172,1
3950,0.6116601508811178,0.9701327013095173,1
3951,0.3998403830763543,0.970186600140738,1
3952,0.5399490069497991,0.9702334304982777,1
3953,0.42749603207986464,0.9703593515450814,1
3954,0.7097560868169424,0.9706659433659669,1
3955,0.5281108610474479,0.9708185946866812,1
3956,0.471743802504239,0.9708699203785749,1
3957,0.540172229680416,0.9709298429897985,1
3958,0.777813138800081,0.9709578901535616,1
3959,0.5660414565749515,0.9709786737446207,1
3960,0.4812710491468716,0.9710560097162947,1
3961,0.5574076806755998,0.971089651434311,1
3962,0.6503882888676286,0.9710953394955393,1
3963,0.5305352847837713,0.9711359199792807,1
3964,0.658422076513248,0.9711518407215608,1
3965,0.7753767185546294,0.9712729172279744,1
3966,0.6799272108687183,0.9713585865020551,1
3967,0.5213395933133468,0.9713816611873664,1
3968,0.4814761660516943,0.9714258347937437,1
3969,0.20767609725876435,0.9714622070557511,1
3970,0.5528435980406515,0.9715924537474631,1
3971,0.37779148052039113,0.9716375219161406,1
3972,0.6504479922003785,0.971763166310662,1
3973,0.5328208584123012,0.9717659056953694,1
3974,0.5898356137792294,0.9718773336181952,1
3975,0.4609166277852491,0.9718941221680085,1
3976,0.4727832854385131,0.9720737649359268,1
3977,0.5219680835551298,0.9721215965744147,1
3978,0.33031519184212466,0.972180817037853,1
3979,0.6541602873384795,0.9723161749557019,1
3980,0.3899741953298326,0.9723207750658306,1
3981,0.8150094874127779,0.9723643332320272,1
3982,0.3860888335211937,0.9723698873571529,1
3983,0.5499144358974472,0.9723856679623994,1
3984,0.7141947105818071,0.9724974898953063,1
3985,0.557283348245548,0.9724977274720601,1
3986,0.6993624797225996,0.9725758275592418,1
3987,0.4331198606034924,0.972583664303344,1
3988,0.6431007429433073,0.972589234664781,1
3989,0.7809659108425177,0.9726189129704558,1
3990,0.25032355756348224,0.9726502318880085,1
3991,0.5137558191008844,0.9726693273034263,1
3992,0.48085461097440374,0.972764160758331,1
3993,0.9586127696662008,0.9727868806092907,1
3994,0.27952657359554944,0.9728192089258555,1
3995,0.41800007587865673,0.9729134032822598,1
3996,0.5383611712780526,0.9729417039575753,1
3997,0.48565848298596226,0.9729773637533043,1
3998,0.7172417891193736,0.9731463225406133,1
3999,0.5600165519635799,0.9731915682253013,1
4000,0.5834773084222397,0.9732624823250653,1
4001,0.4339239441266147,0.9732909256065624,1
4002,0.6679016540871954,0.9733004006126309,1
4003,0.6541602873384795,0.9733423293009325,1
4004,0.5155239249637276,0.9733775951313108,1
4005,0.4443016696196854,0.9735637215440943,1
4006,0.6470511034389402,0.9735756570221409,1
4007,0.8409807968499728,0.9736201022666598,1
4008,0.40061660939276655,0.9737568935262919,1
4009,0.5356234144786632,0.9738253918934479,1
4010,0.3932949398019512,0.9739176674456739,1
4011,0.39593064665972233,0.9739194162372268,1
4012,0.43179076132228067,0.973931401904789,1
4013,0.5232153844799844,0.9739622574355321,1
4014,0.6928630797445307,0.9739833232303242,1
4015,0.48571594163584675,0.974079875885918,1
4016,0.5911888842305111,0.9741459274383047,1
4017,0.44869618622646934,0.9741532393862435,1
4018,0.5780645466827888,0.974268006092835,1
4019,0.7605901213360011,0.9743449479240158,1
4020,0.4188369799169771,0.9744500471026015,1
4021,0.15469766935422924,0.9746088118718937,1
4022,0.49254499061277834,0.9746912451181964,1
4023,0.43455772292345596,0.9747090744842336,1
4024,0.43035773691696877,0.9747922223713994,1
4025,0.47386574622745825,0.9748423777640828,1
4026,0.4690524478941165,0.9748813784048029,1
4027,0.8618960491446646,0.9750718516677791,1
4028,0.47226575397526904,0.9750803222058475,1
4029,0.5456911338805737,0.975151023536456,1
4030,0.4665813804053981,0.9751679590661081,1
4031,0.5270621946278807,0.9753482519008104,1
4032,0.74654031057899,0.9753775719554935,1
4033,0.636144254684999,0.9754550468221309,1
4034,0.689039724392798,0.9754911124120744,1
4035,0.3905651768435774,0.975511079480708,1
4036,0.4552787654997573,0.975518537836527,1
4037,0.6151218761249339,0.9757775289092636,1
4038,0.4988800140716818,0.9757878932432694,1
4039,0.48949473965811585,0.9758141677229739,1
4040,0.43284172684638433,0.9758930110968386,1
4041,0.4868214202445562,0.976013284839927,1
4042,0.40968870750578756,0.9760603489849613,1
4043,0.5855789544887408,0.9760851699397257,1
4044,0.5558811805152888,0.9762203101736772,1
4045,0.7486969096165647,0.9762613962996174,1
4046,0.4756181213262356,0.9762713683209908,1
4047,0.43902358161345256,0.9764955925130255,1
4048,0.5063087383107955,0.9765284755582291,1
4049,0.7304592182275425,0.9766656860366476,1
4050,0.5638798532581585,0.9767770542775611,1
4051,0.8096682500568705,0.9769927925747448,1
4052,0.573363288786815,0.9771981689166526,1
4053,0.5344949201245186,0.9772034592229021,1
4054,0.4846081539052678,0.977244252846389,1
4055,0.627445532313066,0.9773716542728987,1
4056,0.8473398740331389,0.9774392043636332,1
4057,0.42329298880379085,0.9774444653591832,1
4058,0.5012984816666893,0.9776188309281764,1
4059,0.6532531809000758,0.9776478618228637,1
4060,0.4002843996929216,0.9776709987227106,1
4061,0.4721469857187748,0.9776734343560343,1
4062,0.4196791432906244,0.9777696780452028,1
4063,0.7525363610932188,0.9778858740504726,1
4064,0.5092631923339721,0.9779438399042142,1
4065,0.5127425304126472,0.9779695907974795,1
4066,0.496426271342545,0.9780275618669989,1
4067,0.38562017361614254,0.9780301320876937,1
4068,0.8162524036680933,0.9780363762806028,1
4069,0.6176233477851051,0.978052369663388,1
4070,0.4968398768068103,0.9780828529595911,1
4071,0.35839589002319716,0.9780837964913343,1
4072,0.4539713104639078,0.9782061559790737,1
4073,0.5129391707457173,0.9783155019424974,1
4074,0.5067620871616294,0.9783800565575922,1
4075,0.5063087383107955,0.9784116286298519,1
4076,0.5211536105150674,0.9784147576050867,1
4077,0.3013676589131,0.9784207699356404,1
4078,0.3916637458773353,0.97846400962428,1
4079,0.5577401862639118,0.9785286878989097,1
4080,0.4121539147390536,0.9786163489796645,1
4081,0.7175650810068223,0.9786524300209757,1
4082,0.47960621422494176,0.9786632956473847,1
4083,0.4139188629079189,0.9786809892546058,1
4084,0.4501065432510626,0.978701366723326,1
4085,0.4919712945257082,0.9787461183478764,1
4086,0.49119449661627435,0.9790100276942317,1
4087,0.5242209992562977,0.9790354003035101,1
4088,0.8963504184696666,0.9790384425836431,1
4089,0.42535747282511116,0.9790582452716052,1
4090,0.49146761558552987,0.9793074764602325,1
4091,0.6122720331189133,0.9793407860640301,1
4092,0.6618390075551716,0.9794332984224977,1
4093,0.3483235800561898,0.9794373470719475,1
4094,0.4764547805096401,0.9797125539918841,1
4095,0.5025785196107754,0.9797323180939013,1
4096,0.4109215967067338,0.9797389739313189,1
4097,0.452204644816225,0.9798852930645753,1
4098,0.5940647852150148,0.9799256647783154,1
4099,0.4122692200536142,0.979984355092337,1
4100,0.46102593784429136,0.9800312510924958,1
4101,0.5527105457591015,0.9800707509053297,1
4102,0.4671496908557804,0.980113072509861,1
4103,0.6261703938914828,0.980186118549408,1
4104,0.4799667772441857,0.9802611999616022,1
4105,0.8907691970430697,0.980278111183458,1
4106,0.3625372610244303,0.9803292865825354,1
4107,0.5869932900797218,0.9803323019727427,1
4108,0.4506142281937865,0.9803455364503735,1
4109,0.8289532424077432,0.9803599162777162,1
4110,0.4872608152947705,0.9806021916292977,1
4111,0.6602389849968616,0.9807412707162892,1
4112,0.4982187353745534,0.9807578917021741,1
4113,0.4572725707032552,0.9808223658413785,1
4114,0.7119841862231029,0.980873899031662,1
4115,0.5614465006457053,0.9810358467610645,1
4116,0.5959508613070864,0.9810758056510214,1
4117,0.41268915055026467,0.9811892076648644,1
4118,0.5976631941900116,0.9812735800791862,1
4119,0.6820142095219067,0.981396524270282,1
4120,0.29649526952297467,0.9814083097564632,1
4121,0.559912643251463,0.9815050419488073,1
4122,0.5948696865128419,0.9816644100095211,1
4123,0.5206107077297106,0.9817547260636289,1
4124,0.5722857395754044,0.9818287769054033,1
4125,0.662716020156361,0.9818756460774674,1
4126,0.7299922504900307,0.981930161397558,1
4127,0.4473885740009943,0.9819526298354757,1
4128,0.4866617352616016,0.9819863300087076,1
4129,0.29558701019636036,0.9820241757651399,1
4130,0.5651931102597781,0.9820803063803081,1
4131,0.7079273188337646,0.9823131368844913,1
4132,0.5043863410730024,0.9823244465078986,1
4133,0.5015260102417555,0.9824173442212325,1
4134,0.4237299264951949,0.9824706408063643,1
4135,0.48998346127879056,0.9825262517199621,1
4136,0.4749026852508188,0.9826902084327034,1
4137,0.45518002728538043,0.9827152024878674,1
4138,0.4801872035913791,0.9827547871115877,1
4139,0.5199392754838176,0.9827809728480037,1
4140,0.40700688484546155,0.9828172892133261,1
4141,0.4173971108799338,0.9828862550862915,1
4142,0.5156758137508393,0.9829747853595497,1
4143,0.5082207178750792,0.9830063808308487,1
4144,0.3699387377512343,0.9833874820733602,1
4145,0.6664157209149898,0.9834182033221914,1
4146,0.6916980335330494,0.9834693982984188,1
4147,0.5606002668199646,0.9834991168268591,1
4148,0.9141219612049398,0.9836054051591824,1
4149,0.537777237165682,0.9837142314996903,1
4150,0.48857470980272577,0.9837372668421706,1
4151,0.49561205879235903,0.9839322833968414,1
4152,0.4637911661755407,0.9839432656377224,1
4153,0.47960475546470005,0.9840834989668794,1
4154,0.5225176797425855,0.9841313669557188,1
4155,0.4050628089881749,0.9841972865903019,1
4156,0.3803316904443884,0.9842228271057247,1
4157,0.5722644315502834,0.9842652976154471,1
4158,0.5340640823728388,0.9843409038561358,1
4159,0.4129523424339333,0.984655044765906,1
4160,0.5029467805503135,0.9846555487349749,1
4161,0.5995925542468379,0.9847125563177787,1
4162,0.5196210024448901,0.9848155023923436,1
4163,0.8129373100375884,0.9849270489141682,1
4164,0.4597214189225939,0.9850165433004296,1
4165,0.41026066921012916,0.985073900031453,1
4166,0.20682144328485252,0.9851006408613345,1
4167,0.5228544249092241,0.9851310837858054,1
4168,0.609424013716935,0.9851976748369267,1
4169,0.5210482755106204,0.9852868707209714,1
4170,0.5676091106862371,0.9853051157386044,1
4171,0.46789646993913114,0.9853140243458275,1
4172,0.3300994022860039,0.9853348933451272,1
4173,0.42195096235184315,0.9854116270233297,1
4174,0.5091095412780015,0.9856793588365172,1
4175,0.5573701949654726,0.9857446660080325,1
4176,0.40748916822543946,0.9861647092207216,1
4177,0.5775529867374087,0.9863732040787603,1
4178,0.3976592858525192,0.9865382409674542,1
4179,0.5943826178026862,0.9865894451298837,1
4180,0.6120173178348928,0.9866464978910123,1
4181,0.6887737107290511,0.9867450933922388,1
4182,0.3626569950732522,0.9867742584426532,1
4183,0.3582976740301249,0.9869306715808276,1
4184,0.2448436211938395,0.9869492705730589,1
4185,0.5365497190088468,0.987011416777908,1
4186,0.3981815629979153,0.9870499576813304,1
4187,0.43455772292345596,0.9871458577145528,1
4188,0.510010117307578,0.9871472156287225,1
4189,0.44375102646356246,0.9872435929923817,1
4190,0.39650750130883017,0.9872614792401759,1
4191,0.45939121069904576,0.98733046954556,1
4192,0.4558355789632359,0.9873308404296308,1
4193,0.22112203269618003,0.9875071808820969,1
4194,0.3645034820320515,0.9876213085309511,1
4195,0.48453437027364854,0.9876296656802571,1
4196,0.5293755430923773,0.9877251469382431,1
4197,0.5316289415007405,0.9877485299601433,1
4198,0.5232335111389064,0.9877796988908604,1
4199,0.6785070394367172,0.987804229691231,1
4200,0.541147137052846,0.9878893460537843,1
4201,0.4355909236953034,0.9879382587266807,1
4202,0.4298836565413028,0.9879382613613754,1
4203,0.5268508042834761,0.987944566312885,1
4204,0.5874528083808673,0.9880282992310669,1
4205,0.49464406643857406,0.9880841186305338,1
4206,0.5025494375957533,0.9881823118105281,1
4207,0.5015005923787443,0.9883608670298017,1
4208,0.4727049349509903,0.9887038908854745,1
4209,0.5724942843397817,0.9888341113191299,1
4210,0.346191767234458,0.9888761652494596,1
4211,0.557283348245548,0.9889000181879073,1
4212,0.3441652159250195,0.9891148260896072,1
4213,0.35329618729732504,0.9893300777669133,1
4214,0.4785777830195149,0.9893848737872649,1
4215,0.4704071150745759,0.9895234168908391,1
4216,0.467765637514872,0.9896385556509244,1
4217,0.431052258562177,0.9896854922989196,1
4218,0.7617567915043272,0.9896986783801404,1
4219,0.6627732868705771,0.9897649958847788,1
4220,0.4333522618443011,0.9898205051736325,1
4221,0.34967884262890525,0.9899366065574053,1
4222,0.44972002494229846,0.9899407780973023,1
4223,0.49504623773254464,0.9900477884941776,1
4224,0.5883256017675217,0.9901031525871339,1
4225,0.4292035836139797,0.9901088216083266,1
4226,0.6562528072773732,0.9901194005381644,1
4227,0.3300994022860039,0.99038332875441,1
4228,0.34903718153271557,0.990505119643373,1
4229,0.5047360442112259,0.990537659265253,1
4230,0.5145179713466624,0.9905470087429413,1
4231,0.44162253746748625,0.9905529627189584,1
4232,0.4572669207490119,0.9905953983161131,1
4233,0.6461725905795227,0.9906310102498451,1
4234,0.42708588012577486,0.9907721054400711,1
4235,0.5793582382406494,0.9907972285394683,1
4236,0.5609410075667963,0.9909388353089742,1
4237,0.4881630265785293,0.9909850705411967,1
4238,0.5157363148753806,0.9910088450566366,1
4239,0.37747885645662904,0.9910547187556434,1
4240,0.3263567471446399,0.9910860607638531,1
4241,0.30670943910335347,0.9911384807848028,1
4242,0.4609625600392274,0.9911614568353116,1
4243,0.5271681706465351,0.9912607684180821,1
4244,0.13823204040593184,0.9913457003415156,1
4245,0.39297784874172315,0.9913868209220961,1
4246,0.3655648015392704,0.9913948880129754,1
4247,0.3515411271174038,0.9914251494111305,1
4248,0.5267409735447631,0.9915448162974528,1
4249,0.6197617756649688,0.9916291927164465,1
4250,0.516948945770878,0.991633806028808,1
4251,0.44399969017539853,0.9916639717093971,1
4252,0.4477662342072205,0.9918724543128139,1
4253,0.3975827083869373,0.9920265730193089,1
4254,0.8803940373571127,0.9921883755758967,1
4255,0.3422528633235211,0.9922276491503971,1
4256,0.5815461304118319,0.9922385917604896,1
4257,0.40776766811299536,0.9922956374373945,1
4258,0.5217640946016868,0.9923204493643395,1
4259,0.4302059046541368,0.9924201707804563,1
4260,0.47171682994371267,0.9926704854079187,1
4261,0.6599800933882268,0.9926911386751295,1
4262,0.3672956761598094,0.9927542904989689,1
4263,0.43884166159895954,0.9929502245372828,1
4264,0.4819124104482102,0.993059098971311,1
4265,0.45886683973019693,0.9930938139953133,1
4266,0.5648296132784947,0.9932066314678171,1
4267,0.3916063335570982,0.9932257358775233,1
4268,0.42535747282511116,0.9933450285145483,1
4269,0.4060274926272929,0.9933466533697577,1
4270,0.5580755374941958,0.9933926656357764,1
4271,0.48900259392041034,0.9935447124720173,1
4272,0.4829789130188382,0.9940432496557006,1
4273,0.4767154737290966,0.9941020388097316,1
4274,0.49017049437793103,0.9941193843329781,1
4275,0.2529669611188602,0.9944053172642647,1
4276,0.5951125643385542,0.9944503670331347,1
4277,0.3901376488498387,0.9944583890275253,1
4278,0.4109907911268723,0.9945406662779649,1
4279,0.41136233453970206,0.9947291984170871,1
4280,0.44869618622646934,0.9948720520161312,1
4281,0.4538475585859457,0.9948891058505365,1
4282,0.42119375291907213,0.9949508486105852,1
4283,0.46548343478565823,0.9949756598288526,1
4284,0.4690524478941165,0.9950109216784561,1
4285,0.34775652077078045,0.995063524472098,1
4286,0.47709509804381933,0.9951810091139031,1
4287,0.5645087971848987,0.9954789740527187,1
4288,0.45876397232667077,0.9956171446978588,1
4289,0.4414894787575354,0.9956490531598656,1
4290,0.36148114391325936,0.9957319123021281,1
4291,0.47328238357413666,0.9958943080579493,1
4292,0.4615885663445225,0.9959691790891778,1
4293,0.29474886736500683,0.9960500127794133,1
4294,0.3232939854064225,0.9962255525755159,1
4295,0.3869526473182484,0.9963436632280311,1
4296,0.45830825969238265,0.9964393474518037,1
4297,0.45539057244319847,0.9968319392597851,1
4298,0.43243408574013587,0.9969798949447624,1
4299,0.4455829755994416,0.9970331433179416,1
4300,0.4645564252973453,0.997205835135136,1
4301,0.43902358161345256,0.9974960364938135,1
4302,0.37915591905790247,0.9975386457665367,1
4303,0.46252309449359996,0.9975480451538393,1
4304,0.3647737219313596,0.9975703419146474,1
4305,0.5223948552492329,0.9976131924507964,1
4306,0.34688161210561896,0.9976605932934421,1
4307,0.4222173203824493,0.9977282822225324,1
4308,0.41846762745185684,0.9977332077554348,1
4309,0.45751575879398565,0.9978112601983744,1
4310,0.4396541669631624,0.9979174104393554,1
4311,0.38611547699449267,0.9979437288332704,1
4312,0.486280824961391,0.9979594836226275,1
4313,0.41777820964429846,0.9979813734440748,1
4314,0.5146746402593111,0.9981084766850405,1
4315,0.4514317335284188,0.9981535137605667,1
4316,0.43636984090743514,0.9981832899680213,1
4317,0.7110265838658723,0.9983879296922771,1
4318,0.41619558900519893,0.998430201390396,1
4319,0.4222599238660467,0.9984756960804392,1
4320,0.41712383532046604,0.9986058905832053,1
4321,0.35732319115176614,0.9988529802014688,1
4322,0.48409342804364575,0.9990451134443691,1
4323,0.3872163785250552,0.9991541284695632,1
4324,0.40124350283217713,0.9994598503298575,1
4325,0.41449681910274727,0.9995539984542399,1
4326,0.43773293338818964,0.9996436890817928,1
4327,0.00018004864457721315,inf,0
4328,0.4015957170376443,inf,1
4329,0.4201279982977161,inf,1
