,Birth,Death,Dimension
0,0.003732893226903289,0.023482376900343604,0
1,0.0456129786330004,0.05072048082138647,0
2,0.049773309393635556,0.05289043749871003,0
3,0.019178947855679862,0.06343480530727219,0
4,0.019804549353117706,0.06558072445881846,0
5,0.040166370665841944,0.06558072445881846,0
6,0.06956128027656194,0.06977342091829686,0
7,0.0684638384729328,0.07209906686631362,0
8,0.07760813116622578,0.07805219466164359,0
9,0.03158392603173821,0.07865999740658414,0
10,0.05908366288666356,0.07962902732899502,0
11,0.030936629946113237,0.08174300067540896,0
12,0.062317169731097244,0.08192492343016577,0
13,0.0821540891001804,0.0850765266718474,0
14,0.00934336652672807,0.08850003873827517,0
15,0.029062398448602034,0.09091409927819694,0
16,0.037029303008985104,0.09554789351300774,0
17,0.06321277331691666,0.09692762647932573,0
18,0.041865498144849966,0.09785495884848328,0
19,0.024764166919343356,0.10072895632496981,0
20,0.06579637443001529,0.1020497334974082,0
21,0.047769332013677834,0.10313774749908877,0
22,0.0761004895527192,0.11301017649908773,0
23,0.02651906266611115,0.11313745472381564,0
24,0.04588887131726549,0.11485287638381647,0
25,0.051865524955403974,0.11725485796916502,0
26,0.020194249175817913,0.11727683916445075,0
27,0.04742850592078174,0.11734255201301413,0
28,0.10183914389547544,0.11796853210931202,0
29,0.10107281949066271,0.11796853210931202,0
30,0.10024147670438943,0.12154324485800339,0
31,0.09269844640253144,0.1218857898199518,0
32,0.04856641116601201,0.123635173088399,0
33,0.1173115160867172,0.12499724976713933,0
34,0.029945020754231444,0.13022878912181535,0
35,0.05719648487932638,0.13534504334766317,0
36,0.03430572222795625,0.14299843039378657,0
37,0.14150572805891037,0.14504720302891239,0
38,0.1000118087944214,0.1472411746088096,0
39,0.028688813271787073,0.14813486611393023,0
40,0.03599565289395901,0.1503615535868834,0
41,0.01923514057944442,0.15133257673453115,0
42,0.08724970305312729,0.15168160107361406,0
43,0.021461244402128044,0.15285153132944107,0
44,0.06468730608973905,0.15422774159368136,0
45,0.07451647420319296,0.15693762357199015,0
46,0.04253069439562718,0.1574762000659954,0
47,0.050940817158138474,0.15820856505706626,0
48,0.020070206672428426,0.15902259334281832,0
49,0.0233727807298858,0.15947393120598874,0
50,0.06891601554929705,0.15947942626495248,0
51,0.082927509169472,0.16575871601245706,0
52,0.07044113677382458,0.16673346587837146,0
53,0.14333126705103372,0.16679117675366428,0
54,0.07465596620033177,0.16739583641499522,0
55,0.13775135481321787,0.16739583641499522,0
56,0.06749879633299716,0.16739583641499522,0
57,0.16836538436273674,0.17011941993154078,0
58,0.1512172421755147,0.17011941993154078,0
59,0.11494013557526561,0.1707705577943871,0
60,0.0738346862857302,0.17118528688433932,0
61,0.1355316357331694,0.17204807725097293,0
62,0.01685123471297445,0.17286034817963003,0
63,0.031996028234459906,0.17338759384616265,0
64,0.09661037232291736,0.17446976300615835,0
65,0.034566019215750976,0.17508839944872312,0
66,0.10289994989886053,0.17518047900428502,0
67,0.052638126040448485,0.17520222584679612,0
68,0.017524716476796653,0.18234922439451473,0
69,0.07381127545481214,0.18644663750586,0
70,0.1199639647152817,0.1874992311998429,0
71,0.11058694575263162,0.18845571132002703,0
72,0.03289280809067996,0.1895807427371543,0
73,0.07433286965246522,0.19110804956168737,0
74,0.13026783509606366,0.19174578011655474,0
75,0.1480468716812754,0.19275953656188105,0
76,0.1406346972663225,0.1940651589823521,0
77,0.03963976913957634,0.19442555676565942,0
78,0.0705761063611442,0.19460774163387706,0
79,0.051348905725535854,0.19492363366744347,0
80,0.010647959921345151,0.19544959565482178,0
81,0.03193682134583664,0.1983264467740864,0
82,0.1088458549816913,0.19954866773871915,0
83,0.047459257243596786,0.19954866773871915,0
84,0.13794725077570957,0.2005665354163314,0
85,0.14284713437695795,0.20135465110348805,0
86,0.09138737127586316,0.20212807302936076,0
87,0.12230557070543735,0.2034407760310467,0
88,0.03653406833204431,0.2034804192247226,0
89,0.09183104547543697,0.20511342643569863,0
90,0.05976192360245247,0.20511342643569863,0
91,0.1487025423274969,0.2059604878284641,0
92,0.09735993959245681,0.20719847158104454,0
93,0.17629023380232856,0.20771637533284082,0
94,0.016778051053142784,0.20864496985653835,0
95,0.031517913106191564,0.2113647985297351,0
96,0.10732404180401645,0.2120121990464814,0
97,0.023313060293853605,0.2128618415840664,0
98,0.019396022469620466,0.21419241084710927,0
99,0.05508537239813305,0.21440991384852937,0
100,0.17779651126650853,0.2147694668017084,0
101,0.005999139936972764,0.21550724428382118,0
102,0.19352558431057132,0.2157366609591086,0
103,0.02003585771308003,0.2182437101489506,0
104,0.2054084593185006,0.2182599308483164,0
105,0.055861343444129075,0.21853213783862868,0
106,0.052750332209312356,0.21874111797883078,0
107,0.038521649684558845,0.21874111797883078,0
108,0.1423550663601203,0.21950877237765076,0
109,0.061387565082897555,0.2201859463849689,0
110,0.004774133548359316,0.2223399092992897,0
111,0.057622134190491336,0.2235925876728888,0
112,0.025402370041968658,0.22413519582411323,0
113,0.13805607263985697,0.22464036109203922,0
114,0.03203517334232564,0.2250600397377991,0
115,0.023363855907440056,0.2250600397377991,0
116,0.0167957713924487,0.22706639708510468,0
117,0.08004402779017039,0.22737649013155514,0
118,0.05799338130341314,0.22831677610796297,0
119,0.2271076441022436,0.2319803701100388,0
120,0.0912116711704144,0.23251035781096752,0
121,0.031758547588642494,0.2326156711920705,0
122,0.08493150743042288,0.23304175268451988,0
123,0.07081832638741303,0.23519497473758988,0
124,0.1319391319136729,0.23519497473758988,0
125,0.007600573887060147,0.23895406877607006,0
126,0.06698182746639758,0.23967142754579784,0
127,0.10049144513192931,0.24137482882596417,0
128,0.03726942750174722,0.24152546197726732,0
129,0.1675511144762285,0.2415402455655482,0
130,0.0027408188371588205,0.24368964638509827,0
131,0.17860468542288477,0.24384672345300595,0
132,0.10012032552368144,0.2450858859030135,0
133,0.03345817432333087,0.24513250708939371,0
134,0.20343095662124988,0.24521901781282252,1
135,0.08836523981710898,0.24633169324647786,0
136,0.10580824896693464,0.24767223581531472,0
137,0.1689928075335414,0.24919969535174202,1
138,0.06295227559710415,0.24989327577671072,0
139,0.21326849191885888,0.25080163381984866,0
140,0.10849800314902536,0.2522949856764912,0
141,0.14024762892348142,0.2523294599724065,0
142,0.06934794070999917,0.25256780139463275,0
143,0.2210094875598546,0.25361629349446535,0
144,0.2280662792210264,0.25832228970449755,0
145,0.03788922116557847,0.2602311781298351,0
146,0.032451095171804445,0.2602311781298351,0
147,0.24725847112471855,0.2612673664626537,0
148,0.009787270704586404,0.2628704170482109,0
149,0.10130576392032609,0.2637680841147838,0
150,0.17821540858698226,0.26400374227691437,0
151,0.010751327899637397,0.2641569778752437,0
152,0.22359529143922385,0.2643473650854836,0
153,0.10669267864914189,0.26533796856551006,0
154,0.014256805463773281,0.26546446632009457,0
155,0.2288736629713619,0.2660637916686711,0
156,0.11323286561058399,0.2662026870493468,0
157,0.16312113540773077,0.267378670632205,0
158,0.2271469554675991,0.26746273715694424,0
159,0.19591320874310625,0.2708322991801241,0
160,0.1522835873317835,0.2708322991801241,0
161,0.08542726044656912,0.2709039464912375,0
162,0.26557135710262225,0.2714361394080401,0
163,0.19505484371582227,0.2722034531970815,0
164,0.06763743879601136,0.27628910295280196,0
165,0.042772800723296034,0.27628910295280196,0
166,0.23849403870323826,0.27657595101799204,0
167,0.15077248879443972,0.27745826447384114,0
168,0.19892494117134019,0.27758375292941606,1
169,0.14659581855965276,0.2779121744308244,0
170,0.08980288123101754,0.2791871034655746,0
171,0.09934091120774635,0.2792307014946348,0
172,0.013892603703454576,0.2802343448011019,0
173,0.03294175474649241,0.28031668930047726,0
174,0.26770697792266274,0.2812312246556202,0
175,0.14442660932238993,0.2816641431759275,0
176,0.022050909129766594,0.28186994067409843,0
177,0.22253253553409635,0.28187654575943344,0
178,0.26787669252530866,0.2825653623425246,1
179,0.08559663100024395,0.28358039328720674,0
180,0.19074389961843463,0.2842302583507277,0
181,0.10910388936883442,0.2853520886936636,0
182,0.08235310013802488,0.28570657024846047,0
183,0.03385412340777594,0.286513025291789,0
184,0.045986019306678005,0.2874772072529107,0
185,0.23351491520697065,0.2884029611660821,1
186,0.05276040828682249,0.2890141366229728,0
187,0.12153215743983903,0.2890141366229728,0
188,0.2432742912114313,0.2896642566538764,0
189,0.1472544952224233,0.2897178581158507,0
190,0.15803776326624752,0.289790654783187,0
191,0.07022341642689645,0.2903134159152624,0
192,0.03166574842054204,0.2903134159152624,0
193,0.2625770719072589,0.29149692011328276,0
194,0.002822778423205885,0.2918975945001514,0
195,0.02788978818033827,0.2925326766545122,0
196,0.2567190150330061,0.2927070232405429,0
197,0.16341079662138935,0.2932789621113284,0
198,0.21870947056518875,0.293820297818322,0
199,0.20577547096425386,0.2940372933937072,0
200,0.04128265004532505,0.2940472202417742,0
201,0.07155453742438467,0.2940472202417742,0
202,0.017172535622562046,0.2954500239083737,0
203,0.07334776757230643,0.2967046696160901,0
204,0.0016369345021164383,0.29706371187408076,0
205,0.06611668803744741,0.29836696518705763,0
206,0.14671549806547834,0.29836696518705763,0
207,0.028441598289041914,0.2990248577518003,0
208,0.09731679829420914,0.3001358594935153,0
209,0.1893644936643638,0.3013964186824466,0
210,0.27087877834759133,0.3018779051226266,0
211,0.07565921459101899,0.30230626149113937,0
212,0.021902813487476025,0.30284541935948983,0
213,0.009887041837069677,0.30315179962888006,0
214,0.08128423500960691,0.3031881407306226,0
215,0.13229386294472667,0.3037146193700909,0
216,0.09424041961663643,0.304892375843806,0
217,0.034442786359124344,0.3053965613403994,0
218,0.03191720930698794,0.3054056265280941,0
219,0.03908526031339621,0.30549564678759544,0
220,0.2429394403120505,0.30678895982916077,0
221,0.040175338510277214,0.30753616035928577,0
222,0.04226558063072128,0.30795802425465424,0
223,0.026039100980924657,0.30869982776475713,0
224,0.03463844015381756,0.30902389701207666,0
225,0.11479948356934488,0.30903176828729106,0
226,0.0035841910261529275,0.30962542349817745,0
227,0.22449372673092738,0.3102849817444304,0
228,0.1029641632769609,0.3114523224057413,0
229,0.18722458565426103,0.313019132200157,0
230,0.09035841804074729,0.3135217584146853,0
231,0.02620783862560061,0.3143741865961953,0
232,0.18817383521671627,0.31442545922516807,0
233,0.2985869499201915,0.31442545922516807,0
234,0.11973735871716051,0.31590459370912394,0
235,0.03958612414871843,0.31590459370912394,0
236,0.03956942160128485,0.3162098116555052,0
237,0.11009192538007295,0.3166865437964951,0
238,0.02244738847706451,0.3167238618411168,0
239,0.08567503477787397,0.31682107372982904,0
240,0.28914684067691265,0.3197495452648975,0
241,0.014618629357344592,0.3197495452648975,0
242,0.05869683221628086,0.32100696736829326,0
243,0.07549809656307882,0.3212168046877608,0
244,0.1390264085054237,0.3216698272359183,0
245,0.18753430476185973,0.3216698272359183,0
246,0.0315716803669116,0.32185943606027767,0
247,0.08385171770385602,0.32231812890369205,0
248,0.026100168038601157,0.32345026754022776,0
249,0.017627538120499442,0.32399707887584384,0
250,0.0012444862791779476,0.32463972537394625,0
251,0.010750452597506732,0.3250141282306833,0
252,0.2854788569617819,0.3252514251873636,0
253,0.17618980529542494,0.3254990444015704,0
254,0.031486640937487875,0.3257301077257311,0
255,0.01535194785168792,0.32616961315113513,0
256,0.0597333572065708,0.3270712199819855,0
257,0.023166541070944957,0.32729523668925065,0
258,0.14437805465453557,0.3287766250870833,0
259,0.058443768050042366,0.32906808337604354,0
260,0.1515147204311672,0.3296028863974323,0
261,0.1047293319069984,0.33042163470347474,0
262,0.021512049804429445,0.33082909070900246,0
263,0.17567769696192448,0.33118249152776624,0
264,0.004938218960652052,0.33124810775248226,0
265,0.022265178154515564,0.3315993607115213,0
266,0.009446028369566206,0.3326241339205873,0
267,0.01004777438669957,0.3326250105340931,0
268,0.053839985327770346,0.33414936402026074,0
269,0.040415904121526514,0.3348536379476674,0
270,0.01731738534111993,0.33511293060447367,0
271,0.045061840248825535,0.3352772883377181,0
272,0.061412206006767556,0.3358631037997192,0
273,0.004132476939476271,0.3362925070680637,0
274,0.014647412190783693,0.3375009773278991,0
275,0.21424677654865842,0.33792620363979287,0
276,0.16878888311651685,0.3391548956689474,0
277,0.29935673276701924,0.3395453417052814,0
278,0.051919548132064786,0.3402350428273071,0
279,0.012913783803890189,0.34374430860967853,0
280,0.015139805617685465,0.34404023401423334,0
281,0.0006457438159808149,0.34501482658171656,0
282,0.1103431623111677,0.3459044618118482,0
283,0.10017125733632959,0.349370525789234,0
284,0.029496820668815982,0.3498968249651472,0
285,0.020660302604193492,0.35163246457581065,0
286,0.06451147572352645,0.3518644666641165,0
287,0.186534709936526,0.35187655918882244,0
288,0.004043784272813933,0.35187655918882244,0
289,0.29373417870482377,0.35241120795825265,0
290,0.04293763068991141,0.35392945080948823,0
291,0.3304310381932818,0.35403214891246637,0
292,0.006800508086632018,0.35437150283064067,0
293,0.0857287465760127,0.35451521229362815,0
294,0.3185394805278533,0.35473290574942984,1
295,0.027858393038055707,0.35585339571612384,0
296,0.00968137151241999,0.35702356202823693,0
297,0.09731414962930152,0.3574222922296446,0
298,0.3238909222840385,0.357571278224168,0
299,0.0009174094457985449,0.3577882933450782,0
300,0.04848508628649395,0.3589121347468218,0
301,0.23833078950651176,0.35982644239413186,0
302,0.29141191362582886,0.36042320653347504,0
303,0.12295611531296502,0.3605553625896578,0
304,0.004535884930172429,0.36075843692414433,0
305,0.23112905858296107,0.36078671595975176,0
306,0.03812262811135636,0.3610811227530909,0
307,0.30357084756983754,0.36124940166535513,1
308,0.022295949699225215,0.3613402401931749,0
309,0.3331477700046762,0.3615840280933834,1
310,0.0022388742010754914,0.3618639703144114,0
311,0.03783079462827288,0.3620870162052948,0
312,0.010022689844345511,0.36271319979668737,0
313,0.028256418145046314,0.3635625340782491,0
314,0.14940452942803673,0.363781337464691,0
315,0.025893209481832047,0.36403422649819017,0
316,0.10043740665247569,0.3643867775332318,0
317,0.05264041417967602,0.3643867775332318,0
318,0.0036168784901586815,0.3645759309945854,0
319,0.0022762080517718664,0.36514467220666713,0
320,0.01308717609475496,0.36571646748717146,0
321,0.28828273738636945,0.36583709257305164,1
322,0.16840833153894053,0.3662635759532846,0
323,0.011798018429848955,0.3670897356788698,0
324,0.2563890477502251,0.36968453599890994,0
325,0.22186195723159174,0.37114660433199764,0
326,0.08491253155658851,0.3734470213727602,0
327,0.09747454231551966,0.3736081677257739,0
328,0.011369335849652495,0.374597892043801,0
329,0.0011995482829183501,0.37518397533901904,0
330,0.07665187628845871,0.376823604117667,0
331,0.3724002892134618,0.37760876787499087,0
332,0.008491310709849431,0.3799483216060602,0
333,0.12020240096126233,0.3803242837020404,0
334,0.012734241386370693,0.3812434559295522,0
335,0.04807503693579096,0.3820091103834926,0
336,0.010962264134697586,0.38230516381831736,0
337,0.004863923835413009,0.3842072299578537,0
338,0.11497390771933846,0.38466464447599247,0
339,0.1973235195557006,0.3860199742966749,0
340,0.2882499737817861,0.38623846449308075,0
341,0.0843453198201477,0.3869084854975181,0
342,0.17259218610501492,0.3869155165181972,0
343,0.25878740305647374,0.38717667769690567,0
344,0.021732131871922244,0.38745324451414553,0
345,0.30410632061446274,0.38880387201485533,0
346,0.024763174888931316,0.3892859165846867,0
347,0.0003027228428622575,0.38955084150928065,0
348,0.23304175268451988,0.38964505665541327,1
349,0.05629879987967257,0.39284251643028534,0
350,0.24593113201586225,0.39405118717811727,0
351,0.01539722271956101,0.3941228484196039,0
352,0.11747097609631396,0.39485491871019196,0
353,0.10528049944283158,0.3963627890441802,0
354,0.16834523423956027,0.39671867266339134,0
355,0.08981384297172057,0.39768342348044405,0
356,0.1981813860030751,0.39780706597802706,0
357,0.027354535236154498,0.39798119312574465,0
358,0.18607768342418618,0.39798119312574465,0
359,0.016479110272798025,0.40122223348152,0
360,0.0002753569284325019,0.4030030571930975,0
361,0.027334331243780263,0.4044625119966052,0
362,0.01688045289084039,0.40926451670833575,0
363,0.050686068759953185,0.4097316661226498,0
364,0.015420970604039796,0.4098073649142351,0
365,0.40851243211978583,0.4107918601894497,0
366,0.004662134903060555,0.4111355175651842,0
367,0.3139024470012336,0.4111355175651842,0
368,0.33228172629617425,0.411792501786142,1
369,0.2781383735899021,0.41195029263534877,0
370,0.04840542721942209,0.4123827278149239,0
371,0.00116365869258106,0.4128403437822461,0
372,0.08376012018643986,0.41718789539713996,0
373,0.40262573360253073,0.41874955610029896,0
374,0.0485621978566535,0.42059437333224237,0
375,0.006840865287849773,0.4224472422317378,0
376,0.26388954859373637,0.42297663106521177,0
377,0.02601947168091856,0.42488923335428364,0
378,0.033887646679280015,0.42506398720036986,0
379,0.005380987377051061,0.4270084606500225,0
380,0.19239608821889587,0.42793216422454194,0
381,0.4018669892097637,0.4292880426781903,1
382,0.13917568374194345,0.43009548770769235,0
383,0.0050776298496600925,0.43126354546938583,0
384,0.02956919024091509,0.43307905880679254,0
385,0.432588750604733,0.4337179455302279,0
386,0.0979087014777904,0.4396308967896586,0
387,0.1754034219039915,0.4414402396650482,0
388,0.16670199817784737,0.4414402396650482,0
389,0.11206300936336089,0.44375217643642406,0
390,0.09943609793088992,0.4458131282426351,0
391,0.0011101202412416855,0.4484929572026628,0
392,0.02708884706350012,0.44929478405958045,0
393,0.06775557936993082,0.4502177620585872,0
394,0.14283166468381459,0.4514281974224146,0
395,0.01821181073619449,0.453616043947608,0
396,0.38020885341039123,0.45494723087614974,1
397,0.15213075898270279,0.45679931919018835,0
398,0.3336727214117047,0.45752891134741736,0
399,0.2771039710868839,0.4582022062142196,0
400,0.1673304686251037,0.46192988572488114,0
401,0.430284420981596,0.46354088202093213,0
402,0.40718198521639437,0.46517286461422414,0
403,0.0846439746898574,0.46539456908050836,0
404,0.029381689068107897,0.4687879617443387,0
405,0.2360002828347112,0.47035326640074415,0
406,0.045803703192178524,0.4726678023334181,0
407,0.11640920922829323,0.47294969663600417,0
408,0.2879332063746002,0.4736235640262937,0
409,0.22674080316115197,0.4742959251975575,0
410,0.289790654783187,0.4745186999936659,1
411,0.4421832732549318,0.4775679204503528,1
412,0.23193320554383023,0.47862467036459744,0
413,0.028100576513616304,0.47862467036459744,0
414,0.23742445112830868,0.4806895462150008,0
415,0.36010514685452244,0.4831305666544873,1
416,0.26165873922319083,0.4833591774898538,0
417,0.10712259209216701,0.4899545510084913,0
418,0.10436706576911536,0.4900965619851999,0
419,0.45599587345775006,0.49337089017728786,1
420,0.012089308167800294,0.5017035194697645,0
421,0.39298775119416995,0.5026697171033447,1
422,0.4854518466937311,0.5030036796918125,0
423,0.45086220468331206,0.5040809997438827,1
424,0.5087341018603772,0.5108154692153861,1
425,0.30442850417682144,0.5118051709256246,1
426,0.4304896881724092,0.5130713289679575,1
427,0.5047182039901784,0.5160358281752921,1
428,0.12010082500141228,0.5191317405725672,0
429,0.023698163091893654,0.5212415173740225,0
430,0.47798882275438725,0.5310022153627261,1
431,0.019296810756565086,0.5321792755207939,0
432,0.4079519633238208,0.5335660434342703,1
433,0.15967181276048592,0.5362832048724182,0
434,0.42519287198067757,0.5368406735777556,0
435,0.46767656620452724,0.537924531624687,1
436,0.38623846449308075,0.539963381781135,1
437,0.22945907525331222,0.5408880356225704,1
438,0.1499836680827431,0.5436780553568068,0
439,0.4979824738650648,0.5444422842732445,1
440,0.4458131282426351,0.5452328253372906,1
441,0.39298775119416995,0.5465319584589994,1
442,0.05391495070179231,0.5502112313424105,0
443,0.5352377459883582,0.5534167638102947,1
444,0.537678082502685,0.553530009178235,1
445,0.4503029560534513,0.5546492791022748,1
446,0.2995996078329566,0.5570040035986297,1
447,0.5040778969972423,0.5587857019351514,1
448,0.44960454583976783,0.5646662515398866,1
449,0.47547605453760655,0.5646969736771963,1
450,0.4952966035956573,0.5697242308599946,1
451,0.4670134738703353,0.5705124083392895,1
452,0.5276832853484982,0.5707031641050035,1
453,0.23569280152859384,0.5762755218240877,0
454,0.5547205303987068,0.5809118905719033,0
455,0.4681162927160516,0.5821827615093794,1
456,0.5007295732812707,0.5837073100470093,1
457,0.4514281974224146,0.5855696180348269,1
458,0.46079031693025785,0.5888868984727571,1
459,0.5330712659226383,0.5889315464433604,1
460,0.3160624107699076,0.5898464542063073,1
461,0.5393108964295689,0.5902563458813604,1
462,0.4243133610332098,0.5911648681299204,1
463,0.5908820145594984,0.5951418886790752,1
464,0.4910212227417793,0.6022952748081021,1
465,0.5575860752101497,0.6045942026180386,1
466,0.5834841501349125,0.60893750213031,1
467,0.49863294161024363,0.6105517958792357,1
468,0.28399797793263815,0.6107821408597063,1
469,0.1983375900346107,0.6108256157063804,1
470,0.4670134738703353,0.6108544173968669,1
471,0.15285153132944107,0.6185148805419944,1
472,0.5639158598576423,0.6217236573330941,1
473,0.49454357736728627,0.6228599072915263,1
474,0.4325068635379272,0.6236916497486308,1
475,0.4346609873980798,0.6250171672644529,1
476,0.5631552632458071,0.6277761844518983,1
477,0.6012951533212809,0.6287719746526871,0
478,0.5862224076959686,0.6326282095431053,1
479,0.007172745629543842,0.6332783275950584,0
480,0.5351737962501443,0.6339548242920613,1
481,0.4940954897343641,0.6351861733602546,1
482,0.2519878842370198,0.6400461791281608,1
483,0.6019092856880451,0.640515712138063,1
484,0.5050193035140224,0.6421045461994859,1
485,0.49058860223220213,0.6427782801184643,1
486,0.6245622445625014,0.6437702916337175,1
487,0.4347257892166816,0.6449342317709977,1
488,0.6151147912342685,0.6451398777581645,1
489,0.3033781220630777,0.6456928236470136,0
490,0.5949442414530465,0.6490018831096731,1
491,0.49308665974656696,0.6495623979458583,1
492,0.4005162871644683,0.6511777988642663,1
493,0.5193664915597723,0.6516441073296296,1
494,0.5470786095610238,0.6550469041188136,1
495,0.5042073620070378,0.6561965521457634,1
496,0.5751508413142307,0.6564288395349855,1
497,0.3676629350299301,0.6569944925451431,1
498,0.6093651867215426,0.6570470475301555,1
499,0.47384517978457263,0.6571096007714939,1
500,0.5393108964295689,0.6574433880593209,1
501,0.4081056718066507,0.6575798679393455,1
502,0.4019826773720586,0.6578102433918227,1
503,0.581781774599716,0.659787775913556,1
504,0.39765958428445747,0.6629719846608897,1
505,0.5330322393404293,0.6643473386286477,1
506,0.6295483929399274,0.6643575027367542,1
507,0.4822325066293943,0.6653345659052534,1
508,0.47883758637038054,0.6657154767457698,1
509,0.5744960286799426,0.6677527058269108,1
510,0.40783157088557564,0.6684999827505184,1
511,0.5067479726707531,0.6691150017665322,1
512,0.48647420165364685,0.6700244246505167,1
513,0.5986579448300652,0.6711021455695917,1
514,0.5983110377504383,0.6720079404595255,1
515,0.545300635193303,0.6724880833654059,1
516,0.5122058114412514,0.6727066306252962,1
517,0.6292688564329307,0.6734599352210221,1
518,0.5533963573130989,0.6754525273418215,1
519,0.5393108964295689,0.6776674252598952,1
520,0.6696340933500328,0.6795721269333477,1
521,0.5142494800847061,0.680796928928666,1
522,0.5809750526108818,0.6821803202075172,1
523,0.6562447110131736,0.6843509871581089,1
524,0.6800647003221229,0.6849395870503925,1
525,0.2740214532809586,0.6858044198846811,1
526,0.666116666089169,0.6873843112924541,1
527,0.6394103323024215,0.6874896738603692,1
528,0.6464606977376638,0.6881010869310599,1
529,0.5829451703607932,0.6887361782307033,1
530,0.46338973914966997,0.6927694489356494,1
531,0.6326609088467312,0.6946448044305599,1
532,0.4419080402344616,0.695278285930684,1
533,0.46809403797535043,0.6962421030810675,1
534,0.5344957044527998,0.6963872751209745,1
535,0.5723792518362025,0.6969002418921248,1
536,0.4581516005167673,0.6976157826445537,1
537,0.6626279394938405,0.6984820464679422,1
538,0.301132332230148,0.6990093233230202,1
539,0.4503029560534513,0.7009995355851001,1
540,0.650544505542574,0.7017167934541194,1
541,0.4540761927311452,0.7073097263128024,1
542,0.5655340903364455,0.7077303070640842,1
543,0.6659744031962204,0.7083895962137325,1
544,0.6186154280613092,0.7085013498740552,1
545,0.6659744031962204,0.712034279258686,1
546,0.6772364897952703,0.7127131359470962,1
547,0.6607105284151327,0.7162798512465359,1
548,0.648263097087467,0.7183803635819166,1
549,0.7100753836842612,0.7184093321353108,1
550,0.3789617957806516,0.7190771365661861,1
551,0.34374430860967853,0.7196264595064773,1
552,0.7144877483082288,0.7199258799795867,1
553,0.6836921430992811,0.7208451539950361,1
554,0.5933339371028927,0.7211648455259023,1
555,0.5462418263188821,0.7215231586805624,1
556,0.3947203912859544,0.7220401131472164,1
557,0.6580944138470314,0.7238329419946936,1
558,0.6967568680610783,0.7238578328924022,1
559,0.46516041499018246,0.7239115103732455,1
560,0.3892743183721976,0.7247062885399993,1
561,0.5199032882778446,0.7262625344529687,1
562,0.6612968524261348,0.7268486253080308,1
563,0.6151328864972283,0.7273171844005496,1
564,0.4635873803552053,0.728441000915225,1
565,0.7157608096741669,0.7287461161509603,1
566,0.6836860220065596,0.7301654102773155,1
567,0.4597704904628346,0.7321550466312935,1
568,0.45790862304596347,0.7329521361622473,1
569,0.3892743183721976,0.7337464475033392,1
570,0.5840891273583807,0.7345917442492976,1
571,0.6436052799935874,0.7368786788740382,1
572,0.5593316247148518,0.7379834621397765,1
573,0.4030030571930975,0.7387622259767451,1
574,0.5836411635731171,0.7387776084219585,1
575,0.5783938424838281,0.7389457246577312,1
576,0.6326609088467312,0.7396472845233459,1
577,0.5946974820864415,0.7408864771093749,1
578,0.45086220468331206,0.7417436393113124,1
579,0.5669794323871208,0.7425936183046383,1
580,0.7256960335073531,0.7435793606835377,1
581,0.547174608708376,0.7449962940290754,1
582,0.42572628902501974,0.7460478991133053,1
583,0.7187367449966865,0.7468761411229988,1
584,0.6932288195749297,0.7479658893194122,1
585,0.6443669218707953,0.7485246402439958,1
586,0.37235036501443286,0.7494754905502959,1
587,0.7089424289947974,0.7495621287416424,1
588,0.67260684576478,0.7499029848544265,1
589,0.6437091854405328,0.7501826141257643,1
590,0.5321916234753081,0.7516776510111411,1
591,0.719525596912482,0.7522865803681938,1
592,0.49308665974656696,0.7523670150225165,1
593,0.6605733531900277,0.7525431589711661,1
594,0.6871514510255805,0.7525924114149664,1
595,0.6562447110131736,0.7527032686631943,1
596,0.5366003711493946,0.7535653031356861,1
597,0.46287944876005493,0.7536513691656634,1
598,0.5000602577392361,0.7540656161595537,1
599,0.6143580465533477,0.7545087746711564,1
600,0.5526968819398053,0.7554579798670861,1
601,0.5310868370801067,0.7556983137000352,1
602,0.6186154280613092,0.756130345904524,1
603,0.7563622769927266,0.7571742600272567,1
604,0.5570690324600581,0.757219256623222,1
605,0.46360124030776195,0.7594055051121458,1
606,0.5829451703607932,0.7602238896008008,1
607,0.7514632293753114,0.7603677903317285,1
608,0.6277005434788269,0.7605315060463274,1
609,0.6787830133824251,0.761574153751765,1
610,0.5040484993761173,0.7616613563768464,1
611,0.4582022062142196,0.7619812086190589,1
612,0.5622641703522872,0.7622101663535186,1
613,0.5473959464608326,0.7622394937318838,1
614,0.5284192545200267,0.7628849512891349,1
615,0.4820360312685167,0.7629675179211427,1
616,0.7428604148757674,0.7641669371101666,1
617,0.7273075663698126,0.7665536932257841,1
618,0.5964175933106399,0.767829460568008,1
619,0.6680952770586684,0.7683289907298977,1
620,0.5697192929551792,0.7711168453656685,1
621,0.6383632691737967,0.7726740602091429,1
622,0.7441851276622815,0.7728336379940719,1
623,0.6770058623549324,0.7732157783896482,1
624,0.7442630249068986,0.7732563341574314,1
625,0.1615025790181761,0.7744457501124102,1
626,0.3984765064581942,0.7746226728678067,1
627,0.4319484862919958,0.774640179861935,1
628,0.3326241339205873,0.775301399706097,1
629,0.45023585866281046,0.7757595440362705,1
630,0.4270084606500225,0.7775318017404725,1
631,0.7144322039087793,0.7785337016177101,1
632,0.7514632293753114,0.7786456628028819,1
633,0.564322734585316,0.7791872215834716,1
634,0.42488923335428364,0.7793847757452952,1
635,0.524486625649641,0.7797313398931435,1
636,0.7159380141681846,0.7809772478578628,1
637,0.7114503431209351,0.7811827365633963,1
638,0.35332570231561033,0.7813337449770422,1
639,0.6245622445625014,0.7819262917509224,1
640,0.7671782804271116,0.7826336675545572,1
641,0.6877573801671693,0.7841030849595475,1
642,0.5697192929551792,0.7849643207837574,1
643,0.7322852775058233,0.7877812860834533,1
644,0.5692980222049739,0.7878524704784775,1
645,0.6802490326918674,0.7896919845204782,1
646,0.5572738967353498,0.7896942135589301,1
647,0.46338973914966997,0.7903975010651618,1
648,0.4970364918996014,0.7905258225549802,1
649,0.5240958387463159,0.7910815221706636,1
650,0.7442630249068986,0.7911786113743846,1
651,0.5109188522313717,0.7912711607112585,1
652,0.6314548759549801,0.7914049899274885,1
653,0.7319719351004199,0.7928579315753775,1
654,0.7377936039748444,0.7931974786871762,1
655,0.6950748672054062,0.7935910367771382,1
656,0.47731146210863584,0.7948438780152275,1
657,0.5946974820864415,0.7951608776089182,1
658,0.4627826381269432,0.7981727577619846,1
659,0.4121621004839443,0.7986258901698237,1
660,0.45023585866281046,0.7986479667413154,1
661,0.7441851276622815,0.799643111815371,1
662,0.7948491400289167,0.8005808095768675,1
663,0.5341932251455407,0.8018277644624767,1
664,0.5292324113354473,0.8036426029187548,1
665,0.6019092856880451,0.8041596800000433,1
666,0.7446536368541252,0.8063290855764182,1
667,0.5283072979171237,0.8068898163546799,1
668,0.7890396829609662,0.8069758890007243,1
669,0.7184121390483931,0.8069855911769203,1
670,0.5259573881459667,0.8074652990948006,1
671,0.6019092856880451,0.808024328655667,1
672,0.7555383536540007,0.8080875498724076,1
673,0.594007084647134,0.8085327226838898,1
674,0.7043819029243712,0.8094467729650715,1
675,0.5526051862834184,0.8095311944777295,1
676,0.5720413767742425,0.8096903273080192,1
677,0.3656569234171875,0.8104486183235039,1
678,0.47225692319475765,0.8106598507908197,1
679,0.7846086952275338,0.8117435522415698,1
680,0.47883758637038054,0.8136811941865674,1
681,0.7860773700257804,0.8137545770733261,1
682,0.6541935179747428,0.813996063807407,1
683,0.6357920440595456,0.8143334306098158,1
684,0.5431198348525927,0.814473360407065,1
685,0.39664974697646926,0.8156565173254003,1
686,0.8136067605308613,0.8161769135242468,1
687,0.4992434515414582,0.8164951897202037,1
688,0.7139288994784851,0.8182334126635112,1
689,0.4669050539985393,0.818392543953204,1
690,0.6482809748311069,0.8184471142285002,1
691,0.6061541466668018,0.8186566119233077,1
692,0.6144302777818251,0.8191566872892889,1
693,0.6717834556502864,0.8194486277450741,1
694,0.5820273026741236,0.8198571120095637,1
695,0.5330712659226383,0.8208551946425025,1
696,0.4612276850694351,0.8213157427024645,1
697,0.8160449802075914,0.8217225257058881,1
698,0.633399790090393,0.8218566935408921,1
699,0.545300635193303,0.8220016327126652,1
700,0.8125743100180083,0.8223006278737558,1
701,0.8064540677798907,0.8223867953896564,1
702,0.7509709561213183,0.8226521513351522,1
703,0.7163000317572641,0.8226752328358365,1
704,0.6436064985556442,0.8229417195763395,1
705,0.41098433983763927,0.824595277323208,1
706,0.26352084034352563,0.8255182078232514,1
707,0.7608988857678555,0.825632661661181,1
708,0.6352412036428109,0.8260354647525884,1
709,0.8011472432294797,0.8264604487439341,1
710,0.5957712410847548,0.8265080793908124,1
711,0.49506742353984745,0.8267379737021563,1
712,0.4581486057380679,0.827213159060932,1
713,0.5986579448300652,0.8272480109995605,1
714,0.6969549284096039,0.8279262635335147,1
715,0.6000325672739748,0.8284010165532533,1
716,0.5785498104117958,0.8289969020145371,1
717,0.4039223082417305,0.8292626318936378,1
718,0.45106232902756005,0.8295056792999427,1
719,0.7139288994784851,0.830161431647238,1
720,0.6246155094562784,0.8306121084259103,1
721,0.6759356515260703,0.8308870156097343,1
722,0.37760876787499087,0.8328876720483555,1
723,0.6580944138470314,0.8334943784315935,1
724,0.3891672918722391,0.8341705318941631,1
725,0.7277225472189012,0.8346902589699975,1
726,0.7679827537801652,0.8354525519459769,1
727,0.7315559031355168,0.8369218804164326,1
728,0.8039215203851365,0.8369992021873418,1
729,0.5572738967353498,0.8371777822076233,1
730,0.7331056044400969,0.8382970468373353,1
731,0.5255241670599571,0.8391144802651614,1
732,0.7149887117857179,0.8392139994142757,1
733,0.5220066068210764,0.8394929595083325,1
734,0.34508355416159553,0.8404414391943678,1
735,0.7548725188706926,0.8404704474196935,1
736,0.7386961489234444,0.8407885428936549,1
737,0.756279998939939,0.8422673518180506,1
738,0.49335549579610505,0.8431069147459479,1
739,0.6294772422522626,0.843429189532853,1
740,0.26352084034352563,0.8435270031869389,1
741,0.6599121844009695,0.8444052676019175,1
742,0.5366003711493946,0.8444183789445171,1
743,0.3450993168063624,0.8450125125162775,1
744,0.5644458183008825,0.8450263587250751,1
745,0.6958651278579913,0.8450868959690627,1
746,0.43059047955308793,0.8453365370016951,1
747,0.5692980222049739,0.8458790288059777,1
748,0.565514529830417,0.846691642318281,1
749,0.7443147102473323,0.8473251536316629,1
750,0.5373128427596942,0.8473394263527002,1
751,0.44784070183512215,0.8478294599507753,1
752,0.756279998939939,0.8483820426717725,1
753,0.5824017307570893,0.8492784664015147,1
754,0.542089498058034,0.8494843373408361,1
755,0.5528566741956403,0.8504678457125676,1
756,0.5120037839592921,0.8507119889665998,1
757,0.7385967819043868,0.8507840729920431,1
758,0.7118242460882495,0.8511472798997366,1
759,0.542089498058034,0.8513203003157385,1
760,0.6904269869955432,0.8515606003749844,1
761,0.8474473614799534,0.8522166789926516,1
762,0.6710321473070239,0.8531099156047037,1
763,0.8400523631140404,0.8532585495868111,1
764,0.4758913457357178,0.8540801968408892,1
765,0.6021362109014112,0.8541885568982289,1
766,0.6162718026477195,0.8541985018312684,1
767,0.6947356870390929,0.8544083319702249,1
768,0.7190245624002578,0.8547698235168878,1
769,0.5868835531314798,0.8548724374856181,1
770,0.8294232260892372,0.8555046649186547,1
771,0.501909230856353,0.8569878628541333,1
772,0.7084867992760443,0.8572327608519407,1
773,0.6326609088467312,0.8572549876361133,1
774,0.5816558056609382,0.8579475022617996,1
775,0.24513250708939371,0.857996065047629,1
776,0.4427180777165157,0.8583691826668391,1
777,0.832613539606567,0.8583921482061414,1
778,0.6810931000251983,0.8591943870401971,1
779,0.4068603217830856,0.8592393270596269,1
780,0.6272190258956717,0.8597208561822377,1
781,0.7948491400289167,0.8600638088632605,1
782,0.648148563937607,0.8603210577684138,1
783,0.7268050607265936,0.8608435558054687,1
784,0.5644458183008825,0.8622144167814894,1
785,0.4123827278149239,0.862229088815609,1
786,0.6947356870390929,0.8625214415818705,1
787,0.7914964087991923,0.8628703753174257,1
788,0.4928853215528982,0.8631608687556044,1
789,0.6955173663867309,0.8638672009033721,1
790,0.5341932251455407,0.8640290236937678,1
791,0.3734474800889802,0.864096512516382,1
792,0.7104856920321856,0.8641718564092167,1
793,0.5040484993761173,0.8651074661815672,1
794,0.6151276273813331,0.865313289464288,1
795,0.7867650989693685,0.8653144135650086,1
796,0.7212844076089784,0.8669731947274447,1
797,0.8499480433277486,0.8672609383784432,1
798,0.8625825314727167,0.8705812685340123,1
799,0.5310868370801067,0.8706379340772293,1
800,0.7988475060829786,0.8709514781881958,1
801,0.7953816408222959,0.8716931176945611,1
802,0.6665443037328674,0.8724603575185428,1
803,0.6676785348730359,0.8728891904926603,1
804,0.791163343230777,0.8729019990974386,1
805,0.37235036501443286,0.8730715901822207,1
806,0.4404126064832038,0.8730764289622591,1
807,0.4124982476737634,0.8731906866150659,1
808,0.4940954897343641,0.8736816047300751,1
809,0.5821922802909024,0.874683726761882,1
810,0.7258807252791905,0.8758808033692844,1
811,0.6759356515260703,0.8760226109114931,1
812,0.5983110377504383,0.8762650128045814,1
813,0.6170113042154366,0.8765294557011486,1
814,0.49943663226747237,0.8767601185521086,1
815,0.6062237380167704,0.8767832297938809,1
816,0.6035347528202306,0.8770233420221896,1
817,0.7256329838821068,0.8773753089314258,1
818,0.5318319855826309,0.877515517658869,1
819,0.7266017742060513,0.8776764534741985,1
820,0.6229220988065327,0.877937726753176,1
821,0.7021550678359451,0.8799440315892131,1
822,0.7356456789366129,0.8805837247962145,1
823,0.5470786095610238,0.8820548965921997,1
824,0.6850306935462013,0.8821176583159631,1
825,0.8631703576955134,0.8827566223424145,1
826,0.5383672135760195,0.8831994648336869,1
827,0.8811442659562556,0.8836357671957111,1
828,0.7089424289947974,0.8837501527015493,1
829,0.5533963573130989,0.8842387690709241,1
830,0.4123705542013023,0.8842853498341132,1
831,0.2131857529141734,0.8845982102264186,1
832,0.6596786850859865,0.8846192394470974,1
833,0.530575821573657,0.8846912209277022,1
834,0.6989236336044607,0.8849771558942424,1
835,0.6653049944459225,0.885066872363452,1
836,0.4872048617839835,0.885148066078309,1
837,0.8398155341678849,0.8857617928222153,1
838,0.5285222075399478,0.8861843408258722,1
839,0.7861595650703201,0.8863096578310742,1
840,0.5496608395660771,0.8864145016742804,1
841,0.6496240303719116,0.8866786663652021,1
842,0.31653431809507393,0.8869202854454548,1
843,0.6927057228386512,0.8874305002066849,1
844,0.24368964638509827,0.887638594963663,1
845,0.5892971652307307,0.8877895126267761,1
846,0.5125999777865684,0.8883855664078893,1
847,0.7351479144965195,0.8884094557797778,1
848,0.6863458083050599,0.8888292149808075,1
849,0.7446536368541252,0.8892618721903071,1
850,0.7013153555083629,0.8898544857350575,1
851,0.6845368726710531,0.8900356220037167,1
852,0.3563404162463174,0.8900374959717573,1
853,0.7002227459874796,0.8903296031817931,1
854,0.4627826381269432,0.890838258233399,1
855,0.6832449711851314,0.8915906859729162,1
856,0.4252880987957851,0.8920054276179251,1
857,0.7201729759843292,0.8923377263144353,1
858,0.6096062356261372,0.8924287219773444,1
859,0.6048822645028484,0.8925971570906854,1
860,0.5623676243018916,0.8931954987705202,1
861,0.689019595319243,0.8933302715839925,1
862,0.42262510138993525,0.893662162320312,1
863,0.4678655763450139,0.8942222681232518,1
864,0.4457827542847703,0.8955757944904842,1
865,0.6293970049997987,0.8960021898424197,1
866,0.6787830133824251,0.8964369467616249,1
867,0.4124125742209709,0.8968316183228721,1
868,0.6708715483850268,0.8973955625657541,1
869,0.40589823890941357,0.8986523228925982,1
870,0.4715449812740605,0.8988826199348907,1
871,0.7553786115378041,0.8993532150329419,1
872,0.6689104138417972,0.9001221114085894,1
873,0.872952424958965,0.9002679765744582,1
874,0.5379240329969437,0.9005850388972939,1
875,0.7690758386749985,0.9015428999218004,1
876,0.7392818679071819,0.9025582251948016,1
877,0.8254192218114191,0.9034082628286448,1
878,0.5952052731552406,0.9036479283736615,1
879,0.5379240329969437,0.9038945410747743,1
880,0.4562119032354226,0.9049432882896995,1
881,0.5468150112533323,0.9052388081759498,1
882,0.834068693057056,0.9052663324528634,1
883,0.6770058623549324,0.9054476234544331,1
884,0.6948515259722955,0.9062731618488677,1
885,0.862376305564681,0.9066282886960944,1
886,0.5717821085270681,0.9089912209121731,1
887,0.38014176866302507,0.9094599627755552,1
888,0.4338810951162557,0.9096947975153028,1
889,0.5260279653148581,0.9100066771569637,1
890,0.8159794135483966,0.910882160802762,1
891,0.5828738098605322,0.9113656057296392,1
892,0.7671782804271116,0.9114544249146186,1
893,0.4870574661737037,0.9135175310539728,1
894,0.42424752817227973,0.9138032827318767,1
895,0.5740220432814581,0.9139292373861827,1
896,0.7212844076089784,0.9142063787499998,1
897,0.6461679908806137,0.9142556830652527,1
898,0.5222393672404921,0.9148400358639925,1
899,0.3236198259786952,0.9151074767969491,1
900,0.6188242335812267,0.9152395896055696,1
901,0.5095891682254972,0.9156109636751587,1
902,0.45987920049380726,0.9158807581286641,1
903,0.6175961913394441,0.9160757305794228,1
904,0.6193513297336991,0.9162673254251474,1
905,0.7591388893937323,0.9163366074885417,1
906,0.7250452650679208,0.9168709289831932,1
907,0.4152187512493306,0.9169110763824924,1
908,0.5892971652307307,0.9169593633781303,1
909,0.4147675422782432,0.9181271880808206,1
910,0.5744960286799426,0.9182680057100465,1
911,0.6447096229584738,0.9183542290779091,1
912,0.40926451670833575,0.9197662606009591,1
913,0.8730828703934979,0.9201597877836458,1
914,0.3906697463916948,0.9203409121257237,1
915,0.5651931638724833,0.9208302072547656,1
916,0.6527255308310123,0.9208893644582951,1
917,0.4325732138307976,0.9211353536692789,1
918,0.5193664915597723,0.9212422070309411,1
919,0.44338951964181617,0.9228287404036548,1
920,0.5986579448300652,0.9230083350717809,1
921,0.5575860752101497,0.923361085917664,1
922,0.6151328864972283,0.9237627825160941,1
923,0.5042073620070378,0.9241607961754091,1
924,0.6300063086433534,0.9244777379370132,1
925,0.47225692319475765,0.9253148121160991,1
926,0.8183527203830893,0.925703141516463,1
927,0.796161307588277,0.9260909705178082,1
928,0.588015634561273,0.926415323607065,1
929,0.5775269579615641,0.9271846508587248,1
930,0.5488145696207163,0.9274793652273113,1
931,0.648587448955595,0.9278533567689347,1
932,0.607318183075642,0.9291121590966124,1
933,0.24270139894588183,0.9301673943392922,1
934,0.834068693057056,0.930362297671313,1
935,0.507571244763487,0.9307818131987818,1
936,0.5317299638557588,0.9312969197089885,1
937,0.5582238814605389,0.9316421388821493,1
938,0.6651493630894729,0.9322506387919212,1
939,0.6096762408494832,0.9326700090513066,1
940,0.7349560681847568,0.9331462660673862,1
941,0.5824017307570893,0.9332442468834696,1
942,0.5802854688422437,0.9333950768596225,1
943,0.3943630297496532,0.9336099022384404,1
944,0.5369639350449857,0.9336518050299282,1
945,0.7206730718675299,0.9343964231035308,1
946,0.602880276715378,0.9367436305674498,1
947,0.5276832853484982,0.9368519465648721,1
948,0.501861453624801,0.9379308043871097,1
949,0.608999748906956,0.9380193371412411,1
950,0.9122746125556502,0.9386884926075164,1
951,0.48668106319088167,0.9387606986410895,1
952,0.7674377636608619,0.9388794938327621,1
953,0.5159608117470691,0.93923216711714,1
954,0.4609768997101663,0.9392808793566987,1
955,0.6961894354577223,0.93947599898476,1
956,0.5141451428228593,0.9396944469959717,1
957,0.9345560849439264,0.9399781983009615,1
958,0.6162718026477195,0.9401653242389164,1
959,0.5173117318424345,0.9401949892617738,1
960,0.5420121629219828,0.9411096080291944,1
961,0.4421519216074751,0.9412364407539475,1
962,0.6485849348426933,0.9414943782557911,1
963,0.5730121718689186,0.9420155247966189,1
964,0.5317299638557588,0.9428398147114812,1
965,0.34508355416159553,0.9430905079225694,1
966,0.5903628059219567,0.9431078327221437,1
967,0.4782809722048049,0.9432065880662663,1
968,0.6183755939963534,0.9437504057591382,1
969,0.5279582494309616,0.9438869354710803,1
970,0.5173117318424345,0.9441731603492829,1
971,0.8081017910402611,0.9444203451557077,1
972,0.8896831093806707,0.9445828307169244,1
973,0.6107969627801574,0.9451674762147172,1
974,0.5927253756283981,0.9457830082519647,1
975,0.5287580340719107,0.94592344508857,1
976,0.8723536038584789,0.9461705073132606,1
977,0.6344090244346249,0.946184209433882,1
978,0.6030081680311262,0.9471788462322684,1
979,0.6268452200163518,0.9473009583225706,1
980,0.568818755110794,0.947427028418095,1
981,0.3771209557028463,0.9476291381033365,1
982,0.5557218689336878,0.947689562273655,1
983,0.6961894354577223,0.9477948295593596,1
984,0.6151276273813331,0.9501806186134194,1
985,0.453616043947608,0.9502770394110381,1
986,0.5754882060048332,0.9505432558209902,1
987,0.4410945923688918,0.9505835665595903,1
988,0.39765958428445747,0.9508076594611621,1
989,0.8600556331054073,0.9509414586366929,1
990,0.6226101908357483,0.9511662085352625,1
991,0.7162079209698436,0.951712914552246,1
992,0.6966775667231805,0.9521452062569807,1
993,0.5850361551618766,0.952294173410583,1
994,0.8517194422021784,0.9527694612544814,1
995,0.5969719426051868,0.9528847053042826,1
996,0.8458356554066838,0.9539199056355405,1
997,0.7391422766560709,0.9543022919381403,1
998,0.35241120795825265,0.9543710767458493,1
999,0.6630264736875227,0.9544022517606049,1
1000,0.49506742353984745,0.9544957536613657,1
1001,0.6377044487784561,0.9553445861971164,1
1002,0.6948515259722955,0.9553786893594993,1
1003,0.45670585300362565,0.95633431070001,1
1004,0.9446921005815464,0.9567578841291149,1
1005,0.8050750017324294,0.957374694927784,1
1006,0.5244367752250643,0.9577864140892537,1
1007,0.4529398497402152,0.9578057719647692,1
1008,0.504172054325338,0.9578299770949552,1
1009,0.42069512763705874,0.9579770663658739,1
1010,0.5566589384171762,0.9583700254869366,1
1011,0.8494442428876027,0.9584394459183135,1
1012,0.6631686708262664,0.9586626505156826,1
1013,0.4018669892097637,0.9593053217795766,1
1014,0.4706499165694553,0.959781061927678,1
1015,0.5014017248286393,0.9600211971407084,1
1016,0.603334375091303,0.9601826140582799,1
1017,0.5834841501349125,0.9603009638668433,1
1018,0.5783938424838281,0.9604153724939402,1
1019,0.5399559501190047,0.9604787048254582,1
1020,0.26787669252530866,0.9607283089615442,1
1021,0.9320371187863955,0.9608239682142427,1
1022,0.5276972658324306,0.9608901377939832,1
1023,0.4920853215347757,0.9610162715102081,1
1024,0.7080179107339066,0.961068982870251,1
1025,0.6588952532877307,0.9611840442893098,1
1026,0.6826162201153565,0.9617143948937337,1
1027,0.9428993288232264,0.9621579117869801,1
1028,0.5246308429387023,0.9629051909862597,1
1029,0.4404126064832038,0.96324723497555,1
1030,0.5364675188711963,0.9634481673934292,1
1031,0.5420121629219828,0.9635356035512808,1
1032,0.6447096229584738,0.964103962319048,1
1033,0.6193128442415443,0.9641109315448648,1
1034,0.5866694166738736,0.964446684700942,1
1035,0.7782150309472831,0.9647109412323979,1
1036,0.4427180777165157,0.9649658484650757,1
1037,0.38089397716186213,0.965486614488937,1
1038,0.48673068499471306,0.9656115062478816,1
1039,0.8663488605991467,0.965778489950519,1
1040,0.619235187039333,0.9659805242107046,1
1041,0.6751459684047438,0.9663655288462824,1
1042,0.7716999365740208,0.9663906108796941,1
1043,0.3236198259786952,0.9664609626085956,1
1044,0.7138370226784687,0.9672847372901233,1
1045,0.4323795171721678,0.9673876900026774,1
1046,0.39162016755692786,0.9675395654545598,1
1047,0.41725583363923324,0.9675600844263993,1
1048,0.7846086952275338,0.9691493842369403,1
1049,0.500328690692662,0.9692913662280919,1
1050,0.8241746099015504,0.9694593323645329,1
1051,0.5459992630374875,0.9697790245744802,1
1052,0.5125999777865684,0.9703306066866006,1
1053,0.5247593020412636,0.9703746579187803,1
1054,0.6587252806489913,0.97108053716099,1
1055,0.6748664600683593,0.9710999703169896,1
1056,0.5731863803847472,0.9711248777141288,1
1057,0.8978344647873225,0.9713177666494633,1
1058,0.4834804082031159,0.9714043145295642,1
1059,0.4432593022116841,0.9716874386396017,1
1060,0.5159608117470691,0.9721168425794889,1
1061,0.7502673274461137,0.9725198632972862,1
1062,0.506299686418037,0.9725576244207883,1
1063,0.5307833230063821,0.9725600754315291,1
1064,0.46337554240575485,0.9729365707869928,1
1065,0.6836921430992811,0.9731507038711328,1
1066,0.4338810951162557,0.9733196297995254,1
1067,0.35923923512813116,0.9733500671409673,1
1068,0.4325068635379272,0.9739757191640642,1
1069,0.6932917077665969,0.9742668012436244,1
1070,0.4346609873980798,0.9746283112286046,1
1071,0.4615619675700434,0.9747228354787417,1
1072,0.3366425031000533,0.9748294490164213,1
1073,0.5662474392039503,0.9755834612517593,1
1074,0.6601791609773114,0.9760181289081487,1
1075,0.588015634561273,0.9764470228017935,1
1076,0.5407209469129804,0.9765865359113841,1
1077,0.45599587345775006,0.9770454444835435,1
1078,0.39162016755692786,0.977082697084179,1
1079,0.5151136021569177,0.9777464549266616,1
1080,0.5673764989563856,0.9783634241729555,1
1081,0.6503103245257927,0.9787295112471572,1
1082,0.4679931963414976,0.9788376960163113,1
1083,0.43758675320668194,0.9790956295498112,1
1084,0.27240933373118603,0.9791627773967864,1
1085,0.676544212588913,0.980034179169917,1
1086,0.32522117324674515,0.9805090731663232,1
1087,0.4534250547692382,0.9805312318340754,1
1088,0.4269132667296235,0.981162833377411,1
1089,0.4872048617839835,0.9814062306215641,1
1090,0.4569455849075452,0.9819955922844651,1
1091,0.48146569793039173,0.9820538173531254,1
1092,0.5109188522313717,0.9822920941248915,1
1093,0.29053156788766077,0.9824732440088682,1
1094,0.6467380254808641,0.9832039977317608,1
1095,0.6268452200163518,0.9832739080920234,1
1096,0.4782809722048049,0.9834741568765107,1
1097,0.5733234918183002,0.9835100113236003,1
1098,0.7708143124035844,0.9836575356976904,1
1099,0.5067479726707531,0.9836869903031188,1
1100,0.5118014993180345,0.9838281615002111,1
1101,0.49942240038577457,0.9839000933838773,1
1102,0.6502960727274876,0.9847018130995955,1
1103,0.6751459684047438,0.9850533766087755,1
1104,0.6655115738199078,0.9850650985405466,1
1105,0.46650518863152435,0.985074435967654,1
1106,0.5596118496380043,0.9853997449692695,1
1107,0.4948056328945827,0.9857417016810223,1
1108,0.5647428852208468,0.9857628288089856,1
1109,0.46986526186141775,0.9868685463823154,1
1110,0.7894497991599266,0.9868850330330372,1
1111,0.645067571572844,0.9874066923852456,1
1112,0.5034364941560225,0.9880381714625313,1
1113,0.5740906792164139,0.988296340981401,1
1114,0.7980858844135572,0.9884283776889384,1
1115,0.5083868853124687,0.9888479442173645,1
1116,0.4529976103225861,0.9888862300349778,1
1117,0.4750938618692969,0.9889941986487923,1
1118,0.4561302972454201,0.989034468994275,1
1119,0.5674222815843184,0.9899749632353347,1
1120,0.4336066372620946,0.9900221308419899,1
1121,0.48673068499471306,0.9904179514598892,1
1122,0.4417656426342236,0.9905001338097486,1
1123,0.4188836212144238,0.9908036000419961,1
1124,0.461979016547997,0.9909080114808346,1
1125,0.531337870723262,0.9912851988172705,1
1126,0.34511313095018203,0.9916417126863822,1
1127,0.4127648134638908,0.9922511726256132,1
1128,0.5045543173544791,0.9923359322440333,1
1129,0.43006751565021195,0.9924244734839867,1
1130,0.4956051645784718,0.9932319207397793,1
1131,0.7782150309472831,0.9932742191799568,1
1132,0.6545667796805469,0.993488166149389,1
1133,0.5060323155524754,0.9935818612934264,1
1134,0.46338973914966997,0.9949408142999648,1
1135,0.6407279532202197,0.9949780330643831,1
1136,0.48820948806305065,0.9950450529864072,1
1137,0.41718789539713996,0.995088546344918,1
1138,0.40172345534727216,0.9954873077332625,1
1139,0.4480176281452737,0.9960385124879289,1
1140,0.43409264541090054,0.9960592818135866,1
1141,0.39385112873758177,0.9967234229050297,1
1142,0.44145361418251683,0.9971549906139711,1
1143,0.649177437229092,0.9971743806555838,1
1144,0.4199142190141273,0.9975339805493729,1
1145,0.40447348082337864,0.9976006183244822,1
1146,0.42150464033264934,0.9976013856244296,1
1147,0.42059437333224237,0.9976928379838331,1
1148,0.4885859518171296,0.9977047311331887,1
1149,0.4337179455302279,0.9977836753932314,1
1150,0.4160834390828272,0.998369289611718,1
1151,0.49943663226747237,0.9985909315057511,1
1152,0.42675720969293374,0.9987370369684814,1
1153,0.42774130307619085,0.999114387593006,1
1154,5.070683547159227e-06,inf,0
1155,0.39941435291069527,inf,1
1156,0.4123705542013023,inf,1
