,Birth,Death,Dimension
0,0.02118713449626941,0.029893725595961373,0
1,0.04618007371517441,0.052367408688830386,0
2,0.05623859679735699,0.06508819174677882,0
3,0.024701267109527025,0.06557795942008249,0
4,0.050431509909187544,0.06619856640285071,0
5,0.06157998054711078,0.07038212962368229,0
6,0.0759852991090123,0.0871359770131388,0
7,0.0757676359749534,0.08935767002840611,0
8,0.07480161375888628,0.09932184267969013,0
9,0.06767838674905136,0.12093538172369078,0
10,0.10017258563928977,0.12700984894044054,0
11,0.11648306493314198,0.12730175751924833,0
12,0.0916583617963812,0.12809677599152303,0
13,0.05967134009853037,0.12857508209316437,0
14,0.059191019985387894,0.13176517086128647,0
15,0.08069317000686071,0.1422620001256274,0
16,0.05316745792624811,0.14287558201681183,0
17,0.0959887928868528,0.144710328383292,0
18,0.06974657926795036,0.14481873023773462,0
19,0.03934316729575249,0.14481873023773462,0
20,0.14108419096768132,0.14558098756951654,0
21,0.022645528616403343,0.14709491931487428,0
22,0.11795009578958704,0.15260518011531765,0
23,0.1027775571821441,0.15374182331214437,0
24,0.0242327357741996,0.1542274007524127,0
25,0.0564928700205336,0.1591462442985978,0
26,0.018032767819089357,0.16306343768765852,0
27,0.15464490703541545,0.16405444214278941,0
28,0.11487712936811312,0.16666163263915512,0
29,0.09815514214007837,0.1682309645530098,0
30,0.11842977577837677,0.16859731066123484,0
31,0.06617760986613852,0.1740192664813206,0
32,0.16458304214639063,0.17633143014852515,0
33,0.029287350836647463,0.17767491019039494,0
34,0.012312485613509172,0.1779157265518384,0
35,0.10555249610400586,0.1789210891655818,0
36,0.1804890688790315,0.1836612302992351,0
37,0.1500423115301187,0.18793630317521703,0
38,0.02817562553135855,0.19148608690118785,0
39,0.15533631474529075,0.19185531943258405,0
40,0.09863763753604982,0.19278375070603637,0
41,0.1438400186813491,0.19362443096155846,0
42,0.08162222331996039,0.19480817344967727,0
43,0.12571102682040558,0.19516034186658937,0
44,0.03353327079846302,0.19545635471996992,0
45,0.12779294833284693,0.1984365655704835,0
46,0.09646818224826093,0.19888665064715805,0
47,0.10383648266523937,0.20407651917430203,0
48,0.12995270247799062,0.21003882508846117,0
49,0.044505830127523294,0.21048719474439115,0
50,0.0934039613750205,0.21436221829526791,0
51,0.030565777365425872,0.21452958599498706,0
52,0.12068216167837875,0.2173374264369563,0
53,0.030837473779340208,0.2173374264369563,0
54,0.09271006001653803,0.2173374264369563,0
55,0.027253808228602905,0.22202225831069156,0
56,0.11706911616175864,0.22318828470473584,0
57,0.21694194297470704,0.2237028725917043,0
58,0.11940482470082026,0.2249506027311654,0
59,0.04493900461237055,0.2265847057302972,0
60,0.07396162983115562,0.22788272330752224,0
61,0.1691454928251429,0.2284191875467938,0
62,0.1234413988008074,0.23072789891475431,0
63,0.10122518459543461,0.23080421000777285,0
64,0.10110495407026754,0.23104450406075028,0
65,0.04890329144814487,0.23287063447224976,0
66,0.07875002600493786,0.2342271560537854,0
67,0.1438491923782632,0.23798037654640136,0
68,0.17081849029591956,0.238405974621976,0
69,0.2204899243076094,0.23910001950660664,0
70,0.23821861268325462,0.2400824491633654,0
71,0.029249359081581994,0.24178976288684473,0
72,0.11469770367988386,0.24296849461821224,0
73,0.07829076529716006,0.24640556895224197,0
74,0.24517646886931987,0.2466240144220846,0
75,0.18245238482954873,0.24713257811660394,0
76,0.012116334747709567,0.24734324955559395,0
77,0.04009596926835435,0.24764065410630975,0
78,0.043478400935522576,0.24995121996166159,0
79,0.12069421497513133,0.25032884837772396,0
80,0.05957015471730209,0.25032884837772396,0
81,0.09457654543790017,0.2504050103319291,0
82,0.1332398225036613,0.2525333243541401,0
83,0.05511524122141731,0.25562903949902216,0
84,0.10546362933371678,0.25644123219860926,0
85,0.20784677364430404,0.25734607140142596,0
86,0.039814005079782167,0.25734607140142596,0
87,0.2522976929593166,0.25745222149287383,0
88,0.05140913446294848,0.26287985329869024,0
89,0.17373530647333335,0.26412237130429583,0
90,0.03770662809213843,0.2657040059317328,0
91,0.17238707753953497,0.2657040059317328,0
92,0.07178756900136685,0.26585407315792087,0
93,0.1381583925998835,0.2663476524052887,0
94,0.09430873426933228,0.26665969535562506,0
95,0.09844441123044267,0.2680839698233428,0
96,0.22179989577032944,0.26903803782633184,0
97,0.10802337610435109,0.2701144125160828,0
98,0.02645922070424722,0.27254742720930536,0
99,0.021308181075850086,0.2725559625501507,0
100,0.04281993082711033,0.2732385179064186,0
101,0.011102416113722757,0.2732918159088362,0
102,0.12058298077839058,0.2741123244169936,0
103,0.09162742784510569,0.2747656720667552,0
104,0.1794862546969821,0.2775313129457162,0
105,0.09862054387912211,0.2785468897412743,0
106,0.011496504830754262,0.27891268583886963,0
107,0.08389820829207051,0.2789358728396665,0
108,0.03654095383090161,0.27977650858965253,0
109,0.2471443437609745,0.27994835062662127,0
110,0.08117117326316081,0.28196806946587616,0
111,0.2758909102558661,0.2840160729499378,0
112,0.11651644979103959,0.2842203474198809,0
113,0.15979275463377207,0.28443696023949105,0
114,0.00932094468221667,0.28464091641411604,0
115,0.1308787216412456,0.28602773584876595,0
116,0.07388761734146365,0.28654569284677434,0
117,0.2704334353527309,0.2886609473598739,0
118,0.03782042107539152,0.2893147107517964,0
119,0.06757971386775308,0.291857425983189,0
120,0.19556104138014285,0.2922341835259794,0
121,0.043760051444927894,0.2934771199178339,0
122,0.04068794432540246,0.29806734298827464,0
123,0.27058177528463145,0.29890486382323356,0
124,0.07973498870013818,0.29890486382323356,0
125,0.14510713223982508,0.30033608962741054,0
126,0.13984208635266415,0.3020655464812495,0
127,0.09553208909114341,0.30372863491414215,0
128,0.06176521127690082,0.30422932755725285,0
129,0.028958253120690447,0.3064814625696519,0
130,0.2868576971054906,0.3072873950599321,1
131,0.015626997630113437,0.309171894299055,0
132,0.046119442678844824,0.30923547519310735,0
133,0.009554603699581277,0.30923547519310735,0
134,0.08432368119720335,0.31028357510803195,0
135,0.14901973217881048,0.31028357510803195,0
136,0.11532515188765502,0.31139902576103207,0
137,0.04964854516809847,0.3114118143550806,0
138,0.04051439277844182,0.31390037840611573,0
139,0.2237071894358531,0.31417090961348015,0
140,0.15780066435906326,0.3144894534731021,0
141,0.01277114557683623,0.3156221938830639,0
142,0.14819457274379932,0.3159886711351704,0
143,0.1282643912849758,0.3159886711351704,0
144,0.11349455708557532,0.3160215819426907,0
145,0.08065096987645093,0.3166587151912884,0
146,0.09680870589390267,0.3180943712719264,0
147,0.057645134343503046,0.3182516422664461,0
148,0.13582584514710327,0.31881079918946087,0
149,0.004315271926791042,0.3205529210114634,0
150,0.004996090085199745,0.3208707418325122,0
151,0.05725834837286303,0.32170998473011736,0
152,0.047243680965059154,0.32263784594238276,0
153,0.030823157645613275,0.32399607103396766,0
154,0.3034026308731582,0.3240834163819234,1
155,0.03786209277424124,0.3256504588203494,0
156,0.0021812583957042664,0.3281313600527579,0
157,0.05056884642210113,0.3285178716352337,0
158,0.03174943697100163,0.3292261468981348,0
159,0.29667911957586734,0.3293275426828395,0
160,0.28530113988069217,0.3296789749069876,0
161,0.19821328107912906,0.33059670766565696,0
162,0.13122978969078092,0.3324225904078115,0
163,0.05050973752913479,0.3342260612265475,0
164,0.0031177681459565454,0.3350689051539736,0
165,0.03081060676921432,0.33541479070016444,0
166,0.140644116814161,0.33674067561559884,0
167,0.04977360523692631,0.3387075750660491,0
168,0.0008374885894906203,0.3397018334506581,0
169,0.0027917594724962136,0.33992461238872373,0
170,0.00021741092435778597,0.3409525660327726,0
171,0.2682347760749476,0.341614570280219,0
172,0.16245358326972903,0.341614570280219,0
173,0.006249155744518675,0.34371544997226033,0
174,0.11904874008539834,0.3439025099811527,0
175,0.2789725823950171,0.34565529625500213,0
176,0.02011661429365974,0.3470591518688989,0
177,0.3156221938830639,0.3477935092917882,1
178,0.024084637454335978,0.3489499141892055,0
179,0.04850955003091262,0.3505025126376604,0
180,0.246299634376421,0.3507089662908133,0
181,0.1907903596933198,0.3523167231948856,0
182,0.009467053505377132,0.3527834173575264,0
183,0.33083798913028584,0.3532109568777714,1
184,0.06389708091907209,0.3547213628729482,0
185,0.11427232955142608,0.3550962461611499,0
186,0.008824866332490466,0.35552228084702486,0
187,0.1283305221759904,0.35730865720761573,0
188,0.021728059594599336,0.3573422654196514,0
189,0.21003882508846117,0.35903122051864456,1
190,0.3017276004845485,0.35941412934962735,0
191,0.20092520335876118,0.3612395029205203,0
192,0.008096572925214485,0.3625290262637252,0
193,0.32183601737060763,0.36319582952254104,1
194,0.0039278267625186825,0.36386384108400516,0
195,0.11167602641128527,0.3647470250666054,0
196,0.10008461930740775,0.37010043645003643,0
197,0.02932857568810998,0.3703553773578856,0
198,0.025313379552292514,0.3730644330987112,0
199,0.014213015564599418,0.3730644330987112,0
200,0.03220899189681292,0.3739648747278096,0
201,0.2917339371982174,0.37512617725991015,0
202,0.20235202809090302,0.3754071350373106,1
203,0.03969418742063768,0.3761452341617574,0
204,0.007035534717837022,0.37714098634714566,0
205,0.034447429601138,0.37866351357771577,0
206,0.29076679432138497,0.37971888219624716,0
207,0.022096444331736742,0.38111340503714985,0
208,0.383096573328195,0.38389401693693737,0
209,0.10181649211438915,0.3847308464061331,0
210,0.17216362296485033,0.3851536393184518,0
211,0.08760916026418708,0.3853917638079133,0
212,0.041085698008400784,0.38862349547242014,0
213,0.0008738395208875982,0.3927392219030791,0
214,0.04613318141657918,0.39585103201502747,0
215,0.061145927554115076,0.3972696620490559,0
216,0.07135041666490649,0.399462007852493,0
217,0.1356570566852051,0.4008556342621711,0
218,0.3116448702164345,0.4014965224396724,1
219,0.18158593514394583,0.4036753333886085,0
220,0.07470616792077445,0.4052435124317537,0
221,0.006997947719641684,0.40533954674184713,0
222,0.021805222646471556,0.40537833218294905,0
223,0.003378091153307672,0.4057698228388087,0
224,0.14043579800654438,0.4062844399083725,0
225,0.04728067865870811,0.4079774407347634,0
226,0.01223499262989225,0.40839428001307554,0
227,0.09412156362235757,0.408577480744579,0
228,0.0634428230213272,0.41126315171974326,0
229,0.33793386309865237,0.4113557743396019,0
230,0.07950922284876427,0.4136668041405671,0
231,0.009675742605354087,0.4154583384425883,0
232,0.1879319740174058,0.4159255040751366,0
233,0.0008582783614129452,0.41728947824308205,0
234,0.027914923401088365,0.4173202627972006,0
235,0.11322218546064622,0.41988663117044367,0
236,0.007149368675570922,0.42162497138642074,0
237,0.04485584924566832,0.42484158759368007,0
238,0.226413403821764,0.4300475245648291,0
239,0.31139902576103207,0.4331136352535515,1
240,0.18165814608956277,0.4432515651324239,0
241,0.1363420538412533,0.4484405125759272,0
242,0.41320584369545754,0.45042827574689903,1
243,0.1427350605898975,0.4540090986219536,0
244,0.07712410902111755,0.45578453275590514,0
245,0.09481026168966689,0.46060031598797135,0
246,0.11707719587041043,0.46060031598797135,0
247,0.41310075974309013,0.46377189041719125,1
248,0.4319814152910716,0.4657362878302179,0
249,0.3367349015238441,0.46915194152952877,1
250,0.04191514567475785,0.47877747483598276,0
251,0.4735860112748169,0.48284132406875935,1
252,0.06197316546158005,0.4841265607178158,0
253,0.462359563176989,0.4855965416024053,1
254,0.40711919437515587,0.4915220670870808,0
255,0.4052435124317537,0.5021900246254397,1
256,0.09330654337383981,0.5045863568384701,0
257,0.2945026027156594,0.5074708440220171,0
258,0.07282144077080899,0.5116509568265775,0
259,0.26906195913371267,0.5156507670655669,0
260,0.47243404997097815,0.5209892963566947,1
261,0.3459898484959806,0.5249579694323948,0
262,0.11353256607000328,0.5259409086235098,0
263,0.4301035316231301,0.5259502431522641,0
264,0.0558216374688395,0.5289035317527405,0
265,0.309961048602868,0.5296538466314817,1
266,0.5106290077264511,0.530710036687314,1
267,0.3538326189745299,0.5356063469856417,1
268,0.1014582886358496,0.5375302178597723,0
269,0.10462920000122078,0.5379689381593757,0
270,0.41320584369545754,0.5444797438499197,1
271,0.020471318401267036,0.5499735594370703,0
272,0.5396724310214892,0.5543035771912572,1
273,0.3648033872426928,0.5545090214696721,0
274,0.5160832382623711,0.5554324803114691,1
275,0.28204993148646285,0.5597480936860492,0
276,0.5160141146384418,0.5623855213420945,1
277,0.5253659994617287,0.5730166934336044,1
278,0.5355936824869838,0.5810951551591689,1
279,0.5187937350527932,0.5845389706633507,1
280,0.3441694700457023,0.5845868938615948,1
281,0.48847222893147146,0.5894105087188499,1
282,0.5372710576965637,0.5928469924195301,1
283,0.5871068982200697,0.594927578262863,1
284,0.5652115275685473,0.5963573670575664,1
285,0.4122393902673318,0.6052228424093523,1
286,0.5882244642907511,0.6080993679970165,1
287,0.5160141146384418,0.6100421373732637,1
288,0.5289465596584664,0.6180176164922935,1
289,0.4805318346388707,0.6208484840710188,1
290,0.599184099110262,0.6231015725484521,1
291,0.5486165343743238,0.6246957619511732,1
292,0.2789358728396665,0.6286066332881006,1
293,0.24994964260364982,0.636170523293724,1
294,0.5955539865314784,0.6417573863658972,1
295,0.4774831830152817,0.6453776987891418,1
296,0.6248183805893615,0.6459969543164981,1
297,0.40802931098789463,0.6473561701487489,1
298,0.4976666000571657,0.6558963475740947,1
299,0.5955539865314784,0.6584166391128999,1
300,0.6470326195057147,0.6587051298501112,1
301,0.4169760862355826,0.6590292143510121,1
302,0.6158409581748817,0.6604532667071613,1
303,0.46167198016570343,0.661852649908659,1
304,0.62893923695066,0.663255432864415,1
305,0.5677017270709498,0.6646191480799964,1
306,0.6583899583643541,0.6662297199995338,1
307,0.6382773008181943,0.6664436012993005,1
308,0.4753707554131491,0.6671381600509098,1
309,0.4755753973467747,0.6696355451685068,1
310,0.6397555936826609,0.670748062756961,1
311,0.5131615732268171,0.6781465810496896,1
312,0.40728178808383364,0.6809196679923084,1
313,0.6372273728212094,0.6823389939254831,1
314,0.524322564126162,0.6829766229966711,1
315,0.6565706028948398,0.6891086297808582,1
316,0.6240132242406722,0.6894797269446254,1
317,0.4719527404317284,0.6903145989538169,1
318,0.5588367216438769,0.6926906524346641,1
319,0.5706035613356668,0.6934236710235586,1
320,0.3831691770340362,0.694846328652298,1
321,0.6338735568589938,0.6956589944082511,1
322,0.4929169175721887,0.696875960511498,1
323,0.639769541523755,0.6978770972527064,1
324,0.1107594160525065,0.7003311123844119,1
325,0.5074708440220171,0.7045292729517731,1
326,0.2836938669487059,0.7110439621849802,1
327,0.633706805728756,0.7111792121390058,1
328,0.6245320726538462,0.7155506158281371,1
329,0.2826812392889534,0.7168453571801,1
330,0.5990165863108713,0.7186794698419295,1
331,0.6815139057091077,0.718752471359193,1
332,0.4566611956152732,0.718942723911705,1
333,0.2941520141231361,0.7194313465633241,1
334,0.40839428001307554,0.7213712298389788,1
335,0.46974235395912023,0.7222301124775709,1
336,0.5736859702004827,0.7234265478732507,1
337,0.5427618809470055,0.7245026214188978,1
338,0.6888523398534846,0.7274768195301342,1
339,0.6789585665327054,0.7275041771131817,1
340,0.42111142225154996,0.7278654258776714,1
341,0.6998052514316372,0.728908229522892,1
342,0.7202234641404607,0.729141945571395,1
343,0.5199759789382813,0.7315613937305896,1
344,0.20235202809090302,0.7325035383957912,1
345,0.5645506871430717,0.7340478024110999,1
346,0.5340218901105972,0.7350593890311624,1
347,0.480149887315343,0.7393101268172177,1
348,0.7016096148570732,0.7395842523609578,1
349,0.3291642821162152,0.7403863148403755,0
350,0.5652630668890042,0.7407496934703268,1
351,0.6062536549094626,0.7412048924322117,1
352,0.7155519326680408,0.7455362704735434,1
353,0.6386274901848156,0.7469915846353066,1
354,0.590444514941722,0.7475859846132427,1
355,0.617792558079934,0.7499090035798296,1
356,0.33730438950436903,0.7502111290756087,1
357,0.5752386139282247,0.7503338835733657,1
358,0.368694914477942,0.7512310115625418,1
359,0.4811180162480927,0.7529394119971472,1
360,0.32170998473011736,0.753534644298528,1
361,0.5106290077264511,0.7569827655085639,1
362,0.2495405498848111,0.7622139187474839,1
363,0.5199213975238391,0.7642734113834373,1
364,0.47877747483598276,0.7664063234940687,1
365,0.608625673491779,0.7670958540438135,1
366,0.6177644488218315,0.7690446928598658,1
367,0.614662553805853,0.7695736778844638,1
368,0.7161474571937044,0.7697370412969731,1
369,0.47982836420310604,0.7701760896580339,1
370,0.6826270038021995,0.7710055138988298,1
371,0.6975246246973469,0.7720700776680055,1
372,0.6826270038021995,0.7728157214379958,1
373,0.580178813455,0.7730673227122218,1
374,0.5872297333845055,0.774454188503824,1
375,0.6116891437612473,0.7746521557809779,1
376,0.7151695804077398,0.774998319575255,1
377,0.4577053780848136,0.7752078862208961,1
378,0.6713527352615014,0.7766639805293957,1
379,0.6586105352532475,0.7780265993220435,1
380,0.7686578231506657,0.778538669114363,1
381,0.5308562887378827,0.778920926841215,1
382,0.6737266485413616,0.7816897101234415,1
383,0.3550962461611499,0.7827475175824892,1
384,0.4516270863238877,0.7829967087198839,1
385,0.5618379273531309,0.7835736559965562,1
386,0.6130531163540175,0.7846623199640128,1
387,0.6161117181954688,0.7853894399782902,1
388,0.4458226551113019,0.7860307813042291,1
389,0.4963223454805272,0.7864779317411429,1
390,0.4889746950168382,0.7866422606974989,1
391,0.3944459788305602,0.7866759223705567,1
392,0.5951174551205454,0.7877071165900174,1
393,0.6077421470400429,0.7888517262993898,1
394,0.6258544211413443,0.7893304190321615,1
395,0.7860862209642747,0.7895806336428046,1
396,0.5277581481326842,0.7903943456742973,1
397,0.5836107222548281,0.7916712238181939,1
398,0.573998456853271,0.7924958492401034,1
399,0.5935480041525337,0.7953347440853532,1
400,0.521852267417225,0.7977490945867524,1
401,0.676257439737981,0.7984725361241121,1
402,0.5543444159991242,0.7986065723358444,1
403,0.7899106602802312,0.8015697423148695,1
404,0.6751972597398594,0.801966881571737,1
405,0.6216168652772447,0.8023382406129714,1
406,0.504196233809017,0.8028266246389754,1
407,0.47982836420310604,0.8039621167959222,1
408,0.7110495920077978,0.8042168235711425,1
409,0.2680839698233428,0.8042419534625517,1
410,0.6779741313958944,0.8046671751142055,1
411,0.7480392605625359,0.8048312443557688,1
412,0.3632538117066696,0.8076492113729639,1
413,0.5279696862921859,0.8101616971038234,1
414,0.747400138143123,0.8104408874803202,1
415,0.5979628178655345,0.8104495492612753,1
416,0.4902351876494687,0.8111018977765329,1
417,0.5944025702210559,0.8137555113699562,1
418,0.3847790034163262,0.8147685511758391,1
419,0.6358021897650674,0.8150124865287536,1
420,0.6299645281222753,0.8182291180268011,1
421,0.3538326189745299,0.818810691715045,1
422,0.4976666000571657,0.8196499355875521,1
423,0.6099390806205331,0.8223029208121405,1
424,0.5356278629344472,0.8229689985037618,1
425,0.5510667017985923,0.8231894270563118,1
426,0.5922726833263687,0.8235833898337201,1
427,0.5237503567524618,0.8246853456124561,1
428,0.32183601737060763,0.8271909831987901,1
429,0.5058161953985697,0.8279741643682645,1
430,0.7976548578903799,0.8306254151785372,1
431,0.6682854988791622,0.8348016356012805,1
432,0.44634417640430724,0.8351748558045173,1
433,0.5867890891170314,0.8353161724708612,1
434,0.744103381506215,0.8360099553062958,1
435,0.5697104673583686,0.836176882113683,1
436,0.7120443888142791,0.8365597629394067,1
437,0.4568682658796458,0.8368189216568807,1
438,0.5116509568265775,0.8370418474842121,1
439,0.5452156858637128,0.8392721999192154,1
440,0.7724292885764957,0.8394731307798563,1
441,0.6273011678767769,0.8403351584603279,1
442,0.3831691770340362,0.8409593982970558,1
443,0.4224289174325536,0.8412730150040367,1
444,0.4975890977989309,0.8424427983867472,1
445,0.49463639277920335,0.842577452873206,1
446,0.8357132381876797,0.8427050526692937,1
447,0.4682757529462328,0.8437144510419462,1
448,0.6595917706186135,0.8464844669400365,1
449,0.5577117926743264,0.8467428154061529,1
450,0.766687508552913,0.8482514983350321,1
451,0.5341741273935452,0.8497054903933875,1
452,0.553198739920597,0.8499954243537824,1
453,0.6371256480758511,0.8503770657606831,1
454,0.7398368917310549,0.8524045075513244,1
455,0.5587326998858179,0.853030497991972,1
456,0.5020330500211821,0.8530793083415301,1
457,0.6523917801824867,0.8547447050240484,1
458,0.4540090986219536,0.8561944160829723,1
459,0.5380148679506974,0.8563658492754956,1
460,0.6458972091567277,0.8569927018451703,1
461,0.41320584369545754,0.8573023389045327,1
462,0.6177272729207982,0.8592870737288177,1
463,0.5552532537954706,0.8596187910160666,1
464,0.5502034117896254,0.8604908971360059,1
465,0.8238668009269496,0.8639264897916132,1
466,0.8227142806673124,0.864402087934254,1
467,0.7680005546412247,0.8667537715995652,1
468,0.47750262563278356,0.8685919591104904,1
469,0.30747196791683706,0.8686216164077123,1
470,0.5146464815594631,0.8706124803077916,1
471,0.7508564913004444,0.871043843160586,1
472,0.6946808745260028,0.8716498241851232,1
473,0.6177272729207982,0.8723970136238423,1
474,0.4577053780848136,0.8724925711520444,1
475,0.528055243297389,0.872704474299054,1
476,0.6523917801824867,0.8730820734231362,1
477,0.7978432542883812,0.8754607108940352,1
478,0.7207131709897898,0.876450372865135,1
479,0.744103381506215,0.8766162574740787,1
480,0.5277562380096161,0.8792024459459398,1
481,0.6491808657899933,0.881534518929584,1
482,0.852787085661757,0.8821494718622322,1
483,0.61612975619807,0.8823044047824387,1
484,0.792029053140418,0.883025925210591,1
485,0.5173702130754576,0.8833412947920078,1
486,0.40802931098789463,0.8836756571667297,1
487,0.5297913517451783,0.8842219809170692,1
488,0.7826752060852786,0.8858922263789283,1
489,0.6559857662493582,0.8866784717268169,1
490,0.7099150150625813,0.8868322376200904,1
491,0.8606395929447476,0.8870925664856981,1
492,0.6676003834519136,0.8890436485591743,1
493,0.6258544211413443,0.8897250716060643,1
494,0.6920127742141124,0.8906204387244323,1
495,0.7862810843620291,0.8908517348807918,1
496,0.6821318576859922,0.8914384676838015,1
497,0.6081170574194174,0.8923608583673595,1
498,0.4979046706925385,0.8925298209490932,1
499,0.7080407295408176,0.8927800353152934,1
500,0.5792454642392739,0.8928302906995893,1
501,0.6949979837575544,0.8937554135910061,1
502,0.43786880462617717,0.8946868786862607,1
503,0.30309945617132295,0.8950666775711095,1
504,0.5308562887378827,0.8951183360941466,1
505,0.783661874877823,0.895148488977847,1
506,0.6281698257608714,0.8952937595339058,1
507,0.5211323513877867,0.895611715402249,1
508,0.43491945472947247,0.8965111621439905,1
509,0.5585517646664813,0.8975596465662506,1
510,0.5587326998858179,0.8977337882893908,1
511,0.7607681077314736,0.8978013121840426,1
512,0.6216168652772447,0.8996019374452873,1
513,0.44634417640430724,0.8998292531100732,1
514,0.6877837379507744,0.9009781311341023,1
515,0.6635427404827918,0.9014877503183486,1
516,0.7927154729915215,0.902291879592304,1
517,0.4631823030676224,0.9022952186556467,1
518,0.581927875917568,0.902653455118141,1
519,0.5844117464963337,0.902774716408311,1
520,0.6560888815961138,0.903562868995638,1
521,0.7480392605625359,0.9041046489486847,1
522,0.7791904475917816,0.906064849398126,1
523,0.23100422307119217,0.9063698880134865,1
524,0.6826270038021995,0.9065497317891413,1
525,0.8226555930624824,0.9075776630798292,1
526,0.7218005922306144,0.9088038165690088,1
527,0.6083855672419385,0.9089227511066722,1
528,0.6066601385491683,0.9091093693757845,1
529,0.6299645281222753,0.909508301288935,1
530,0.6372273728212094,0.90971550659525,1
531,0.5957870542924638,0.9099743344192142,1
532,0.7513290866111291,0.9100007409364217,1
533,0.8161005105949517,0.9111088326916883,1
534,0.8387194628380236,0.9120253110624578,1
535,0.7780453961891002,0.9121546527544683,1
536,0.853905060841104,0.9129188249932898,1
537,0.6150680115868415,0.9129505129714159,1
538,0.8387194628380236,0.9141384763497821,1
539,0.6717420110220431,0.9141921019527698,1
540,0.5475745991181953,0.9142891638037263,1
541,0.6310641957472835,0.9150241899228112,1
542,0.5842052371236882,0.9161270035043044,1
543,0.5844117464963337,0.9168713572678148,1
544,0.5514448117419691,0.9174142609584339,1
545,0.35941412934962735,0.9174637571767044,1
546,0.5688222822527802,0.9175653421621224,1
547,0.6939783064032835,0.9185707025766867,1
548,0.8666167591428056,0.9194802905549962,1
549,0.5968220334603883,0.9205045174327063,1
550,0.70633758880434,0.9206772555277783,1
551,0.7149010231931325,0.9214560164582696,1
552,0.766687508552913,0.9218449655645189,1
553,0.568281915200638,0.9223063593088843,1
554,0.5771882915012626,0.9229618738013315,1
555,0.46195041162927153,0.9232103596471976,1
556,0.48828092809635404,0.923333461542439,1
557,0.9176716010949888,0.9243080674366851,1
558,0.5478512708370078,0.9251276629902838,1
559,0.4568682658796458,0.9253442688508191,1
560,0.8225614704262769,0.9261767529799949,1
561,0.7028926994755563,0.9263275740801963,1
562,0.46188985054745646,0.926357143989592,1
563,0.6920724213231263,0.9271935509041193,1
564,0.6382773008181943,0.9282559804856296,1
565,0.678002846583084,0.928458700480284,1
566,0.7151927721510135,0.9284629218822742,1
567,0.4733947477508872,0.928710391578966,1
568,0.7820392478529382,0.9293907390056874,1
569,0.9084273676877296,0.929429383321678,1
570,0.49603699653077116,0.9300020687830252,1
571,0.4975890977989309,0.9303139344986019,1
572,0.41883766917436116,0.9306370059854416,1
573,0.4735860112748169,0.9306652285118976,1
574,0.581927875917568,0.9307242961887828,1
575,0.3180943712719264,0.9308558113447074,1
576,0.5287393882762546,0.9309037695935682,1
577,0.5316879598090523,0.9317341891522712,1
578,0.6806369412288511,0.9322116105569832,1
579,0.524322564126162,0.9334720998208954,1
580,0.6067928811906264,0.9335392108269587,1
581,0.7252852771026232,0.9338132119442137,1
582,0.79129556114721,0.9340283620600948,1
583,0.6417052944173637,0.9341278363908853,1
584,0.5287393882762546,0.9345698125796564,1
585,0.49329299394218895,0.9346355296070086,1
586,0.5207192150584943,0.9347766284513367,1
587,0.7834417584702089,0.935118326138224,1
588,0.5427618809470055,0.935435831131787,1
589,0.5296633115009777,0.9363339285288609,1
590,0.6429689110094006,0.9368756618647018,1
591,0.4847130821026957,0.9370945010103685,1
592,0.47872116273036514,0.9388120471151676,1
593,0.45234261073891924,0.9391467614788015,1
594,0.5923374599935382,0.9398516586925602,1
595,0.4949697862213024,0.940505991519264,1
596,0.43518830856177504,0.9413508258577616,1
597,0.8917465244379869,0.9417400348336434,1
598,0.5405811821634368,0.9422036632247399,1
599,0.5933201820953826,0.9422445439491264,1
600,0.6022008362020154,0.9423723139037501,1
601,0.579703179779465,0.9423914212434016,1
602,0.47507652236842024,0.9430353372682858,1
603,0.7834417584702089,0.9433752591687781,1
604,0.5410920535555419,0.943430602341423,1
605,0.48122144900263975,0.9438074070544563,1
606,0.5452827313219429,0.9448357926962149,1
607,0.5617819778419314,0.9452883789763107,1
608,0.6801202926765115,0.9462072062980095,1
609,0.5755241125390573,0.9482808790222063,1
610,0.5538904390109468,0.948423007654259,1
611,0.7599620142548443,0.9494277751223787,1
612,0.5914511387072761,0.9497971852710023,1
613,0.6620720268719621,0.9503680209207379,1
614,0.4443216720499922,0.9506027256598089,1
615,0.6147794559678095,0.9506584674099998,1
616,0.6583899583643541,0.9522491043852434,1
617,0.5063440281514487,0.9533621072236563,1
618,0.39444153525891845,0.954187909816115,1
619,0.7153018336804386,0.9549839096973656,1
620,0.6779741313958944,0.9551938910032882,1
621,0.5344599576540326,0.9558926030542098,1
622,0.5415932384407858,0.9562948617077098,1
623,0.47243404997097815,0.9563859341633246,1
624,0.5389265352898864,0.9567044072624991,1
625,0.45524310870152085,0.9570219636269874,1
626,0.8475815443504781,0.9573749979413148,1
627,0.5706035613356668,0.9577623505913063,1
628,0.6586105352532475,0.9582147704168976,1
629,0.47530275983153236,0.9587761026758144,1
630,0.643135695102275,0.9596810354535774,1
631,0.5473901349989112,0.960996917614143,1
632,0.7153018336804386,0.9617696306461588,1
633,0.8517772549552293,0.9618063648522887,1
634,0.9348555773629774,0.9618600677844019,1
635,0.8532142907957065,0.9619363051714919,1
636,0.9529499569200947,0.9620097573719937,1
637,0.7615585342795249,0.9622952603625099,1
638,0.4979824914118386,0.9623778601373284,1
639,0.8666167591428056,0.9627630035540291,1
640,0.4745390648739578,0.963380764072303,1
641,0.5262613365884049,0.9638577606576991,1
642,0.5253659994617287,0.9647953226613778,1
643,0.7615585342795249,0.9654380701582186,1
644,0.492381289620376,0.9655992781837749,1
645,0.42339137918152914,0.9659321945495033,1
646,0.6849897192260578,0.9660914139713975,1
647,0.48460321510806914,0.9662262214451192,1
648,0.5277090359094795,0.9673139564991925,1
649,0.6014775017019192,0.9675154784043041,1
650,0.6520715452992323,0.967827227526149,1
651,0.4847130821026957,0.9678994307589058,1
652,0.5364958912978838,0.9702770993049702,1
653,0.5259502431522641,0.9704029183363063,1
654,0.7680005546412247,0.9704607845272961,1
655,0.5070340180758034,0.9712527361463618,1
656,0.6066601385491683,0.9721754408710521,1
657,0.6417052944173637,0.9741833769419224,1
658,0.6097001583625338,0.9744498263872412,1
659,0.4697223186492949,0.9759532548412134,1
660,0.4248630488441635,0.9769682216269626,1
661,0.5984733370633523,0.9770003064242015,1
662,0.7273661160559953,0.9770980628375135,1
663,0.511603748234685,0.9776137640582409,1
664,0.4103002738033036,0.97825869834597,1
665,0.4537918117058327,0.9790130442836961,1
666,0.32170998473011736,0.9795246841782844,1
667,0.61612975619807,0.9804100768842606,1
668,0.6907865649785833,0.9804380884699309,1
669,0.557589445609252,0.9807643276102456,1
670,0.5764163872211363,0.9807768043501562,1
671,0.5254187715898213,0.9809161255429661,1
672,0.5944025702210559,0.9811008930438708,1
673,0.4340237358320498,0.9812536085510374,1
674,0.8523587024762754,0.9815981353525867,1
675,0.617792558079934,0.9829564780906049,1
676,0.8417648764680196,0.9832788463526627,1
677,0.4365383846963764,0.9840979171762891,1
678,0.48460321510806914,0.9841399456125883,1
679,0.4180835785916578,0.9849756845877851,1
680,0.5100892874814115,0.9851832773079918,1
681,0.5977943175658662,0.9859719371974028,1
682,0.5536888865848468,0.9862503198376142,1
683,0.7331628301681639,0.9869108152960177,1
684,0.42484158759368007,0.9869339823553308,1
685,0.7074251828238001,0.987862656402024,1
686,0.47607264203194777,0.9888262988385225,1
687,0.5196936114704592,0.9893534640284306,1
688,0.511603748234685,0.989398238460165,1
689,0.46510980545932634,0.9900100140026937,1
690,0.47768513321732553,0.990331072159843,1
691,0.48896111769065576,0.9904582704367865,1
692,0.7689756449250267,0.9904883990781871,1
693,0.37512617725991015,0.9905657073541412,1
694,0.5747845794170303,0.9908938262119731,1
695,0.48917280068994184,0.9914321624282803,1
696,0.4543888543912934,0.9922810292009571,1
697,0.47607264203194777,0.9927987441228869,1
698,0.4724166923329014,0.9930931072988141,1
699,0.5259409086235098,0.994075545524846,1
700,0.4263198241710848,0.9943708635502704,1
701,0.45375242794642,0.994767268868889,1
702,0.5545090214696721,0.9952242914306193,1
703,0.40874474254966164,0.9956787556951847,1
704,0.49674473618887216,0.9959845545486598,1
705,0.3205529210114634,0.9963960251397167,1
706,0.4433846410355341,0.996980321936815,1
707,0.40589508266746566,0.9971518770950957,1
708,0.4259785241176983,0.9980191372988875,1
709,8.287709383958397e-05,inf,0
710,0.4192144073310693,inf,1
711,0.4235231406773654,inf,1
