,Birth,Death,Dimension
0,0.021263465506421886,0.03685074662456422,0
1,0.030104934302306097,0.03692946202102565,0
2,0.005654122347913515,0.03693457000152256,0
3,0.03595737889700734,0.038007915600595465,0
4,0.04671707865559904,0.04703876775153493,0
5,0.014540621171325263,0.04705072755851636,0
6,0.026746667648836264,0.04873183102893219,0
7,0.019778308211520712,0.052474009469654526,0
8,0.024909838422251362,0.05267332397210511,0
9,0.041413038450194284,0.054458096074743834,0
10,0.043130481577272395,0.061138588534697225,0
11,0.05332142441022736,0.06148954007210394,0
12,0.029857568670141332,0.06148954007210394,0
13,0.00825510094976778,0.06253575714722814,0
14,0.01713510518368544,0.06344342093362021,0
15,0.02264306323052967,0.06369667568635995,0
16,0.015389427661462451,0.06458325212034888,0
17,0.02850718242345729,0.06554119509977874,0
18,0.007522961943026707,0.06784139650980359,0
19,0.056567149834398145,0.06935475966082172,0
20,0.036672873331099476,0.07006391190377659,0
21,0.05291595123263726,0.07678124023287958,0
22,0.0386833726849124,0.07702113355195095,0
23,0.010487271396181885,0.0779156394585474,0
24,0.0136912358424639,0.07794881439020551,0
25,0.05677294053562332,0.07913378260808634,0
26,0.041441957024247245,0.07913595490122849,0
27,0.05223965704609046,0.07913595490122849,0
28,0.038168648333798405,0.07939339391756595,0
29,0.04273058524210127,0.08028688217638924,0
30,0.024686009773963957,0.08086999431622743,0
31,0.059805139129444296,0.08101430633954265,0
32,0.04874675363645997,0.08101430633954265,0
33,0.010656551535625725,0.08174866245337131,0
34,0.06475085710990192,0.08275954714225064,0
35,0.023463992361342334,0.08376506162609376,0
36,0.04573371746259147,0.08432840044364442,0
37,0.07462789259980873,0.0845577754947443,0
38,0.06430482222621159,0.08469158223804496,0
39,0.07635134667473575,0.08537610496604442,0
40,0.08727679362320517,0.08816441240790507,0
41,0.018423475061652095,0.09074431870904909,0
42,0.019353310820732883,0.09114275607009548,0
43,0.08660130597915117,0.09144296022789422,0
44,0.06913447892166302,0.09144296022789422,0
45,0.03701036246065326,0.09275985379896756,0
46,0.069928752105751,0.09377031022005977,0
47,0.07558963983084588,0.09447127596155247,0
48,0.06234993919895904,0.09698857873963584,0
49,0.03231663212370606,0.0969996361542268,0
50,0.08918998533888978,0.09715903956937588,0
51,0.07305058883955717,0.09715903956937588,0
52,0.053583976253343435,0.09781441483867959,0
53,0.03235162602330899,0.09884768630833762,0
54,0.02683910474629725,0.09897959556670566,0
55,0.08514234098654572,0.09955418397490623,0
56,0.03796251781179405,0.10058741672747551,0
57,0.02753187777891053,0.10075768978313959,0
58,0.09765607317532854,0.10157816123298335,0
59,0.07987484374079201,0.10253202233162739,0
60,0.017286576422175348,0.10312724199495915,0
61,0.07759253048086956,0.10324968364018061,0
62,0.0763134598528925,0.10364982930638444,0
63,0.05334389112088467,0.10687702004296107,0
64,0.070455005379495,0.10728633387161346,0
65,0.04637531033968456,0.10755836969255206,0
66,0.06307504736961722,0.10770188528560798,0
67,0.08924277799857638,0.1079065807723455,0
68,0.09560983542518287,0.10899721328276546,0
69,0.08245695733682301,0.10921586834281405,0
70,0.024570840350236933,0.10925454259380607,0
71,0.005495814982152125,0.10961968956839518,0
72,0.07466007302242827,0.11129660227218208,0
73,0.04294947512573166,0.11155458763671877,0
74,0.07942265982976726,0.1119167678094154,0
75,0.05754284184886205,0.11246558330456613,0
76,0.048582175887166956,0.11257643116582183,0
77,0.02638297163610459,0.11294145192630545,0
78,0.05712077219655287,0.11329680065644554,0
79,0.055365527407088,0.11386484148844134,0
80,0.045117266950569834,0.11651830997240853,0
81,0.07528787728961572,0.11659357422503391,0
82,0.0909019725035013,0.11684550339084265,0
83,0.09327090790766446,0.11726438413034102,0
84,0.09744020686123733,0.11748729442251582,0
85,0.05556341984145363,0.11749238308375987,0
86,0.10230118804843247,0.11805850015865493,0
87,0.08816010393177642,0.11805850015865493,0
88,0.06496577791593872,0.11818088598264176,0
89,0.09643863566951083,0.11842400557161159,0
90,0.0970675598045726,0.1201173993579494,0
91,0.0327788271057049,0.12033621683281859,0
92,0.011187034250985328,0.12086322838679286,0
93,0.03528914377820602,0.12200974243070795,0
94,0.07756346132907077,0.12240225617740819,0
95,0.03916319581556771,0.12277764817060288,0
96,0.10573631200930467,0.122855467858347,0
97,0.09991976746295739,0.12291745779000329,0
98,0.09258722756490612,0.12430176641664692,0
99,0.04750579406781141,0.12491583158232511,0
100,0.0258855730485813,0.12532254578385527,0
101,0.036146843940503715,0.12605537797569988,0
102,0.0696593320319312,0.12651203825435675,0
103,0.04286916291836684,0.12695254936836742,0
104,0.08953232234923192,0.1271533625868464,0
105,0.08399555125514235,0.12715991132364057,0
106,0.1085428950911127,0.12748022010300586,0
107,0.11052840431080779,0.1277532137649281,0
108,0.04008605473800997,0.12885229113153573,0
109,0.06952876101207972,0.12918676420841613,0
110,0.11568526645031518,0.12919177597488418,0
111,0.08732047686224409,0.12963139233605958,0
112,0.04317018268553885,0.130971244963759,0
113,0.10687455237146803,0.13175254610492515,0
114,0.03693457000152256,0.13265335419968505,1
115,0.04565395273962558,0.1327691239683444,0
116,0.1071683032779236,0.1339855062606764,0
117,0.0032285814476353814,0.13436199092926104,0
118,0.08955097018739322,0.13559827769079769,0
119,0.013664969128017956,0.1357957666940487,0
120,0.05139168757228818,0.13632514882516444,0
121,0.05374896134326668,0.13725084002388588,0
122,0.06069108554157754,0.13796714118168918,0
123,0.06540541143455403,0.1381095792296667,0
124,0.13547109422109294,0.138242849885704,0
125,0.03592264845544324,0.1396569441268235,0
126,0.07953928238538033,0.14018245529075157,0
127,0.03184385727033012,0.14036057264296498,0
128,0.03801388250435811,0.14065459812044345,0
129,0.10195681296880421,0.1419276493930982,0
130,0.11242061045636853,0.14331960431025337,0
131,0.035095965219336334,0.14347114899450153,0
132,0.1118520796015664,0.1437060843821255,0
133,0.03114572029792828,0.1437060843821255,0
134,0.1267813827069837,0.14393592443911263,0
135,0.07649618869563979,0.14403448292002785,0
136,0.03885312568076238,0.14423999197650572,0
137,0.13189585436696427,0.1449876860644438,0
138,0.10390255102119073,0.145116948379025,0
139,0.021861812701327588,0.14572312908105023,0
140,0.011641411037346283,0.1463107097446712,0
141,0.09294726594749858,0.14768221263651038,0
142,0.1265002183170908,0.14777424381167648,0
143,0.14595054301851518,0.14819223842011386,0
144,0.07780485510021207,0.14885053717606112,0
145,0.11680668997824173,0.14905952107046272,0
146,0.011470318272630009,0.15005194198935368,0
147,0.057471685532705874,0.15005194198935368,0
148,0.0447203624312178,0.15072942441826842,0
149,0.006093978448494575,0.1510039376374902,0
150,0.13151030784247586,0.15120732880493692,0
151,0.08103855758305456,0.15120732880493692,0
152,0.09324114557840735,0.1516393584618836,0
153,0.06668792419326663,0.15180818063834056,0
154,0.03491242052628096,0.15201459537476203,0
155,0.07139024317879672,0.15202732854720036,0
156,0.0256829844511699,0.1523329101709815,0
157,0.13614998528963862,0.15313096162953643,0
158,0.060008788067346885,0.1534964873518121,0
159,0.02368632057294895,0.15466541372288667,0
160,0.03371660027160239,0.15478312450833465,0
161,0.0844957577629043,0.15521516250934508,0
162,0.02341360104653989,0.1554094880710013,0
163,0.09394060032942986,0.15542868001839805,0
164,0.13286028893195956,0.15642156547863817,0
165,0.10552524457245571,0.15644794410385998,0
166,0.03721291040555319,0.156699355316414,0
167,0.0802235981154551,0.15705854831121302,0
168,0.038543544337971136,0.1570685576317784,0
169,0.09310665049218336,0.1571763805390558,0
170,0.06382488634039729,0.15769041088533908,0
171,0.10896704046686945,0.1579203693238188,0
172,0.06101537329631279,0.15798394752190192,0
173,0.03732340375145937,0.158108025157648,0
174,0.06299907652220527,0.15823555638419684,0
175,0.07535207757954365,0.15829300247843148,0
176,0.13355570794976634,0.15908454011902573,0
177,0.10169746491285803,0.15909992815372276,0
178,0.12890769694488335,0.1591592214556703,0
179,0.0416684276274738,0.15923273543090743,0
180,0.10039888248422757,0.16030803903113067,0
181,0.10806440273372697,0.1607725781488224,0
182,0.09155941701313575,0.16118587330819845,0
183,0.04210728795972296,0.16213335194630263,0
184,0.10385223870656446,0.16239435991365847,0
185,0.029066134093248874,0.16279331444144407,0
186,0.11738806663872914,0.16279526863361493,0
187,0.017154455851827732,0.16356287561802674,0
188,0.13599467903082574,0.1635675327500138,0
189,0.03693731452213489,0.1636251195659082,0
190,0.11713860412219834,0.1637134284030357,0
191,0.07519436144452285,0.16392483122239576,0
192,0.10659552599457245,0.16407544323602885,0
193,0.05989926074556995,0.16482321103161368,0
194,0.03857811553135593,0.16532235126160388,0
195,0.06745564379069591,0.16579326822642348,0
196,0.1559062618603636,0.16630939500590391,0
197,0.16048261621866278,0.16762531719705076,0
198,0.09542662129179968,0.16768788589523265,0
199,0.04445169258112236,0.16800244950406917,0
200,0.1629997166396686,0.16802415215294197,0
201,0.10359136468312302,0.16965199654416552,0
202,0.05030546773637745,0.17002960194442873,0
203,0.013407633457419466,0.1703474218238349,0
204,0.07633208882621523,0.17067309593099622,0
205,0.07928884054219976,0.17067679704972205,0
206,0.15507802222289124,0.17125827740351485,0
207,0.024910471617401564,0.17131441280752713,0
208,0.04070437265471971,0.17135271592710122,0
209,0.04407075369525726,0.1728596140510581,0
210,0.053655651068974186,0.17416398032267522,0
211,0.006109153850011317,0.17506828470216917,0
212,0.04119729985590925,0.17520292816159755,0
213,0.04457565260037466,0.17552597508316659,0
214,0.019553006519791638,0.1757970770920696,0
215,0.0471097509711621,0.17670331535889505,0
216,0.051851202698385945,0.17694585184720613,0
217,0.15265077092735313,0.17781756946828986,0
218,0.003261244548080966,0.17859611205881742,0
219,0.04024300041317519,0.17867008768350234,0
220,0.03913681160365401,0.17874636115700104,0
221,0.08201990315969565,0.17888205056588735,0
222,0.02302254553934069,0.17890629160598304,0
223,0.07858339916636559,0.17893018229449986,0
224,0.08376746822303538,0.17924094394490142,0
225,0.1575727755128702,0.18005273379875242,0
226,0.04242860530063319,0.18034661600537538,0
227,0.02672708816240843,0.18034661600537538,0
228,0.1338218522805419,0.18108150985090543,0
229,0.09509121079967553,0.18170632755058602,0
230,0.11189266433047917,0.18180436165810643,0
231,0.10460869034266707,0.18180436165810643,0
232,0.1358895291925616,0.18291656947128954,0
233,0.12147953090602792,0.18302742303677066,0
234,0.0211360423766509,0.18372345079895502,0
235,0.025758853170240403,0.18398438510582005,0
236,0.0077520741106009705,0.18398438510582005,0
237,0.03585837730284602,0.18488432691504975,0
238,0.009808573014638,0.18507615689595147,0
239,0.024978456665096238,0.18532746169245795,0
240,0.076207807507357,0.18538706845186714,0
241,0.1490754987129086,0.18543309034480437,0
242,0.1193761587227623,0.18549312322505573,0
243,0.028326143231470535,0.18549524446226429,0
244,0.08112346088444822,0.18636394669938716,0
245,0.1555933033395891,0.18639432023169633,0
246,0.13278624541871842,0.18639913996119217,0
247,0.040618495506827834,0.18661345353857617,0
248,0.09140176920855181,0.18685029253170504,0
249,0.06236061934894466,0.1869180752886641,0
250,0.12572166543689312,0.18706560774389613,0
251,0.09220128280907858,0.18732458769363836,0
252,0.09497094108522286,0.18751840319520352,0
253,0.032053605653322714,0.18759242798051345,0
254,0.04519545394222091,0.18796786689778577,0
255,0.12948719841600298,0.18804068061286694,0
256,0.08033794379371895,0.1891587206284624,0
257,0.1199603819261642,0.1893181084436758,0
258,0.1790483382006849,0.1896404296796026,0
259,0.15976961006340118,0.1896404296796026,0
260,0.10343041115076401,0.18965805172568406,0
261,0.14219767188943222,0.1897922803124379,0
262,0.15119381027555023,0.19001896989565636,0
263,0.11053189135201225,0.19017177682759456,0
264,0.06183938641138398,0.19088762069496457,0
265,0.009023300833792325,0.19089087435687924,0
266,0.13468241867369446,0.19168916673197245,0
267,0.10789615511574513,0.192046184658048,0
268,0.0678400383834542,0.1920554871718313,0
269,0.023486851273423093,0.1921054036649421,0
270,0.009904624844473409,0.1924486652531635,0
271,0.0997422026249355,0.19293793798821723,0
272,0.013529347853050155,0.19298493073048473,0
273,0.14013696711188706,0.19323155393281655,0
274,0.17866619379390525,0.1941086006592958,0
275,0.037243623318650165,0.19418322122780673,0
276,0.12723981402935802,0.19469735163247426,0
277,0.19074754485841416,0.1951662050935521,0
278,0.17671152717120242,0.19533878389270787,0
279,0.037738648851903034,0.19605112676445846,0
280,0.04883452853792869,0.1960730500644715,0
281,0.07069407110292858,0.1974773557229922,0
282,0.061547741645150866,0.1974773557229922,0
283,0.03861080712219922,0.1975123115949966,0
284,0.11204701120945626,0.1982844694201047,0
285,0.14742514448803135,0.1983842170486031,0
286,0.05831461700066898,0.1987230495732336,0
287,0.1385673468652453,0.19912620978209483,0
288,0.11404189344334492,0.2002644462409131,0
289,0.07243506449562398,0.20030870934218115,0
290,0.1818485036382852,0.20040198245330976,0
291,0.01464887990149999,0.20040198245330976,0
292,0.13437430066774458,0.20041905000435434,0
293,0.11333344740164775,0.20041905000435434,0
294,0.1740726924965087,0.2006734021730623,0
295,0.03854868464572847,0.20113492379312148,0
296,0.15321323521586605,0.20212228819078482,0
297,0.11658330210473855,0.2022512650105962,0
298,0.1275144366865807,0.2022512650105962,0
299,0.15909586983888158,0.20231689857336943,0
300,0.11668097188624205,0.2023988293151826,0
301,0.08905043263131351,0.2025455378863964,0
302,0.09077373736578809,0.20267301897425427,0
303,0.17451125427658376,0.20278308394618205,0
304,0.0892312948341819,0.20286703009219953,0
305,0.024480702523490994,0.2030031456880742,0
306,0.031188426415202364,0.20314662005072093,0
307,0.07074395244766607,0.20352352165279897,0
308,0.07862771741824592,0.20429830419649653,0
309,0.07860226158467987,0.20465274115850973,0
310,0.1111263581710995,0.20471157298998843,0
311,0.051476816387852065,0.2048275619475871,0
312,0.055477850859871336,0.2048420379796414,0
313,0.026664477318501745,0.2049021250790577,0
314,0.15484055658155305,0.2051461179069094,0
315,0.07359943716451911,0.2051461179069094,0
316,0.03297218428213833,0.20532724136893876,0
317,0.11087903890613537,0.20559096320493275,0
318,0.10749149639708266,0.20571742551914196,0
319,0.07721585450608448,0.205927989322489,0
320,0.13330221344248627,0.20596130681596447,0
321,0.17889755558984333,0.20629094416696026,0
322,0.02322563166544722,0.2063901426005954,0
323,0.11385806907723883,0.2063901426005954,0
324,0.0949537112573341,0.20744814389098476,0
325,0.15290066566617433,0.20794496815620145,0
326,0.16389582371638145,0.20810490017581074,0
327,0.16583439072042194,0.20827136091789322,0
328,0.03568103443216675,0.2084607385886299,0
329,0.015574569336980426,0.2084607385886299,0
330,0.09458883098605553,0.20862213835586818,0
331,0.14851729992035045,0.2088191854343463,0
332,0.08566847049773751,0.20894827442800024,0
333,0.08074339463719116,0.20949124567509358,0
334,0.06393517886916389,0.20986219157584884,0
335,0.16669046714802283,0.21017271265197524,0
336,0.19625895337027022,0.21030426757979104,0
337,0.0277929047865354,0.21039959023871124,0
338,0.20373576230004808,0.21057930788046142,0
339,0.13810624542060634,0.21064485933064858,0
340,0.13138489321329505,0.21078381983530536,0
341,0.1399887815619636,0.21093347902519155,0
342,0.08102815262542362,0.21100287158674014,0
343,0.08011657618437429,0.21155965772098928,0
344,0.08085987923681526,0.21184528773559652,0
345,0.1959732458365695,0.2130358331826273,0
346,0.20511158899742699,0.21342356314132205,0
347,0.0624726047607983,0.2135767382440239,0
348,0.057206797936399933,0.21360529079616108,0
349,0.19664131422445363,0.21360529079616108,0
350,0.12680321925779114,0.2139341434188633,0
351,0.058586120399543806,0.21403113543688013,0
352,0.09367417182719406,0.21426317195490463,0
353,0.12948693809380063,0.21446712151724212,0
354,0.13702528264928204,0.2150628501838603,0
355,0.11769177710848355,0.2150628501838603,0
356,0.0614744069865536,0.21508448433685978,0
357,0.031036901335824374,0.2151471811147957,0
358,0.04209909618031915,0.215791546493182,0
359,0.056505421138029255,0.21597011956389278,0
360,0.041019422338585576,0.2160593708058568,0
361,0.027546982865677028,0.21629323644213372,0
362,0.20633741116100346,0.2164502967883727,0
363,0.1723176729104462,0.2164502967883727,0
364,0.06346059990981812,0.21675503733585189,0
365,0.0024713561070141,0.21693330240515207,0
366,0.033237872798019374,0.2169668858803281,0
367,0.05930592463588302,0.2171596986965929,0
368,0.05792823019715132,0.2171596986965929,0
369,0.07495523627703071,0.21719867328138354,0
370,0.1624878787124857,0.21725516453216465,0
371,0.12115901140846552,0.2174666528167758,0
372,0.02250396471271643,0.2177479336835756,0
373,0.036245516213517015,0.21780224941602333,0
374,0.03909345655268248,0.2184156220375394,0
375,0.15005601770978028,0.21855132102008112,0
376,0.1980061875681567,0.21863777035789556,0
377,0.08215152794561531,0.21882314434109518,0
378,0.11493134653923553,0.21907955139860347,0
379,0.11024522638385681,0.21912941886652992,0
380,0.20075331569729704,0.21962741990213652,0
381,0.12392430956974898,0.21968940104572643,0
382,0.18467404231149187,0.2197717192043479,0
383,0.10790821033512832,0.22012329158636967,0
384,0.016337551409053463,0.22012329158636967,0
385,0.1951662050935521,0.22016569685389098,1
386,0.10284654273959293,0.2204312802550873,0
387,0.10675125197827806,0.22068665650188413,0
388,0.04730146088830156,0.22100610938064258,0
389,0.18252103587308632,0.22155671365247165,0
390,0.12594491005383912,0.22155671365247165,0
391,0.054600454324636116,0.22187625592087823,0
392,0.09383824348515513,0.22200085038793205,0
393,0.20962557010872251,0.2220763454158975,0
394,0.04239097898751876,0.2220974778688003,0
395,0.06349522789203754,0.2221257250405505,0
396,0.17017864376375114,0.2221825186964107,0
397,0.0534829773406702,0.2222521816320966,0
398,0.09266275695553305,0.2222521816320966,0
399,0.12855123724552475,0.22259382657511406,0
400,0.012384794306510183,0.22259705054339085,0
401,0.0483501055530523,0.22260514864194048,0
402,0.22063854717609843,0.22265853762288068,0
403,0.2129733351661467,0.22330846118874081,0
404,0.1714850575034481,0.2235602556293279,0
405,0.04371075209292552,0.2235602556293279,0
406,0.06403551322522683,0.2237915674465829,0
407,0.02080206048275679,0.22383027781968123,0
408,0.05503658505138809,0.2242738371616383,0
409,0.059901238617071306,0.22438820679838656,0
410,0.03513757591376787,0.22438820679838656,0
411,0.016846459275080106,0.22441816744474663,0
412,0.21999017321908898,0.22447394587837644,0
413,0.13197686822094767,0.22479194483556575,0
414,0.10252371564611273,0.22488210161060196,0
415,0.21413741369375927,0.22497160225412483,0
416,0.023044814752302023,0.22498193201145633,0
417,0.18099213526534852,0.22498978815868453,0
418,0.007444367990074752,0.22511381642878314,0
419,0.033318111813403606,0.22519249817573406,0
420,0.07165465542091276,0.22596155291347508,0
421,0.17416173464776996,0.2259884404049105,0
422,0.01835597528579913,0.2263646576334738,0
423,0.04755561864888447,0.22686120950697075,0
424,0.15902206119522833,0.22710507592036555,0
425,0.2022167375212336,0.22724118585260322,0
426,0.03254259956039296,0.22730523138680025,0
427,0.07073830391287961,0.22779929093585616,0
428,0.15478068764551334,0.22783521579979849,0
429,0.12407619138911574,0.22808273157190373,0
430,0.1383046929983629,0.2286052526043535,0
431,0.08395412222511689,0.2290546478326454,0
432,0.12313216509439318,0.22926939994482898,0
433,0.13101747499944127,0.2303625652896848,0
434,0.02151983737750618,0.2304897542779406,0
435,0.10710520354350206,0.2313340519370345,0
436,0.09806207170604175,0.23137929926516687,0
437,0.1036022896587605,0.23171751035029864,0
438,0.04879275669118588,0.23174541313722197,0
439,0.1893636317560996,0.2320838815856524,0
440,0.03303829537788938,0.23215693343562427,0
441,0.03196299961354809,0.23231513560209238,0
442,0.03580886911993353,0.23262160116550334,0
443,0.014536842329332056,0.23272594834172933,0
444,0.19790986011822054,0.233134325278042,0
445,0.10945312935602214,0.23315090333704203,0
446,0.04476726091395444,0.23315137344322245,0
447,0.029887547978458162,0.23356491374245103,0
448,0.14096354256088595,0.2339351216594625,0
449,0.08585674729935677,0.23489760682620353,0
450,0.05619939262060336,0.23489760682620353,0
451,0.05780171007073032,0.234940695949583,0
452,0.13650039201280129,0.23544208858267668,0
453,0.09528213788147755,0.23550836817184584,0
454,0.014634679521897787,0.2355948248259253,0
455,0.17447184775645186,0.23593246729001482,0
456,0.06873168924579098,0.23661315658049975,0
457,0.014643019937560342,0.23670204451350252,0
458,0.033535382425328386,0.2368759561492586,0
459,0.03602871988758061,0.23706726168178438,0
460,0.11859242098545564,0.2371482141138307,0
461,0.2244584956642287,0.23751470334327374,0
462,0.1923741559616179,0.23751470334327374,0
463,0.10605817257070571,0.23768208898471632,0
464,0.0546853865670035,0.2378523520512521,0
465,0.20321916794424488,0.2378523520512521,0
466,0.10296746012445213,0.2379480673711858,0
467,0.08051142288616242,0.23821725179347264,0
468,0.09323259584062027,0.23836851377927049,0
469,0.053549776786046666,0.23838577832932883,0
470,0.1281702900232986,0.23838763882213765,0
471,0.049198604368997145,0.23870741860759326,0
472,0.209208881483969,0.23922974273644615,0
473,0.03878900019888609,0.23940787445880307,0
474,0.0275365935530556,0.2402011234646334,0
475,0.0737921895183633,0.24109324231268225,0
476,0.046771088571301855,0.2415968929351321,0
477,0.13934548731483243,0.2417017911127154,0
478,0.10283495319343039,0.2419127782375875,0
479,0.06023685241233956,0.24224659644139346,0
480,0.09916644196354507,0.2423793955789808,0
481,0.0888123562164479,0.24253334098859192,0
482,0.02179246073477259,0.24261101640485228,0
483,0.09513706198899485,0.24283086998828096,0
484,0.19375642720499642,0.2428562155957701,0
485,0.05091236784110165,0.24292931508473947,0
486,0.0721118042611093,0.24292931508473947,0
487,0.010360395322516647,0.2432178339964427,0
488,0.08303351342340959,0.2433924885724682,0
489,0.02618693990170884,0.24344907539817462,0
490,0.15192013522402847,0.24369253250373635,0
491,0.0697016330956034,0.2442384786224303,0
492,0.0705329920796891,0.24443281023379804,0
493,0.16016187845362972,0.24448994802665935,0
494,0.11185622437672105,0.2447823326085673,0
495,0.022475862704725347,0.2448173106887157,0
496,0.11842313796869364,0.2448241816882356,0
497,0.1451693176100336,0.2448998014021777,0
498,0.07391715239361618,0.24572039271931556,0
499,0.05132198896516682,0.24573463610622748,0
500,0.03829427891558235,0.24573463610622748,0
501,0.1092705569206257,0.24579942511464226,0
502,0.16996725497054477,0.24581386927330284,0
503,0.175917439685643,0.24591189285429427,0
504,0.0658982827320137,0.24602105984320188,0
505,0.029549009430916984,0.2461681471627264,0
506,0.03176238561675748,0.24629821561074894,0
507,0.149091771165775,0.24630981529058704,0
508,0.010649895919439212,0.246850016087517,0
509,0.0402980836779373,0.24709161567994387,0
510,0.012182645986014262,0.2474437062750282,0
511,0.10404267591866156,0.24753290249147775,0
512,0.12791221784987505,0.24829760089583108,0
513,0.15034713697541324,0.2483658308922415,0
514,0.1269305314023097,0.24914508610469865,0
515,0.10539612861196634,0.24944079628464033,0
516,0.20323426636398745,0.24977282263007983,0
517,0.09629274985591496,0.2498816775542836,0
518,0.036678624088529066,0.2501513992505371,0
519,0.05731715817375738,0.2502261526356374,0
520,0.05119920073933215,0.25068078163917407,0
521,0.19447044104172673,0.25069845305505223,0
522,0.005487031695217137,0.2507461908912726,0
523,0.19210352115538232,0.2507461908912726,0
524,0.21696867173459378,0.25075684197964443,0
525,0.20352352165279897,0.2507701171231571,1
526,0.019342916851724512,0.2509607462855158,0
527,0.15962115993576798,0.2510966700344559,0
528,0.006654830343332585,0.2512911362086011,0
529,0.043880121665778704,0.2513727514718964,0
530,0.016356720049699014,0.2515504917333412,0
531,0.020133011492336594,0.25158416450336085,0
532,0.1954537370046746,0.2516366665487314,0
533,0.1649518920332862,0.2517608987837907,0
534,0.04504191054115103,0.25194795012913895,0
535,0.1488184645050703,0.25217070106002637,0
536,0.20929467978373129,0.25270031371152823,0
537,0.03378031414572058,0.25298915369920294,0
538,0.17688190616592014,0.2531918088036762,0
539,0.127215811181975,0.2532026360328149,0
540,0.07120821300305447,0.25321787905151805,0
541,0.09092409072992724,0.2532213820303296,0
542,0.10974484539676166,0.2532311632551214,0
543,0.07331282815990459,0.25424996905554287,0
544,0.05939342784264934,0.25424996905554287,0
545,0.038438887587683435,0.25457297072960716,0
546,0.15607708951353794,0.25499671869789864,0
547,0.0070086736877407185,0.25500604114074454,0
548,0.01595642054724511,0.2552973562361409,0
549,0.1927818913875221,0.2553456228722176,0
550,0.11564748839642902,0.255705158811134,0
551,0.19798041739493555,0.2560020348291314,0
552,0.011797920412417895,0.25645707032473974,0
553,0.053176234840603964,0.2568698388393401,0
554,0.026106799823108262,0.25746850441219016,0
555,0.17610913434164432,0.2575511697876035,0
556,0.0510074740945311,0.25756839626967554,0
557,0.03603566951161097,0.2576779711379016,0
558,0.0907243922368649,0.2576802752214018,0
559,0.004239456827906163,0.2576802752214018,0
560,0.24893819073995027,0.25786258311113897,0
561,0.05420734492059276,0.2579086571109489,0
562,0.01637045068224552,0.25800983384604337,0
563,0.13432774906475353,0.25800983384604337,0
564,0.23174297619173656,0.2580885634715956,0
565,0.25550172637044255,0.2581935693112206,0
566,0.12402692486440259,0.25830695561909933,0
567,0.01613135355403772,0.25886127625796607,0
568,0.2247393629659531,0.25921617890957205,0
569,0.054683405014378406,0.2595903078918903,0
570,0.07674446214410979,0.2595903078918903,0
571,0.05377672370131037,0.25969263852997193,0
572,0.04049931605633872,0.25992115172313646,0
573,0.02619233744393412,0.2599440057862641,0
574,0.04926900638383058,0.2600341103567334,0
575,0.13982654797015015,0.26021503413309743,0
576,0.21877279599702393,0.2602476375486429,0
577,0.11419536766723248,0.26048495723018084,0
578,0.09877349627366938,0.26054472032273046,0
579,0.05129354527165231,0.2608046560407393,0
580,0.012462653453686134,0.2608046560407393,0
581,0.10304340216968144,0.26081479283611975,0
582,0.2027493901005527,0.2618406343480413,0
583,0.06426150057466118,0.26197232254629255,0
584,0.011810472322445809,0.26235389527682307,0
585,0.08373921128396555,0.2627434904398085,0
586,0.24086255347592578,0.2627991472430342,0
587,0.08005832367164378,0.2628054072565956,0
588,0.11492294483960985,0.2629210937343309,0
589,0.10296294295572306,0.2629210937343309,0
590,0.07636425466505237,0.2632856255658468,0
591,0.016017061256653586,0.2634389361112939,0
592,0.06821667351432859,0.26354595465121,0
593,0.1603692106558795,0.26354595465121,0
594,0.11639898297311013,0.2636580531899513,0
595,0.2471136807325286,0.26411126268277696,0
596,0.24101111915322682,0.26444359023503783,0
597,0.023683105958795636,0.2647122093126496,0
598,0.19680070843749542,0.2648056760552173,0
599,0.004040699776759693,0.2648607618961145,0
600,0.1691867681341831,0.2651561592345194,0
601,0.01711744350967037,0.2652229775488917,0
602,0.25796464533273755,0.2652778255333902,0
603,0.24695606112692847,0.2657666747410714,0
604,0.11522542932683122,0.2657818227131912,0
605,0.21725846709655638,0.2660742227655195,0
606,0.2585234042622164,0.26635108304397737,0
607,0.15276477419952716,0.2668767634572067,0
608,0.038635755499199176,0.2668767634572067,0
609,0.026434704547221077,0.2670298159495047,0
610,0.12879852247076296,0.26706894424234573,0
611,0.2615358590418362,0.26722046045503545,0
612,0.053870772050422455,0.26729293244053876,0
613,0.005193916351242334,0.2674239400664965,0
614,0.08972750477687519,0.2674273954187567,0
615,0.16810902404770345,0.26743438587490254,0
616,0.00920143709971466,0.26751925452128866,0
617,0.16222649228040364,0.26757405025627234,0
618,0.045198985710526496,0.2676597644048595,0
619,0.10490744115839157,0.26781314305310366,0
620,0.12779913984810742,0.26802552598704965,0
621,0.23728379382749765,0.26819262585032155,1
622,0.13917058000995308,0.2682760207889673,0
623,0.0974631984168507,0.2682760207889673,0
624,0.07409618611917124,0.2689234228235716,0
625,0.07255679487091216,0.268929878547536,0
626,0.06125118506824334,0.2690688140795897,0
627,0.03154598387005347,0.2692000747254292,0
628,0.02170329896102463,0.2695886934025773,0
629,0.013587221899672874,0.26960680904437373,0
630,0.1100025869698692,0.26974221361477224,0
631,0.17407158546683676,0.2698010050736186,0
632,0.1327263986762589,0.2698764959289973,0
633,0.11487110508215637,0.2700827260236933,0
634,0.0564321454008444,0.2701035399502526,0
635,0.13615658043826762,0.2701240804563687,0
636,0.02605998510396046,0.27022203387710453,0
637,0.10134750862402653,0.2703694057908119,0
638,0.05832875377190183,0.27083363173488106,0
639,0.0217259353106366,0.27104197490050974,0
640,0.09250597129868066,0.27110562692592277,0
641,0.09304914891704152,0.27170930393524373,0
642,0.06414600710256424,0.27181142327171137,0
643,0.26995308440932275,0.27192059267815716,0
644,0.012661969184580846,0.2720336120134541,0
645,0.01883247789189335,0.27211001945425317,0
646,0.15724655552364397,0.27232849360351274,0
647,0.14361498829294383,0.27232849360351274,0
648,0.03927895936338088,0.2725005578356883,0
649,0.13667857589143406,0.27315095374422127,0
650,0.17552505504582794,0.27315678868374305,0
651,0.08893431593871903,0.2732433200287474,0
652,0.102967867277594,0.27333759255819645,0
653,0.018413426588816728,0.27347087852735763,0
654,0.26071648937487957,0.2735263305002569,0
655,0.1261684940832416,0.2739007161603363,0
656,0.1847540607817736,0.2739746732972135,0
657,0.2044086498236546,0.2740284538232577,0
658,0.07536312090618846,0.2742375644399495,0
659,0.10543500677158768,0.27433117265782636,0
660,0.0032186534135200118,0.27461619923769,0
661,0.044803395342132735,0.2756070530016347,0
662,0.033278829931353004,0.2756254321027306,0
663,0.1057230410476615,0.27564647933026665,0
664,0.08359670760571591,0.2758320598685102,0
665,0.05986289864959271,0.27613025154627224,0
666,0.06561057922184776,0.2764891208049064,0
667,0.08267715963993894,0.2770095217789873,0
668,0.05177828561178588,0.2771758797510029,0
669,0.2406626925567903,0.277554506041641,0
670,0.22351417219423442,0.2776343196729216,0
671,0.053406283279506805,0.27806824059007507,0
672,0.23653098384930005,0.2781675098631682,0
673,0.006583703551554354,0.2786952661830975,0
674,0.021499325742470266,0.27889735862258624,0
675,0.022667071364058766,0.27916731203622824,0
676,0.006994892777959616,0.2793743372378198,0
677,0.06599798680744573,0.28015383366868707,0
678,0.06884066234268837,0.2803162566862114,0
679,0.21486821413681267,0.2806299827980825,0
680,0.021350766409178323,0.2807359860188213,0
681,0.06858213152325288,0.2813812317653226,0
682,0.038451407723608444,0.28156329250747003,0
683,0.040241015860532414,0.28169065818647687,0
684,0.13364126612197502,0.28171750453229494,0
685,0.01745927485699872,0.28171750453229494,0
686,0.0471021195132858,0.281783110361288,0
687,0.04175402861942501,0.28208280919718565,0
688,0.11632815645624883,0.28208280919718565,0
689,0.032891557759778256,0.2821034704824843,0
690,0.041353434731302374,0.2824155337129419,0
691,0.010796457651780389,0.2826734800956464,0
692,0.23190770993632348,0.28283099139720824,0
693,0.042988714207273904,0.2829403821874501,0
694,0.06185309241152792,0.2829816870279812,0
695,0.12168130855173087,0.2830208627795504,0
696,0.018475278866346367,0.2830276705011887,0
697,0.2745791098292686,0.28333272330499937,0
698,0.09634221360991446,0.2833829127863998,0
699,0.11363487878494083,0.28338922817752854,0
700,0.05741659468637894,0.2837116254004234,0
701,0.26185916300939893,0.2839806017622788,0
702,0.07794820873738828,0.28415107218501245,0
703,0.037733650005705166,0.2846210279946091,0
704,0.02633596648432679,0.28471280075241256,0
705,0.053272190439517586,0.28487366942071524,0
706,0.02483225004734435,0.28504019658660484,0
707,0.027120713390703988,0.2850879086288902,0
708,0.16037442776600652,0.28541277714288704,0
709,0.17080300678627092,0.2854524259544653,0
710,0.10693157675776488,0.2858488490743766,0
711,0.08357920173522371,0.28585242147820245,0
712,0.16703892776332674,0.28593643372978184,0
713,0.10860836035028953,0.28593643372978184,0
714,0.04163867965062773,0.28613736874703555,0
715,0.1559621053514978,0.2862459611022621,0
716,0.05520197499353541,0.2863270344407214,0
717,0.019988364518029322,0.2870464382899106,0
718,0.0774498847901316,0.287713840961201,0
719,0.16081384671095067,0.28774808225314286,0
720,0.07233246178668629,0.28794088072953083,0
721,0.2279346110767969,0.2880195661039828,0
722,0.21217588491794526,0.28805099278114854,0
723,0.0711526147787106,0.28805099278114854,0
724,0.16653631668619662,0.288060336649407,0
725,0.045914821411889295,0.28833117012944653,0
726,0.01936699844792622,0.28833117012944653,0
727,0.05703730829740006,0.2884353917527118,0
728,0.10219350425939366,0.2886103181556037,0
729,0.17492763485561713,0.2886103181556037,0
730,0.2045983497780235,0.28878423173291334,0
731,0.02584532027739106,0.2889912648520345,0
732,0.18079698766251662,0.28909399622248877,0
733,0.0568122379055398,0.28931182354363816,0
734,0.08663435011685716,0.2902980147954619,0
735,0.04331558614010256,0.29030632357884,0
736,0.00955732606193882,0.29047122237059086,0
737,0.054272821089413004,0.2915172178422111,0
738,0.03766402084962328,0.2919887846404756,0
739,0.11321552581505157,0.29229096889651573,0
740,0.04369001994864952,0.29233560134003056,0
741,0.0845880497296797,0.2925733936760181,0
742,0.18158396558701606,0.29271803316681333,0
743,0.018228986546939385,0.2927681475226661,0
744,0.2878038707735867,0.2928809933511115,0
745,0.05083686786534092,0.2928809933511115,0
746,0.09169300231796396,0.29289321700458937,0
747,0.004333225373885585,0.29329907615492157,0
748,0.10229816772538647,0.29334186278050645,0
749,0.019182341165176253,0.29334186278050645,0
750,0.13419394247129757,0.29338832695582084,0
751,0.13272921358336076,0.29362738131444055,0
752,0.21084040883059563,0.29365811128989205,0
753,0.24425012245537336,0.2937692665419024,0
754,0.05675835924795647,0.29390707045115594,0
755,0.011464607436226348,0.2939832339542433,0
756,0.03586527131925821,0.2940515457958389,0
757,0.026403228982249005,0.29406689750639126,0
758,0.2740960749272916,0.29466499516626576,0
759,0.025018415575770336,0.294822951155848,0
760,0.02033511183025727,0.294822951155848,0
761,0.09830689131244508,0.2950183144848788,0
762,0.26218765971756086,0.2950183144848788,0
763,0.013167075322911725,0.29555147787999525,0
764,0.22250209568060442,0.29555147787999525,0
765,0.23883669211659764,0.2961614564731755,0
766,0.07867618554198619,0.2962654025587954,0
767,0.10950907578757163,0.2962654025587954,0
768,0.13907411379786605,0.29659077792693156,0
769,0.20577692552412308,0.2968542714372401,0
770,0.2615155418092814,0.2969650444158496,0
771,0.13595788855813673,0.2975626844780508,1
772,0.0839221484849525,0.2976514450026655,0
773,0.07282524325809847,0.2986419826288156,0
774,0.20193465615545048,0.2987331091198866,0
775,0.007372288793610071,0.2987613790883269,0
776,0.02996789062655225,0.2990576977481796,0
777,0.01775064698469031,0.29924711299471407,0
778,0.24986549277592718,0.30003936483245897,1
779,0.07585449949741396,0.30050037465107393,0
780,0.012010321815356884,0.3006562798689101,0
781,0.005254876752684545,0.300963254492139,0
782,0.21214327514662568,0.3010993789196683,0
783,0.09657166827722719,0.30127846419596127,0
784,0.030541768901287014,0.30137538086559845,0
785,0.057435223773955824,0.30156561382047187,0
786,0.042172542391987755,0.30190308249015363,0
787,0.0864861077418907,0.30213847488466783,0
788,0.03670311309721619,0.3024301769229565,0
789,0.06558865656085577,0.30251975759976246,0
790,0.05883476144796107,0.30261316160240737,0
791,0.04272166734238725,0.3027325470537756,0
792,0.031008589699819677,0.30349960722425007,0
793,0.1801584378477047,0.30372553029624283,0
794,0.0026974855992859537,0.3039848674298369,0
795,0.057713759061909564,0.3041462015854355,0
796,0.032330918574750345,0.3041567605158185,0
797,0.09312778113263764,0.3041748835739234,0
798,0.07640110107656795,0.3041748835739234,0
799,0.02222823203371327,0.3042187371990175,0
800,0.012904220384780007,0.3043836670276824,0
801,0.13058361407713115,0.3046017131084169,0
802,0.06352862249600622,0.304642532883721,0
803,0.00550054637357289,0.304642532883721,0
804,0.18807300025721396,0.3050654247732325,0
805,0.27681627940066555,0.30512353253428315,1
806,0.022639929840038486,0.3054575607724601,0
807,0.10189139042173234,0.3055696176474336,0
808,0.05194022177316082,0.30571378928474147,0
809,0.072162552436986,0.3058462692540398,0
810,0.24065552720283612,0.3060542457004348,0
811,0.09404208742129128,0.3060542457004348,0
812,0.28123805569133276,0.3061348965559012,0
813,0.02516460098046014,0.30693249070621864,0
814,0.200734289111006,0.30700367855937183,0
815,0.27387775811285275,0.3071130075430547,0
816,0.14540584418929747,0.3071698185077276,0
817,0.04052317480618095,0.3072057929705494,0
818,0.05511401581026176,0.3072259228552505,0
819,0.00810135988747196,0.30732421053061654,0
820,0.08620057574938922,0.3073277208657156,0
821,0.14657601396953313,0.30747069164802543,0
822,0.012726714714799248,0.3079910801039557,0
823,0.1401280677730954,0.3081394360197175,0
824,0.10738346546771937,0.30873912403929626,0
825,0.0482227363595108,0.30880473092895744,0
826,0.1832419479105316,0.3091616593772424,0
827,0.022334469948055102,0.3095905802611574,0
828,0.047628903993742755,0.3096230510164528,0
829,0.03690293855457738,0.31010557241439707,0
830,0.10174607638657385,0.3102207213160786,0
831,0.0046896285398349,0.3103714238738363,0
832,0.038359939549840516,0.31037746620761264,0
833,0.020650548213307585,0.3104820432310641,0
834,0.09519921264000963,0.31083033647108205,0
835,0.29523462340215956,0.310833243825962,0
836,0.0436161143919902,0.3110224854543261,0
837,0.010525935060058056,0.3112978680692092,0
838,0.06254866816282123,0.31178845034469216,0
839,0.30213632480977437,0.31215952280155645,0
840,0.022165040033359507,0.3128702755490853,0
841,0.031375267727090206,0.3132928412076881,0
842,0.09762106409560078,0.31340211360504855,0
843,0.029228467278276327,0.31341882148075784,0
844,0.11166382401210861,0.31341882148075784,0
845,0.017339788019225977,0.31350184199318387,0
846,0.07146340604942858,0.31359872715444703,0
847,0.12799134920087085,0.31364568665902137,0
848,0.10768567834749232,0.31364568665902137,0
849,0.043765212566628575,0.3136530594462511,0
850,0.033229098567315374,0.3138093566931034,0
851,0.06261462429576459,0.31413736071902687,0
852,0.09714220654920591,0.3141795186146904,0
853,0.30247804830012126,0.314236564044043,0
854,0.06399948045983173,0.3142613711748057,0
855,0.19627055618257272,0.31463669913279846,0
856,0.0035322237811856727,0.31463669913279846,0
857,0.1410724805864223,0.31472333460263446,0
858,0.04298810703610734,0.31493837219403575,0
859,0.1412863598119688,0.31513149920648265,0
860,0.011711409008223317,0.31513149920648265,0
861,0.01686184204250185,0.3152034721940066,0
862,0.19620968989085752,0.3152466665978536,0
863,0.00895801915901695,0.3152511568920471,0
864,0.07180722887226354,0.31534927470401797,0
865,0.29604036697218117,0.3154425692633672,1
866,0.05889914280409081,0.3155392363704407,0
867,0.040498735682623965,0.316035232540945,0
868,0.053749208380381885,0.3162624620853419,0
869,0.15995576678466705,0.3162624620853419,0
870,0.018691751370472964,0.3163356372543815,0
871,0.15537327871642592,0.3164042102451554,0
872,0.01159571593647013,0.3164513021349534,0
873,0.005320211844814016,0.31652856175908817,0
874,0.014353526183795151,0.3165523657233146,0
875,0.06510088860709806,0.31670954700386267,0
876,0.012055407296676424,0.3167472942895926,0
877,0.03862089380864808,0.31684473875420593,0
878,0.12013906473167946,0.3169698610267374,0
879,0.29876831773782386,0.31725407492578317,0
880,0.13749189889619973,0.3177383926115682,0
881,0.05004601141956966,0.3179340651795496,0
882,0.1712351716686894,0.31804661018249814,0
883,0.2931639297741965,0.31804661018249814,0
884,0.04830795586352088,0.318273592862386,0
885,0.29778046725511753,0.3182876450725012,0
886,0.07081562065188074,0.3185703816537111,0
887,0.002957380803441101,0.3190108997133495,0
888,0.3084900812059248,0.3190979422733844,0
889,0.0030930882870743304,0.31913199878503806,0
890,0.086457185362247,0.31927813989217435,0
891,0.30213847488466783,0.3193475286769746,1
892,0.04566159321976171,0.3199123847734098,0
893,0.3142009289694311,0.32002183198315437,0
894,0.005469226416051409,0.3200457120979381,0
895,0.013449852256005812,0.3202988974474176,0
896,0.04871235500503501,0.32057222083992487,0
897,0.04449493317097997,0.3208554750059227,0
898,0.06136544429450275,0.3209374544535676,0
899,0.026876393203125848,0.32127162716357704,0
900,0.03388230625341759,0.3214468380623028,0
901,0.09436490472462045,0.321624363188439,0
902,0.04582472731935128,0.3217422826744699,0
903,0.17135029021908332,0.32180399720647657,0
904,0.23745930018548134,0.32180399720647657,0
905,0.1292832528850305,0.321878057059767,0
906,0.30246691945681947,0.3219355084431005,0
907,0.05187002111448358,0.322141854550936,0
908,0.036740833574075205,0.32214427155929803,0
909,0.02130072206003708,0.3225837742832832,0
910,0.012406144874619662,0.3226430342768304,0
911,0.002853401234263475,0.3227600791256653,0
912,0.021735982396935416,0.3231809514754148,0
913,0.29219457680735883,0.32343703591214523,0
914,0.3227984356526591,0.32363972607177993,1
915,0.13327576601629043,0.32378024454555054,0
916,0.09629713449573785,0.32397133569663106,0
917,0.2262230730709679,0.3240297121072152,0
918,0.10015675024461146,0.32436941189123614,0
919,0.026477998228358723,0.3249017063489663,0
920,0.15826006949147042,0.32502296345964743,0
921,0.023029777984840183,0.32503981410380556,0
922,0.02990263825759798,0.32514918932518433,0
923,0.013811595812271427,0.3252174766865229,0
924,0.004997548550844333,0.32572453464113504,0
925,0.2646096051582697,0.32586601413787153,0
926,0.27824301528435125,0.3259855067107603,1
927,0.2613656628710178,0.32606551124355587,0
928,0.0049497593675275064,0.3267982783372101,0
929,0.04755513950085777,0.3271540763989752,0
930,0.062313258892136014,0.32723355275631505,0
931,0.02681084072888973,0.32757418520580983,0
932,0.24559271113762315,0.3276402090997269,0
933,0.051068152864133465,0.3277642392539386,0
934,0.08466915441575218,0.3277816679080099,0
935,0.03200236777083698,0.32785659918614907,0
936,0.09467347546624838,0.32785659918614907,0
937,0.022544526638402562,0.3280565821304898,0
938,0.013899517138553086,0.32811350552094987,0
939,0.019887922731689933,0.32811538013440933,0
940,0.05449435339347408,0.3282481675390708,0
941,0.007207117765127502,0.32840151051275257,0
942,0.08731789101963705,0.32924070002723804,0
943,0.2649322491521322,0.32935127878305237,0
944,0.11825177193932102,0.32985631785029546,0
945,0.3227600791256653,0.32993121638756606,1
946,0.010996240398909007,0.3299798331693974,0
947,0.003513654360704055,0.3306289946610528,0
948,0.3053506452398935,0.33074144630632996,0
949,0.039427757050743306,0.33074144630632996,0
950,0.01124708938031771,0.3308055840068177,0
951,0.006244671069531416,0.33099536685842257,0
952,0.14521462485831083,0.3310730590533175,0
953,0.029885760004470074,0.33118311649994936,0
954,0.026694250945643594,0.3312216772142912,0
955,0.04224705472356216,0.33125449957329567,0
956,0.30770745415034906,0.331358561326596,0
957,0.25755514284403647,0.33144877237470305,0
958,0.30675626283306323,0.33206765962929896,0
959,0.12657935821715116,0.3321215833831537,0
960,0.030130565177930557,0.3324622086804213,0
961,0.1611204612071464,0.3325048039179881,0
962,0.18034824009306305,0.33272073294814386,0
963,0.010926150039949123,0.33322325339503367,0
964,0.05694402564920742,0.3333869743507172,0
965,0.009647456346265404,0.33343855313477333,0
966,0.2514244072123981,0.3337400567809534,0
967,0.0890060333124989,0.33395307279771735,0
968,0.013858462370741398,0.33494633799051143,0
969,0.21640140136824548,0.33502506908897933,0
970,0.0620891522832987,0.33502787252648414,0
971,0.21510368876564712,0.3356076118792761,1
972,0.051381683443805226,0.3357682739236614,0
973,0.2104708903507263,0.3358060143704872,0
974,0.14171444896870578,0.3358883787607593,0
975,0.27319515159078245,0.33601795984058036,0
976,0.05364411087205723,0.33601795984058036,0
977,0.023165512665568322,0.3364365582273864,0
978,0.06112910762956758,0.3364365582273864,0
979,0.008989669817313861,0.33646350441085027,0
980,0.003204356274418285,0.33654529515322396,0
981,0.04062627802907326,0.3366731733829236,0
982,0.0034435291461438755,0.3375451924010977,0
983,0.11065614212213803,0.3375877519467655,0
984,0.0520616174375238,0.3377525114673926,0
985,0.008056039426674877,0.3379187298702486,0
986,0.18938626778992074,0.3385383508469487,0
987,0.026309370730233983,0.3386908016533814,0
988,0.17178889986070267,0.33870727233529907,0
989,0.2263268914910802,0.3391095728235448,0
990,0.10949320258746209,0.33991771973406226,0
991,0.12921403098560746,0.3404873702301431,0
992,0.005490799372991684,0.34055311181870895,0
993,0.1646380437130709,0.34070317302883046,0
994,0.04289021611537469,0.3408273338217427,0
995,0.015920137255476363,0.3409666715768528,0
996,0.02425785209451814,0.34117594930406303,0
997,0.007078748442424954,0.3413878157174579,0
998,0.01363033457499685,0.34142444033372354,0
999,0.005674900790077264,0.34154256366897384,0
1000,0.020324269521057703,0.34177806263134725,0
1001,0.000766330129347681,0.34244471158740175,0
1002,0.0886034334749739,0.34339344089343526,0
1003,0.016012176954767976,0.3437405995873144,0
1004,0.06171124195671274,0.3437405995873144,0
1005,0.10219228526639323,0.3441917817611567,0
1006,0.027616017239650348,0.3443338356144947,0
1007,0.01063306286506549,0.34510602338500596,0
1008,0.31728368311432253,0.3454424937426058,0
1009,0.02500817373293318,0.3455533409476077,0
1010,0.020019983672320385,0.3459143027639131,0
1011,0.0837505031538085,0.34626961064164574,0
1012,0.0752659643588951,0.3463315962496125,0
1013,0.01206230736733016,0.3463315962496125,0
1014,0.08527672815654275,0.3463553687696437,0
1015,0.19045961715437842,0.34661585706667164,0
1016,0.022053069964290017,0.3469374292115849,0
1017,0.018121104908893737,0.3469374292115849,0
1018,0.044330687218119946,0.34698425223529394,0
1019,0.22021094879531955,0.3477248061793424,0
1020,0.00168417927830955,0.34784697523893093,0
1021,0.2989557560631866,0.34815001271688994,0
1022,0.34718855915855673,0.3482105584300347,0
1023,0.27991712671679103,0.34838836808430707,0
1024,0.06550222739529887,0.34861008994173714,0
1025,0.19887259219251952,0.34889899910079003,0
1026,0.11367167539218714,0.34913228679044406,0
1027,0.0004360272983322533,0.349349896346663,0
1028,0.0022905614851748135,0.3494988176984972,0
1029,0.0407537888279208,0.34991479200495423,0
1030,0.020237738176704934,0.34993138488836983,0
1031,0.28382072669040737,0.35015108432766673,1
1032,0.13632861907832783,0.3506164110172514,0
1033,0.24650289042348394,0.3507360862045348,0
1034,0.35030869364918193,0.35076755456661046,0
1035,0.007331095162896206,0.35095648158538395,0
1036,0.01602221560898809,0.3512323682314106,0
1037,0.009187300969971446,0.3512510068811151,0
1038,0.05348517730607483,0.3513456279696493,0
1039,0.07545437677076328,0.3514296955719377,0
1040,0.15655330681224333,0.35150392820972787,0
1041,0.2174312698892763,0.3529787117965163,0
1042,0.2711775147919234,0.35315111114404163,0
1043,0.23043737818436905,0.35403275045654936,0
1044,0.2135576099052623,0.35443640401416676,0
1045,0.02002410359517104,0.3548582697032454,0
1046,0.003162982256991076,0.3549761277467828,0
1047,0.14680282253643306,0.35511498966874266,0
1048,0.15811393167075438,0.3553318644688229,0
1049,0.056597126203698056,0.35542249597925346,0
1050,0.06032553967620047,0.3554291561826106,0
1051,0.017760932822639686,0.3556399782241324,0
1052,0.30997549110766043,0.3558335042737344,0
1053,0.008377290152877803,0.355853897102266,0
1054,0.23045033441958251,0.356007038312972,0
1055,0.16630460710564954,0.35618746595121886,0
1056,0.08808875628504209,0.35620180368637355,0
1057,0.15822211594603497,0.3563168134587893,0
1058,0.2213897741768831,0.3563834774299758,0
1059,0.24857234540656115,0.35646846418781974,0
1060,0.0020316050010382725,0.3565690290835919,0
1061,0.08313703768641856,0.3568134050691476,0
1062,0.0048979851601749225,0.35709554455654957,0
1063,0.020865501169339717,0.35719774038333774,0
1064,0.013351649016329348,0.3572029564254059,0
1065,0.0061632508879709835,0.35745112043607463,0
1066,0.08507430561130136,0.357685485455733,0
1067,0.045649104379381855,0.3579348474552114,0
1068,0.18412781262559497,0.3585589555911898,0
1069,0.11494150937175951,0.3589999781211064,0
1070,0.008566969596818352,0.3590573122481713,0
1071,0.020785562280769998,0.3590944813425546,0
1072,0.2541020357912235,0.3592624538534913,0
1073,0.009824357306557063,0.3594553296557048,0
1074,0.03526657212604278,0.3595796244468321,0
1075,0.05164421278003095,0.36004297338622804,0
1076,0.0042788552561029425,0.36005790804902926,0
1077,0.27065930270154204,0.3602566121837141,0
1078,0.17490891774266737,0.36045025528202446,0
1079,0.05563277423103519,0.3604563357638293,0
1080,0.01460750059335747,0.3605581247847789,0
1081,0.24613158941453794,0.36075942157471386,0
1082,0.09237779623906739,0.36106885690160684,0
1083,0.27972568202101755,0.3611004159916663,0
1084,0.3583156048965541,0.3611639152814994,0
1085,0.31244213318196934,0.3611661256631621,0
1086,0.06186339551500053,0.36128027872135804,0
1087,0.23036669447220648,0.3615728755533134,0
1088,0.004858414754207119,0.3618056060838869,0
1089,0.028863913113944317,0.361878678698606,0
1090,0.0208863693625837,0.36191349614420576,0
1091,0.0664653879441881,0.3619922426454595,0
1092,0.07018506875847397,0.362300403095421,0
1093,0.10063973326447473,0.36240248947931697,0
1094,0.03371297920071792,0.36240843155309765,0
1095,0.223678047489836,0.36273312551383197,1
1096,0.3303633669293531,0.3628669075099261,0
1097,0.04139658109916433,0.3629506266161693,0
1098,0.01834380245533762,0.36321158719263114,0
1099,0.2669026090858153,0.36332968714127256,0
1100,0.014911034015193225,0.3635409564565394,0
1101,0.11781401853940399,0.3640099914259928,0
1102,0.044013401016607,0.36422921319770896,0
1103,0.004929948823840458,0.3644194341628266,0
1104,0.29406689750639126,0.3646337024388171,1
1105,0.056849352806404574,0.36521750277269005,0
1106,0.3637178407488708,0.36535322997221875,1
1107,0.004305303564172247,0.36540568193554646,0
1108,0.3024301769229565,0.3655947883943985,1
1109,0.13862928560278232,0.3661457768334131,0
1110,0.34624476272892424,0.3662796230157448,0
1111,0.02859595042373675,0.3664807280703464,0
1112,0.10285867476556865,0.3665324922006479,0
1113,0.3305578725263164,0.3668404521622328,0
1114,0.009228405164589226,0.36691675962263626,0
1115,0.13846726311270152,0.36725622256481216,0
1116,0.10907073479287377,0.3679812065680026,0
1117,0.06541572809428564,0.36842407235815533,0
1118,0.33932330304276126,0.36860650532319084,1
1119,0.10426269852345948,0.3686981910038869,0
1120,0.0619790061130604,0.3687394868866535,0
1121,0.01777924146027232,0.36874227206439336,0
1122,0.01854705340540086,0.36886234348953717,0
1123,0.07083403333871996,0.36893717900723166,0
1124,0.035651347121372745,0.3691946613507573,0
1125,0.12972909871225413,0.36940461702468796,0
1126,0.02122199286400772,0.36945809114500805,0
1127,0.29764084224085263,0.36961369680632805,0
1128,0.3293689615112413,0.36981143181755494,0
1129,0.12806437292514106,0.36981143181755494,0
1130,0.215380223547468,0.3699684588770782,0
1131,0.06918644202984958,0.3699684588770782,0
1132,0.04335716529024258,0.3700239993776495,0
1133,0.002148855164117336,0.37041301567544827,0
1134,0.07337941017663763,0.37068338005834633,0
1135,0.06507991050813922,0.3709557547556147,0
1136,0.04896273702942844,0.37113285948595265,0
1137,0.06522599640266646,0.37115107463789665,0
1138,0.020733127683841945,0.37124666500537584,0
1139,0.06949808837050253,0.3719082337070301,0
1140,0.2567270633735945,0.3719082337070301,0
1141,0.020873886276776776,0.3723772778996479,0
1142,0.35786513360510785,0.3725392569496705,1
1143,0.021227950027610687,0.3731631257056406,0
1144,0.31096511676761496,0.3731856149455324,0
1145,0.3433054599766907,0.37319203857805106,0
1146,0.34628546631288504,0.3737525238204389,0
1147,0.006520555506418613,0.37379256100409697,0
1148,0.1981855455696132,0.37393322051997535,1
1149,0.3587164018145188,0.3740398278199776,1
1150,0.030052996138355104,0.3744192915459559,0
1151,0.296459561833718,0.3744472281965764,0
1152,0.0037092314620444933,0.3745235445281978,0
1153,0.04015159421672887,0.3749448815506833,0
1154,0.19313831990821506,0.3753273949233972,0
1155,0.007403497153915417,0.3760335111887215,0
1156,0.009241788083502178,0.376890095247464,0
1157,0.014694914476084509,0.37770610683107064,0
1158,0.14161379506635274,0.3780714431641873,0
1159,0.08869109769562167,0.3791458079131408,0
1160,0.13600183198200744,0.37964540732726515,0
1161,0.1485371243908411,0.37970697835341216,0
1162,0.14883784383057974,0.37974684312695095,0
1163,0.03283222352382231,0.3800095372791089,0
1164,0.08129691978959286,0.3806382293651166,0
1165,0.03584680959954223,0.3806382293651166,0
1166,0.08537730199107774,0.3807362917061605,0
1167,0.2709352734813336,0.3811846287050097,0
1168,0.017494141535645324,0.3811846287050097,0
1169,0.12675101076432138,0.3814034525881441,0
1170,0.19292836938728086,0.38151216428922563,0
1171,0.3563927508996363,0.381626069598307,1
1172,0.0020155426848438296,0.38180751835862736,0
1173,0.2101716301750105,0.3819388228770666,0
1174,0.3618519868516342,0.38220441992669874,0
1175,0.0033500946045739166,0.3823927385723822,0
1176,0.2832286209482149,0.3826548393736998,1
1177,0.048487136999415203,0.3826738076205539,0
1178,0.19809132032916166,0.3830460051861926,1
1179,0.0007986323019338881,0.3830750020857867,0
1180,0.3620704400084652,0.38324900797630934,0
1181,0.3200259599247002,0.38331213481536464,1
1182,0.013544249046444246,0.38351725288953886,0
1183,0.21526074755840596,0.38382356338509016,0
1184,0.004471597204190436,0.3840991529295983,0
1185,0.14222266331581845,0.3842702199288419,0
1186,0.0714583385195322,0.3847273421633194,0
1187,0.09579311942990987,0.38475477143573533,0
1188,0.07865010539571926,0.3851296071600617,0
1189,0.022109632383213507,0.3851507262479361,0
1190,0.3814034525881441,0.3852292398320436,1
1191,0.003930974951596777,0.3857226859001299,0
1192,0.001465898222082651,0.38589316973808285,0
1193,0.2597004711197386,0.386116743540615,0
1194,0.29222803311255563,0.38684166426713074,0
1195,0.1515000540353859,0.38699213802846033,0
1196,0.03673565859211936,0.3872460142956172,0
1197,0.2818466782018486,0.38729595705845954,0
1198,0.01289649253833347,0.3878753684557471,0
1199,0.1931939092397773,0.3882356875892192,0
1200,0.059601374642890725,0.3882833915055256,0
1201,0.2573769564798919,0.3883017073807806,1
1202,0.005808533854652409,0.3884075617586671,0
1203,0.1703474218238349,0.38840905032555484,1
1204,0.0012360265695622319,0.38864088636083693,0
1205,0.06919143897462199,0.3888533897654687,0
1206,0.31893762576598317,0.38933514350163323,0
1207,0.008724969698203688,0.38933514350163323,0
1208,0.011562980401246703,0.3893873976385216,0
1209,0.15890714888286706,0.3897625026079409,0
1210,0.040471252340679276,0.3905114860814539,0
1211,0.005648989273735472,0.3905114860814539,0
1212,0.10563941511748931,0.3905587760973027,0
1213,0.05812761444023806,0.3909546348413041,0
1214,0.20266399631010645,0.3911114221074282,0
1215,0.13779797309042885,0.3911114221074282,0
1216,0.05371234025998828,0.3915541978817144,0
1217,0.05235463515048344,0.39161180062466916,0
1218,0.3709046848822861,0.39165816658818975,1
1219,0.07004650497438913,0.39193255064592414,0
1220,0.255308179160885,0.39195662562037425,1
1221,0.3216126595459554,0.3921170620356743,0
1222,0.3668787230504661,0.39250233416351454,0
1223,0.0012362593606589645,0.3926379590161526,0
1224,0.2776263587804775,0.3930194292068815,0
1225,0.12857173163835134,0.3935106791702342,0
1226,0.05412088127768733,0.39365440373273297,0
1227,0.06692628664640043,0.39394775830330575,0
1228,0.03258170572625174,0.3942576484897855,0
1229,0.030513363389160997,0.3950227698078683,0
1230,0.3064129304028371,0.395230663352517,1
1231,0.027314047478448455,0.39538497818852236,0
1232,0.040040477364337135,0.3958056320553749,0
1233,0.013139927947036889,0.395974349970881,0
1234,0.01245860857524872,0.39665394828575185,0
1235,0.0003939363120402106,0.39669160951192495,0
1236,0.31338692481583375,0.39701410059501696,1
1237,0.17428512427918563,0.3972618937440777,0
1238,0.27866963382370835,0.3973235992290015,0
1239,0.20562317946173614,0.39744922543546124,0
1240,0.0827122662247225,0.39780774443958977,0
1241,0.18276260616473905,0.3981396181382765,0
1242,0.020045894724138535,0.3981744912993852,0
1243,0.36732583118912954,0.39847328951640637,0
1244,0.25047836023918557,0.3985358497474373,0
1245,0.013643735459536566,0.3985946190862357,0
1246,0.06645935796311442,0.398690728173975,0
1247,0.002292054655309461,0.3988053531796325,0
1248,0.24474354903045892,0.39894387277681365,0
1249,0.06711662048550071,0.39917926003758875,0
1250,0.0623149272640775,0.39918395692255093,0
1251,0.004589480323803796,0.3993095577092054,0
1252,0.01729324437842894,0.3995479224787849,0
1253,0.13339669052685088,0.40169298089490113,0
1254,0.10600073244658925,0.40198467785294856,0
1255,0.0018309982682618298,0.40217204001203655,0
1256,0.3352076287680198,0.4027851423388399,1
1257,0.3017686933492235,0.4029439091117276,0
1258,0.29715558362062244,0.4033808936747786,1
1259,0.33400723410787514,0.4034950985352379,1
1260,0.19074240469931358,0.4035331654403006,0
1261,0.1270663905579119,0.4040752330138848,0
1262,0.0002860650738200077,0.4043128630453666,0
1263,0.09655337662810459,0.40443818888741956,0
1264,0.05307466064977995,0.4047792783940418,0
1265,0.15953159289866925,0.40496808835503983,0
1266,0.07314192647378737,0.40501997120632716,0
1267,0.0058002944835922055,0.4054609361993118,0
1268,0.24823688535831678,0.40568455729315067,0
1269,0.006584128602433736,0.40568455729315067,0
1270,0.12680634530165558,0.4061154172657542,0
1271,0.00018405303315927046,0.4069511076335356,0
1272,0.0535858560821002,0.40702591422081447,0
1273,0.00735809477419902,0.40717741153972187,0
1274,0.08591394302467581,0.40742063976570864,0
1275,0.008902426822757659,0.40758042424109286,0
1276,0.003174099106407202,0.4083992256278911,0
1277,0.0030724802422731345,0.40860972475560287,0
1278,0.16673548418195383,0.4086297506333917,0
1279,0.15548852964952065,0.40869765026422333,0
1280,0.09933022656927526,0.40873763226937565,0
1281,0.37391708332484064,0.40887217848971724,1
1282,0.2592251382893437,0.4091236485343216,0
1283,0.15537339314515286,0.4092831892374068,0
1284,0.07660047579739915,0.4096169060575202,0
1285,0.4051868927313049,0.4096545525521885,0
1286,0.0008771212401845752,0.4096865872316362,0
1287,0.0361867489979667,0.40980857643023805,0
1288,0.0004210173020046115,0.4099681232946374,0
1289,0.02232076756528034,0.4102876678075873,0
1290,0.07416899597048243,0.41030479762627103,0
1291,0.04383502625646951,0.4108172924137683,0
1292,0.08892676763269336,0.41101847527924795,0
1293,0.3649227964648434,0.4112529614242253,1
1294,0.0003738623281298592,0.4113157899214177,0
1295,0.012383681070802899,0.4118099519539037,0
1296,0.04908109938140903,0.4118494302526434,0
1297,0.35561818575942017,0.4123705165362984,0
1298,0.05246368629532128,0.4127418238972055,0
1299,0.14589972559837683,0.4127759027878487,0
1300,0.0019312223035360399,0.41329245300257733,0
1301,0.17954297090962812,0.4133169071066768,0
1302,0.0014443640943609948,0.41446506915158177,0
1303,0.08262459069032069,0.41478542889744785,0
1304,0.20731395367231154,0.4151130220101401,0
1305,0.022923873561349395,0.41552591867678,0
1306,0.019640954315194303,0.4156367801709424,0
1307,0.2489816232146127,0.4161261777826448,0
1308,0.2400641713420001,0.41653694697542465,1
1309,0.3836140751962831,0.41658319706312186,0
1310,0.11067923836480897,0.4167217719690258,0
1311,0.01721721892198058,0.41712996088271337,0
1312,0.31200418572544897,0.41720288910497005,0
1313,0.4111182404147242,0.4173500548214386,0
1314,0.4000348128929073,0.4173500548214386,0
1315,0.38610102927824375,0.4174464194388605,0
1316,0.036041617788513225,0.4176905167610242,0
1317,0.05618806531419762,0.41798082018547633,0
1318,0.3822662791898197,0.41865992992562817,1
1319,0.2828804347611572,0.4189240515632162,0
1320,0.2887806408785961,0.4192032845101755,1
1321,0.12285756976141982,0.41926110775101133,0
1322,0.28992089323004866,0.41947028543688314,0
1323,0.19386186297203534,0.4201622606784684,0
1324,0.0034950806248019717,0.4203522369356557,0
1325,0.2459700499702706,0.4203902601033844,0
1326,0.00013797455728870034,0.42069676645844556,0
1327,0.043244637005845465,0.4223692177527769,0
1328,0.1741728297901527,0.4229284117795985,0
1329,0.0038559252664344124,0.4229517711634663,0
1330,0.013380538125128738,0.42364232863340323,0
1331,0.00803841740748612,0.42364232863340323,0
1332,0.2034171761667476,0.4238225739686077,0
1333,0.2825881799122615,0.42396040195230866,0
1334,0.21104307131767852,0.42494667332501435,0
1335,0.0034931943343790017,0.42494667332501435,0
1336,0.18801630732561037,0.42541867726070515,1
1337,0.105046809251782,0.425505868894815,0
1338,0.14030039808183126,0.4256099954181134,0
1339,0.3372585557746518,0.4261761727447463,1
1340,0.2608145480824826,0.4264122446560997,0
1341,0.01763358912809443,0.42655365572468895,0
1342,0.41822183210241404,0.4265886550093997,0
1343,0.31647846442174254,0.4266918094355273,0
1344,0.3782659846459878,0.42790549534950717,1
1345,0.10359728393404,0.4283180476297216,0
1346,0.03937786548161648,0.4285221870845759,0
1347,0.36160551592918067,0.42931404135946394,1
1348,0.38620285041445557,0.42955310387050927,0
1349,0.2865251145494081,0.42957249110900564,0
1350,0.4106494692186786,0.4295895462274514,0
1351,0.02120276837187629,0.43011974289776356,0
1352,0.0007379748066222991,0.4316183984662222,0
1353,0.05151385903896677,0.43175251785469615,0
1354,0.04074593818640415,0.43195558990536087,0
1355,0.036178191095101564,0.432557417083531,0
1356,0.1396036436838849,0.4333080922466962,0
1357,0.006002835179993005,0.43345407880524944,0
1358,0.011587436731038125,0.4335359348141299,0
1359,0.14393360313818981,0.43376549620525473,0
1360,0.19073732865529258,0.4343708660593427,0
1361,0.05156891704237354,0.43467096028874175,0
1362,0.026912691413629286,0.4347941038659391,0
1363,0.2087312951840039,0.434821736745575,0
1364,0.02657102902216446,0.4354264651309049,0
1365,0.38621644895133533,0.4357528525773172,1
1366,0.18405791129024007,0.4361761509976939,0
1367,0.2109070993868165,0.4362973178146503,0
1368,0.3222708520768782,0.4366014040203262,0
1369,0.3999005963370622,0.43709077100720395,1
1370,0.3007753806710871,0.437194536515928,0
1371,0.028731807851866686,0.437194536515928,0
1372,0.4018117813116351,0.4372572759560789,0
1373,0.1981855455696132,0.4376913039005146,1
1374,0.04541373434833906,0.4396033030711841,0
1375,0.07742814772254358,0.4403890868230743,0
1376,0.41466152003484347,0.44192588438383207,1
1377,0.029185652405673168,0.443512479029622,0
1378,0.005528846937228993,0.44363705215502136,0
1379,0.22851537862880333,0.44387155435058157,0
1380,0.111530212095023,0.4448640396745309,0
1381,0.028014391748499512,0.4449090091684125,0
1382,0.3069104032397997,0.4457590455938808,0
1383,0.006095613706087244,0.44592953659012846,0
1384,0.44025321067039946,0.4460465392204419,1
1385,0.10894534982322934,0.44661962021562174,0
1386,0.3201574086306095,0.4468820549155863,0
1387,0.09385281255246669,0.44934213313495264,0
1388,0.01784536751872645,0.44995488248727,0
1389,0.3258312206990389,0.45030241168479046,0
1390,0.35019402494534946,0.4503859263880893,1
1391,0.34626961064164574,0.4512586954936866,1
1392,0.09175501722977342,0.45157194506017817,0
1393,0.3334365219312372,0.4529419013001317,0
1394,0.3448013799788252,0.4539098953482108,1
1395,0.32632976999693164,0.4552609282152267,1
1396,0.26081479283611975,0.45593573909355256,1
1397,0.02225958505078196,0.45610754421793787,0
1398,0.3132683040354537,0.45612085805721436,1
1399,0.3518279349471781,0.45623784439273285,0
1400,0.11209030667675302,0.4567293970519122,1
1401,0.009482378121549062,0.45701872621462025,0
1402,0.24689789092843495,0.4572976576173857,0
1403,0.27688198427167365,0.4573971027167467,1
1404,0.4550338713587845,0.4578692467538975,1
1405,0.12034350030119467,0.45797608302052617,0
1406,0.1432537966228561,0.45801166759211454,0
1407,0.4205442990448057,0.45879308077718206,1
1408,0.02023460414500078,0.4591235735943654,0
1409,0.2433927226829855,0.45946437122589034,0
1410,0.12541935239529145,0.4600066981241898,0
1411,0.025726280794560963,0.46016503796619856,0
1412,0.03889287442590761,0.4612687324704592,0
1413,0.32514346721425824,0.46137645869076127,1
1414,0.022346087497184697,0.4615658155669853,0
1415,0.4141777466207681,0.4617853033013338,1
1416,0.4513273361680227,0.4620332976694915,1
1417,0.060279670944954455,0.46313396431125564,0
1418,0.41798941781645294,0.46344226526470944,1
1419,0.024119321352477185,0.4641179479246694,0
1420,0.4374169115548262,0.4641802904292833,1
1421,0.4638023008140326,0.4642279416163885,1
1422,0.07350513576427187,0.4645681773644952,0
1423,0.14290647261716383,0.4650909633318089,0
1424,0.36045025528202446,0.4656253339263182,1
1425,0.2036737592396648,0.4656723581814942,0
1426,0.02973934524585986,0.465887223893551,0
1427,0.3006293053940161,0.46595279194811423,1
1428,0.3040153658703857,0.466067802873783,1
1429,0.33338978315996026,0.46651429654270016,1
1430,0.11819199218712473,0.4667381238401459,0
1431,0.4652741021410006,0.4671875194848426,1
1432,0.410916967141578,0.46727170968482423,1
1433,0.13580494105395058,0.4683044124421588,0
1434,0.4453750384194799,0.4691410758420195,1
1435,0.05969315393145691,0.4698869973841384,0
1436,0.3249017063489663,0.47194406809388056,1
1437,0.17440516978103227,0.4731538628215023,0
1438,0.2852163411621558,0.47399773271985346,1
1439,0.03122007088433776,0.474443462281826,0
1440,0.16879866141682165,0.4749700392303522,0
1441,0.4411290663119922,0.4755834069474828,1
1442,0.002983512108479247,0.47574535764507153,0
1443,0.34329030342395705,0.47808054693533386,0
1444,0.2682309736902825,0.47991290706021883,0
1445,0.43823700404773214,0.48043162351759305,0
1446,0.08263163737662238,0.48069890553334194,0
1447,0.3046951355355054,0.48079917250553217,0
1448,0.12665270501453763,0.48085154484024684,0
1449,0.33899455334410056,0.48090749797348187,1
1450,0.32210195148638276,0.48132990780722473,1
1451,0.18439792205003014,0.48158526639931365,0
1452,0.4698869973841384,0.4818367253524034,1
1453,0.41798941781645294,0.48186944710051627,1
1454,0.4340125657284749,0.4821216958477711,1
1455,0.08815820629783666,0.4822342194269278,0
1456,0.37020532517981797,0.48465667648518895,1
1457,0.43989881845443835,0.4857803987706355,1
1458,0.14702686710469026,0.48611087549224186,1
1459,0.46156744799448557,0.4862717224464571,1
1460,0.3389513007682442,0.48704319873991564,1
1461,0.32127162716357704,0.48715373820777974,1
1462,0.14316783559344604,0.48718576445725903,0
1463,0.046413142564527,0.48737990191800207,0
1464,0.4005730029308917,0.48747848914330116,1
1465,0.13619298192685614,0.4875300525694938,0
1466,0.4486764165318713,0.4880689728579273,0
1467,0.1023496745042688,0.48849644549969307,0
1468,0.4365649606673022,0.4886611552806792,1
1469,0.2639625420019329,0.48943533682052676,1
1470,0.2000004427347445,0.489619176667511,0
1471,0.4729737035814574,0.489836796426261,1
1472,0.3167472942895926,0.49122062131383415,1
1473,0.17426831348529437,0.49165419708669356,0
1474,0.31730026749059104,0.4917633040818531,0
1475,0.4127759027878487,0.4918091389348853,1
1476,0.3726492068511411,0.4929091696666279,1
1477,0.26430618495324687,0.4942673543834115,0
1478,0.3766167818395706,0.49488791188959524,1
1479,0.0645288886327775,0.49545577063859614,0
1480,0.1869180752886641,0.49578812737439926,1
1481,0.4489500027511043,0.49679590027179,1
1482,0.0016941402938281946,0.4994931536890085,0
1483,0.01866676541469736,0.4996999336988349,0
1484,0.011303604894976504,0.5006889205755578,0
1485,0.4613825092176831,0.5007868687439699,1
1486,0.25672725658028017,0.5013287438189425,0
1487,0.0755050725895019,0.5019457766584857,0
1488,0.2379528958982069,0.5019736681062978,0
1489,0.4179374998109141,0.5023592426778645,1
1490,0.35936892331132253,0.5030018337692617,1
1491,0.04448526888425408,0.5030095840440427,0
1492,0.3430387954042976,0.5030918033547336,1
1493,0.5014064329734229,0.5035996371853019,1
1494,0.01089072065072072,0.5038436424346081,0
1495,0.3720819680780415,0.5039851685282084,1
1496,0.4775055544067274,0.5040441903149016,0
1497,0.4616210595332326,0.5053040797039664,1
1498,0.06297361016449665,0.5058353185632051,0
1499,0.3723772778996479,0.506259256116823,1
1500,0.4850487324258054,0.507911698677202,1
1501,0.30071734882334145,0.5079699060761711,1
1502,0.4090320422321825,0.5080671399448203,1
1503,0.16572349005319664,0.5085257529453753,0
1504,0.044886457310324035,0.5096343637616486,0
1505,0.476880368373953,0.5114623988206813,1
1506,0.48584645300711937,0.5123718037868373,1
1507,0.4296515904186772,0.5128707360723963,1
1508,0.3040153658703857,0.5138291941319757,1
1509,0.500867427981039,0.5141970402544078,1
1510,0.36362989612463115,0.5151775563381111,1
1511,0.4339954232469274,0.5160258728143224,1
1512,0.41863959039850573,0.5174383755016252,1
1513,0.5019736681062978,0.5191393432872972,1
1514,0.36526269866459804,0.5195346649678427,1
1515,0.4301637316716863,0.5202297218900582,0
1516,0.5020414518059745,0.5203133071228787,1
1517,0.37274911650533105,0.5206776642879832,1
1518,0.3701310533107557,0.5207454497637838,1
1519,0.29715558362062244,0.5210445173037513,1
1520,0.3206546575516107,0.5213529043880394,1
1521,0.4855978013036929,0.521461974618327,1
1522,0.2829816870279812,0.5218478526136926,1
1523,0.48790148022193625,0.5219810755121611,1
1524,0.16858573873106775,0.5232228890325806,0
1525,0.3522706185732395,0.5236753968813876,0
1526,0.3362690660904072,0.5250591805329963,0
1527,0.05568397963474003,0.5251074422197515,0
1528,0.03498399607103542,0.525117354491504,0
1529,0.4450763338614845,0.5254967844714866,1
1530,0.29030632357884,0.5264648367306718,1
1531,0.513274991718498,0.5266834768157871,1
1532,0.2091542232675696,0.5270488498689804,0
1533,0.4863651078146395,0.5270712058519045,1
1534,0.3240297121072152,0.528485639644973,1
1535,0.3672914787427557,0.5290601252658237,1
1536,0.41940774004060666,0.5300075088791969,1
1537,0.46446120008365843,0.5300376246038225,1
1538,0.16253065475252393,0.5308427795118369,0
1539,0.523300964723409,0.5318794946167902,1
1540,0.4335359348141299,0.5331430188065203,1
1541,0.24215061691084494,0.5343018528888922,0
1542,0.44231454061806164,0.5345554502328187,1
1543,0.5077457256618545,0.5352212246219847,1
1544,0.20935958914901687,0.5357203359779518,0
1545,0.4023967650728133,0.5359914498960986,1
1546,0.5244602275349175,0.5365982994437526,1
1547,0.5090903303290227,0.5369617985649124,1
1548,0.4459481844695443,0.537304545104965,0
1549,0.5125590707278149,0.5377590554145945,1
1550,0.37825022827866484,0.539031882641176,0
1551,0.4887639630855125,0.539114220563623,1
1552,0.4582619424025246,0.5391600260047826,1
1553,0.5001758755047533,0.5393344575259423,1
1554,0.4490452518878377,0.5418201882708789,1
1555,0.41264605136774524,0.5418996142289543,1
1556,0.34861008994173714,0.5435345544819592,1
1557,0.35156572630267025,0.5439477383003153,1
1558,0.2772194643062098,0.5459173904457432,0
1559,0.4753282833701292,0.5463483969770795,1
1560,0.2500497588434323,0.5479391603950367,1
1561,0.4274462823595683,0.5480210207445194,0
1562,0.5054218380864758,0.5480958268805792,1
1563,0.2701035399502526,0.5488309064107783,1
1564,0.3277816679080099,0.5491455409449808,1
1565,0.06742024865450225,0.5492229287772715,0
1566,0.3959364150011375,0.5502794096670748,0
1567,0.2617277288149453,0.5506112197595823,0
1568,0.03445243139048482,0.5508390050503293,0
1569,0.23728379382749765,0.5509895484194871,1
1570,0.12797783335111146,0.5513716181124241,0
1571,0.25158416450336085,0.5521659011257418,1
1572,0.08072006032827472,0.5524965164375147,0
1573,0.5071340150439495,0.5539310478051308,1
1574,0.5500827496630694,0.5541883610240551,1
1575,0.42475562263959954,0.5542864531132885,1
1576,0.38712943054142557,0.5562600152087274,0
1577,0.22278804351909243,0.556848853262969,0
1578,0.3298402728000597,0.5571432178506152,1
1579,0.15904622804652024,0.5581430162210159,1
1580,0.5473518389015901,0.5585419145513904,1
1581,0.43601374326633324,0.5586838476829193,1
1582,0.24687391208329057,0.5597364987812363,0
1583,0.41132098861226385,0.5603654074431172,1
1584,0.3757203261500027,0.5606149317333854,1
1585,0.5352733165236472,0.5606672530270344,1
1586,0.5473518389015901,0.561431619048599,1
1587,0.24189037851107797,0.5635933513927285,0
1588,0.5533823918376375,0.5638582070033538,1
1589,0.5550848674370783,0.5642058407102507,1
1590,0.18669283425930283,0.5654900985843005,1
1591,0.5068658065344361,0.5674861421056424,1
1592,0.38220441992669874,0.5678967018549409,1
1593,0.45661427613106176,0.5683046718123106,0
1594,0.5212461396106426,0.5710254251417332,1
1595,0.2759366965323221,0.5721712840556666,0
1596,0.30154608173601294,0.5727088932520537,0
1597,0.5457701041764133,0.5727129744236069,1
1598,0.32436941189123614,0.5731905968922765,1
1599,0.3050654247732325,0.5732835706544002,1
1600,0.013356140783899018,0.5749410928289612,0
1601,0.4566055452307545,0.5754791780830407,1
1602,0.47068422041731584,0.5760710497687478,1
1603,0.5334335384981782,0.576755185979317,0
1604,0.476880368373953,0.5767971117694322,1
1605,0.48862115194948386,0.5769642316166322,1
1606,0.5537926061956662,0.5780086866253037,1
1607,0.5337817329402276,0.5780974745563476,1
1608,0.34784697523893093,0.5783657961867094,1
1609,0.430088673545692,0.5784860868593102,1
1610,0.5656446875520266,0.5785422389787157,1
1611,0.21899634261652456,0.578695868187181,0
1612,0.20684036818154772,0.5794990215911133,0
1613,0.41889421629977885,0.5797010297361994,1
1614,0.4069511076335356,0.5800136907424116,1
1615,0.56012732686842,0.580537110090549,1
1616,0.4475756443386505,0.5809794288407608,1
1617,0.5337817329402276,0.5822452558238327,1
1618,0.4195778312131243,0.5841115416449865,1
1619,0.003759142602045018,0.5842676651937502,0
1620,0.5378610987782253,0.5842857530531645,1
1621,0.16457421087904678,0.5852321051788448,1
1622,0.3910352713995341,0.5860078777441154,1
1623,0.491063716561281,0.5863370770361196,1
1624,0.4298569312232102,0.5870979967685248,1
1625,0.5180780153410918,0.5880117494063406,1
1626,0.5249684022910809,0.5881874091658134,1
1627,0.3093423405757718,0.5891354765347961,1
1628,0.5465988348358946,0.5894540772493564,1
1629,0.5114325277451094,0.591769990938601,1
1630,0.33634407812432776,0.5921941230091191,0
1631,0.38975872544797896,0.5926154834964606,1
1632,0.5071502435050717,0.5929789546698085,1
1633,0.5800031129641253,0.5932247286181915,1
1634,0.5090903303290227,0.593438863331586,1
1635,0.20625453099335656,0.5946731126935404,0
1636,0.4549098364406524,0.5954419514202225,1
1637,0.5473036248014915,0.5954967063286151,1
1638,0.5544132431014549,0.5957361939933701,1
1639,0.1210374922409394,0.5958630758182969,0
1640,0.2804558481391287,0.5961438210154726,1
1641,0.3634841312503324,0.5963591089384664,1
1642,0.418872946938594,0.5973737538542083,1
1643,0.39796832823774364,0.5981734406909913,1
1644,0.5442515622510995,0.5982139638707304,1
1645,0.3756500306093039,0.5984100786819762,1
1646,0.4807974331484215,0.598912669600971,1
1647,0.08432840044364442,0.599159287907317,1
1648,0.5794463132925352,0.5998615178554221,1
1649,0.04737862737693577,0.6000201700146716,0
1650,0.4927185879496585,0.6010487174465446,1
1651,0.47752031678483686,0.6010795660028017,1
1652,0.5802769770376042,0.601572617718269,1
1653,0.44231454061806164,0.6018275275913191,1
1654,0.38930584771127597,0.6026879627926871,1
1655,0.2883195878740702,0.6034685159358488,1
1656,0.5927796766328841,0.6035607143024175,1
1657,0.46158083393306915,0.604059823029593,1
1658,0.3195598657909944,0.6043915330806915,1
1659,0.5079374120182086,0.6045596782916651,1
1660,0.5442515622510995,0.6053979383801429,1
1661,0.597137162115056,0.6056994797931766,1
1662,0.46649346542803516,0.6061297049673195,0
1663,0.49751941324723614,0.6064077963328056,1
1664,0.5688457579274773,0.6065224181422256,1
1665,0.4120206486350402,0.6066513189640159,1
1666,0.3824444179106713,0.607280468098975,1
1667,0.5964302754709199,0.608677275861619,0
1668,0.49138559718322383,0.608809643063969,1
1669,0.5116667693129594,0.6090570002125046,1
1670,0.40483301475497,0.6096216115763498,1
1671,0.5225244970255802,0.6099714547243812,1
1672,0.6070474118981497,0.6105872582181808,1
1673,0.5001758755047533,0.6112818854953184,1
1674,0.45298287077548527,0.6115635202675987,1
1675,0.4366014040203262,0.6117745919656559,1
1676,0.5095460075323314,0.6119240911843679,1
1677,0.5987855258133085,0.6122487420193008,1
1678,0.2941940859973241,0.6129049079946188,1
1679,0.5671830607155266,0.6132209787500993,1
1680,0.6028571815280136,0.6141285076777373,1
1681,0.5547483668334631,0.6142670223250984,1
1682,0.4075709744556537,0.6143651947642533,1
1683,0.5606127170132904,0.6144430644675285,1
1684,0.4868578892734108,0.6159235783290444,1
1685,0.36321158719263114,0.6161564990006646,1
1686,0.30100166617862745,0.6170484330376818,1
1687,0.5416728015740558,0.6171259507102357,1
1688,0.41523748515638625,0.6181799895876041,1
1689,0.5388035019006296,0.6186153257378387,1
1690,0.36632802976207013,0.6190541749743829,1
1691,0.45797608302052617,0.619398998765739,1
1692,0.5897784592898287,0.6194225520392751,1
1693,0.5451550102926515,0.6195714102804619,1
1694,0.5059829109254621,0.6197482453658506,1
1695,0.3122011439065411,0.6200556116490378,1
1696,0.5315031523547299,0.6202159260267772,1
1697,0.33322325339503367,0.6206060693800906,1
1698,0.32514346721425824,0.6207523844725037,1
1699,0.4330062936216882,0.6211929993955689,1
1700,0.5167163479543523,0.6215526890256184,1
1701,0.4014031286920743,0.6241083153726157,1
1702,0.5926002218345139,0.6241138392005036,1
1703,0.5892417581678667,0.6249602213758043,1
1704,0.5268623636874775,0.6251948904800176,1
1705,0.61566522457274,0.6252441965051567,1
1706,0.5833545028984923,0.6264362536577598,1
1707,0.5039834693962122,0.6268829922019551,1
1708,0.4753282833701292,0.6280202350574403,1
1709,0.13325629270268047,0.6285172124981481,0
1710,0.43175251785469615,0.6292203929478988,1
1711,0.32059215146750797,0.6311454752899476,1
1712,0.5652244308812818,0.6321631501746399,1
1713,0.33089207291121636,0.632817059808999,1
1714,0.3311634556943285,0.6342671219561248,1
1715,0.4432439241150248,0.6345233498269309,1
1716,0.5603289183440775,0.6352272344984213,1
1717,0.4718686691659425,0.635385874559533,1
1718,0.5923862555407008,0.6354674120147675,1
1719,0.5739621557030817,0.6356528291918001,1
1720,0.4086297506333917,0.6359240161458406,1
1721,0.318048786050389,0.6359348268219837,1
1722,0.5039834693962122,0.6365803946334284,1
1723,0.6304368797231319,0.6379113690154036,1
1724,0.5129770308829783,0.6381229671016275,1
1725,0.46149971888372554,0.6393538606038738,1
1726,0.2657666747410714,0.6396920924971118,1
1727,0.42005549660390984,0.639990287067822,1
1728,0.5125223863764006,0.6401378426205679,1
1729,0.6320450516258163,0.6408844906195272,1
1730,0.6091710571083766,0.6414942483445398,1
1731,0.30608855055934947,0.642062399912434,1
1732,0.5168798369924776,0.6429580489064911,1
1733,0.5837416085581806,0.6431487967806312,1
1734,0.6050307345675382,0.6440638388145579,1
1735,0.6370454783519212,0.6440707554639827,1
1736,0.4550338713587845,0.64409685722217,1
1737,0.4158014144023384,0.6453804841364175,1
1738,0.6470265761445536,0.6482905588598715,1
1739,0.41243230999018454,0.6488776455707297,1
1740,0.5824831515257956,0.6497888648857999,1
1741,0.6031831186647426,0.6499884178128162,1
1742,0.5684734608566183,0.6502223288269857,1
1743,0.3722161926083788,0.6507590823836242,1
1744,0.5298872739431226,0.650952779401854,1
1745,0.6077194630161014,0.6517085026206465,1
1746,0.32343703591214523,0.6522612174085894,1
1747,0.6072152871986841,0.6523138409542835,1
1748,0.49394878721285784,0.6528712235986154,1
1749,0.5442973002466456,0.6529666007390235,1
1750,0.539558820136406,0.6539051423124814,1
1751,0.5068658065344361,0.6540411166650808,1
1752,0.5880406906487569,0.6549676793861503,1
1753,0.5172125169944399,0.6559987480977111,1
1754,0.6240376367851891,0.6562857994316843,1
1755,0.5652625096997425,0.6565320234182949,1
1756,0.5052333686756448,0.656601013352978,0
1757,0.45272250762996935,0.656842538801997,1
1758,0.6196918216910593,0.6573804282438666,1
1759,0.6032729127940993,0.6577430782285139,1
1760,0.26802552598704965,0.6590363728063543,1
1761,0.6207559800640406,0.6593167649462778,1
1762,0.5230399749623956,0.6594989346189487,1
1763,0.5114278235594628,0.6602248340455449,1
1764,0.49893404550339604,0.6618495926765041,1
1765,0.6600178869635243,0.662447390376965,1
1766,0.6320762583890127,0.6629533756317197,1
1767,0.517767043868589,0.6630125177819376,1
1768,0.306864496109175,0.6630280070944554,1
1769,0.5527359955576864,0.6633959706651209,1
1770,0.570725133116261,0.6637522098495519,1
1771,0.6278848330738535,0.6639314046258258,1
1772,0.23819069115104818,0.6645923916789905,1
1773,0.5880406906487569,0.6647336366469732,1
1774,0.5594992030577911,0.6653277614322756,1
1775,0.4394160259719593,0.6654340917846822,1
1776,0.5794463132925352,0.6656302403877209,1
1777,0.3637178407488708,0.6658464581048303,1
1778,0.5748854800272851,0.6671011105539429,1
1779,0.41209808708662754,0.6674064400838983,1
1780,0.34428979752458055,0.6684477043758481,1
1781,0.3351215523656582,0.6688192511572694,1
1782,0.18911897007033973,0.6689605327858138,1
1783,0.6241299611098732,0.6690041384652198,1
1784,0.5579904916745643,0.6691316804341816,1
1785,0.5017711057138254,0.6691845053161505,1
1786,0.4941585889932708,0.6692776686691324,1
1787,0.6527503286604622,0.6692819857667236,1
1788,0.38324900797630934,0.6701654753215994,1
1789,0.5847642287894723,0.6706003605299313,1
1790,0.45312743476367456,0.6713735739486042,1
1791,0.6490423486068565,0.6726410635278608,1
1792,0.6687261747032323,0.6727272187498732,1
1793,0.5329905147447824,0.6732662233358387,1
1794,0.4349617544787916,0.6736570487375291,1
1795,0.657955036468243,0.6750997545844463,1
1796,0.6320762583890127,0.675268341487008,1
1797,0.4113175079341431,0.6753338650490065,1
1798,0.6225565029616078,0.67534429827307,1
1799,0.5916036831334558,0.6759095641970209,1
1800,0.44582190553683765,0.6770098245195869,1
1801,0.6542318234822165,0.6778832038317867,1
1802,0.46992535934988766,0.6782160700086999,1
1803,0.66911827433005,0.6785032432932838,1
1804,0.38238798721007716,0.6794184175010185,1
1805,0.4412643072919845,0.6800328052705972,1
1806,0.3321409509562957,0.6808940190791475,0
1807,0.6367090695904749,0.6813315292148704,1
1808,0.5908163728236875,0.6813527911063695,1
1809,0.6768923842184956,0.6814066640740933,1
1810,0.42222410929593457,0.681637716682375,1
1811,0.6172940584377906,0.683100531258724,1
1812,0.6280133127416835,0.6831979118990171,1
1813,0.6308332338568641,0.6832015351146994,1
1814,0.408558468010513,0.6840318775684997,1
1815,0.6324444555934294,0.6849001172302144,1
1816,0.5997419869351069,0.6849345064950201,1
1817,0.5422653575268003,0.6850313466075139,1
1818,0.6368135694877063,0.6854336562993986,1
1819,0.4142030883991993,0.6856700964930381,1
1820,0.5950729042591131,0.6861809604036246,1
1821,0.3079910801039557,0.6863226165890572,1
1822,0.5079689723984965,0.6863863901796763,1
1823,0.658838626138645,0.6874381853981998,1
1824,0.4712990809857148,0.6875173800220578,1
1825,0.47633255857528933,0.6879183131035568,1
1826,0.45905794770441855,0.6882743688054553,1
1827,0.5772494749670911,0.688567462306612,1
1828,0.5022336750497053,0.6886842460718501,1
1829,0.5990471908601918,0.6894169755101331,1
1830,0.6373765118508651,0.6894643664454563,1
1831,0.2844038084696734,0.6898653238859962,1
1832,0.641230745527475,0.6903504629891067,1
1833,0.6363192296416161,0.6906456513979966,1
1834,0.6579654711350681,0.6907857973096113,1
1835,0.6846803638796257,0.6910947187221328,1
1836,0.4905228643541505,0.6911723357284039,1
1837,0.6652606037264399,0.6916240459882254,1
1838,0.5248856453752271,0.6916420418476372,1
1839,0.4354264651309049,0.691686092926643,1
1840,0.5924489351498924,0.6918285877711525,1
1841,0.33252377288679613,0.6920863337690056,1
1842,0.5391164453529709,0.6923914277902474,1
1843,0.5534514132357923,0.6925060353414888,1
1844,0.5749410928289612,0.6925398255799733,1
1845,0.608876699152495,0.6930661834835526,1
1846,0.3845765710683987,0.693345276244936,1
1847,0.6736670042976262,0.693450804770759,1
1848,0.5727931022693751,0.6939406065523653,1
1849,0.6248222093393219,0.6944135582414929,1
1850,0.5751348210212711,0.6948679432449878,1
1851,0.49751941324723614,0.6954311840445376,1
1852,0.5333629544915055,0.6956496989074179,1
1853,0.5599038924051937,0.6957084850492739,1
1854,0.5708956441898799,0.6960805222356345,1
1855,0.3976511459447156,0.6965383356250343,1
1856,0.6482321832873836,0.69654649035053,1
1857,0.4690591929120478,0.6968019309483735,1
1858,0.5546175518299283,0.69683883226519,1
1859,0.3509962938832464,0.6969516152108208,1
1860,0.6227796132419952,0.6969772982216059,1
1861,0.4455221512224269,0.6975578864225478,1
1862,0.5562054308580814,0.6978203956559949,1
1863,0.3782836955887702,0.6978671775867207,1
1864,0.4495806729317796,0.6979388667266936,1
1865,0.5596406054618698,0.6985242246384328,1
1866,0.6688209216571587,0.6985252150417387,1
1867,0.5537380594284587,0.698900554708002,1
1868,0.4321203825607324,0.6990849238619817,1
1869,0.4503292863910917,0.7000238998890054,1
1870,0.4086875486604581,0.7004463410015195,1
1871,0.40054660512501605,0.700615959115276,1
1872,0.5366256668067775,0.7008155835448536,1
1873,0.5780139352722555,0.7013367493211925,1
1874,0.2461681471627264,0.702151164110253,1
1875,0.6471322818512191,0.7024641319036622,1
1876,0.682221658716708,0.7032406332687416,1
1877,0.5714680548975286,0.7034438562715585,1
1878,0.5911061304431444,0.7048452953932155,1
1879,0.5718313218111811,0.7048530224319423,1
1880,0.6533776156287686,0.7051992364757579,1
1881,0.6286063896701892,0.7056009731768459,1
1882,0.3132683040354537,0.7056302486220848,1
1883,0.6532915894776146,0.7056706426109227,1
1884,0.6346042597047754,0.7059186177539187,1
1885,0.6905779590327904,0.706254697092642,1
1886,0.6577391133852759,0.706392269608578,1
1887,0.690576278538261,0.7067954998427289,1
1888,0.6706938960910673,0.707042759714401,1
1889,0.3565690290835919,0.7075429492979782,1
1890,0.4578247023523564,0.7075566711794693,1
1891,0.5993424214320222,0.7077588500432073,1
1892,0.48106807326198653,0.7081768700490222,1
1893,0.34204738822738834,0.7089303649582365,1
1894,0.5416311690251258,0.7089368621678414,1
1895,0.57708371025921,0.7090455251603676,1
1896,0.5170624346142201,0.7092077435296119,1
1897,0.6787022206366105,0.7094106175428859,1
1898,0.5401757723300153,0.7094683464977006,1
1899,0.5606127170132904,0.7103685156192644,1
1900,0.48718576445725903,0.7104455318913265,1
1901,0.40083534650462094,0.7108060285602648,1
1902,0.6066019499258223,0.7109848166397669,1
1903,0.26045587837062223,0.7111602764129074,1
1904,0.6510130376240717,0.7113058901626514,1
1905,0.398690728173975,0.7115922232295209,1
1906,0.4495831333473461,0.7120048923190375,1
1907,0.5656140884318136,0.7127582189518908,1
1908,0.6447415318345421,0.7137169867572786,1
1909,0.6214256399381856,0.7139310454443784,1
1910,0.48548872055472136,0.7140886613506797,1
1911,0.6244502138258761,0.7147220107238866,1
1912,0.3766167818395706,0.7152864065471575,1
1913,0.5671830607155266,0.7157447873777792,1
1914,0.670911886478943,0.7160908275233799,1
1915,0.65519457177911,0.7161351726091248,1
1916,0.5129770308829783,0.7166245969658783,1
1917,0.6705111676241492,0.7175025879902125,1
1918,0.4499777948410001,0.7178448898759816,1
1919,0.5277332770868567,0.7182689183766198,1
1920,0.6352270289687628,0.7186421833007213,1
1921,0.4453113752051069,0.7189028713802481,1
1922,0.6743372158102989,0.718909668537503,1
1923,0.5645076898416389,0.7189478542853218,1
1924,0.5409960192520801,0.7189575041012333,1
1925,0.6814116356184944,0.719189468428403,1
1926,0.6051346027917769,0.7191912729549034,1
1927,0.5626329181614413,0.7192784313065198,1
1928,0.5746651611873415,0.7193957528292277,1
1929,0.5654913507034748,0.7199586092406648,1
1930,0.5629570152530485,0.720527284448291,1
1931,0.5162232240182714,0.7206313241428549,1
1932,0.5971161988595249,0.720675827517415,1
1933,0.6475799572913788,0.7217952439835572,1
1934,0.6516776613546017,0.7218522382572409,1
1935,0.33756599311665314,0.7224660814330807,1
1936,0.579289704194177,0.7225369117847266,1
1937,0.5116046155250473,0.7229500898839178,1
1938,0.6640171399948838,0.7233984252792298,1
1939,0.530389996759844,0.7236263185103629,1
1940,0.5637003604345112,0.7237743316202289,1
1941,0.6001713103861046,0.7240179795293805,1
1942,0.3701310533107557,0.7242379068995748,1
1943,0.6517294621285241,0.7245096733376968,1
1944,0.706673111615761,0.7248000490423545,1
1945,0.13632514882516444,0.725852039602663,1
1946,0.4403311369939219,0.7260059800304651,1
1947,0.5317294725494501,0.7260409469503016,1
1948,0.5870543478085009,0.7261224422083568,1
1949,0.6962508874650479,0.7262954215796,1
1950,0.6797475688432585,0.7263117959533057,1
1951,0.6844903423758185,0.7269049424525929,1
1952,0.6374663978468667,0.7273537120464857,1
1953,0.694434145820112,0.727746518010289,1
1954,0.5946731126935404,0.7287863888521343,1
1955,0.42208338712141513,0.728793861122161,1
1956,0.6282743447083272,0.7288669144504498,1
1957,0.6683713434270989,0.7289616432015762,1
1958,0.6613937910124493,0.7294697886547689,1
1959,0.4872171985753413,0.7294870689106803,1
1960,0.5774203901928382,0.7297063305604451,1
1961,0.4340125657284749,0.729939755822997,1
1962,0.4422366729048848,0.730563968140568,1
1963,0.5485313942047069,0.7306070937779993,1
1964,0.5868556361864158,0.7306148058619802,0
1965,0.7198498275193534,0.7307178759432531,1
1966,0.6453247988584668,0.7317175881425256,1
1967,0.3598990116301144,0.7317505114018722,1
1968,0.5859609706297153,0.7317561600470678,1
1969,0.541124770150397,0.7317588895784767,1
1970,0.4933776272759526,0.7319019934114965,1
1971,0.6605265718602814,0.7324530429606935,1
1972,0.5870543478085009,0.7330379992368967,1
1973,0.45008994624962095,0.7331169242767575,1
1974,0.654516174128008,0.7335024162491917,1
1975,0.6241832735723982,0.7340493479208757,1
1976,0.4913119493344994,0.734100173677806,1
1977,0.5986599944111151,0.7343027710628358,1
1978,0.7264558036588068,0.7345109592371819,1
1979,0.7321212528653833,0.7347910734347637,1
1980,0.6400627367953364,0.7350425885765818,1
1981,0.7124474679448605,0.7352737665014247,1
1982,0.687751078523064,0.7355291025468229,1
1983,0.5684491318565145,0.7357233587204158,1
1984,0.3256776222758152,0.7364077043810748,1
1985,0.6476527674144142,0.7366953145504535,1
1986,0.6480386088079448,0.7367547849510148,1
1987,0.7068384984998713,0.7374299170983999,1
1988,0.33486375223351605,0.7380153385329976,1
1989,0.6400664639469577,0.7381998401101886,1
1990,0.7141847108229229,0.7387032839005733,1
1991,0.4547075870210674,0.7392345974470117,1
1992,0.37643070346942764,0.7398079243860803,1
1993,0.718143529616859,0.7403484149326939,1
1994,0.33689230511416635,0.7406567452142135,1
1995,0.3814282411251898,0.7416334107043635,1
1996,0.4729350473294075,0.741918947186108,1
1997,0.6412543534963284,0.7420509272348919,1
1998,0.6853355476746357,0.7420923591219131,1
1999,0.7140149646084698,0.7421484970220386,1
2000,0.4999341426525574,0.7422802149635096,1
2001,0.34652249024500004,0.7425672715503918,1
2002,0.7035399436667166,0.7428322950516285,1
2003,0.6330732059675703,0.7430401744186348,1
2004,0.5270642241118998,0.7431796312782162,1
2005,0.6767287257447393,0.7433070662123678,1
2006,0.6049651495087528,0.7436254194162973,1
2007,0.24134223480014627,0.744214439853933,1
2008,0.6888078523448984,0.7445470264984703,1
2009,0.6953021268485882,0.7450363116422193,1
2010,0.719362915617553,0.7450948761904453,1
2011,0.740879257474197,0.7455494870351617,1
2012,0.5180410479692522,0.745657967168569,1
2013,0.5334977982595153,0.745878223311798,1
2014,0.5468365343725372,0.7467191367901209,1
2015,0.6739128482524406,0.7468314162101477,1
2016,0.7017386495175207,0.7478356036901777,1
2017,0.3720046697683983,0.7483085175517226,1
2018,0.22900055300697808,0.7489726738459377,1
2019,0.5889791863452514,0.7492117355400267,1
2020,0.7199347135676418,0.7493225837971974,1
2021,0.5880257974957495,0.7494238045498716,1
2022,0.7325531240211652,0.7494435526844637,1
2023,0.7466728779298188,0.7494764535449088,1
2024,0.5482290014395191,0.7495341138710429,1
2025,0.5168798369924776,0.7496303127577031,1
2026,0.7364998296315466,0.7503010773826194,1
2027,0.5287630885128483,0.7505618412856061,1
2028,0.5869151496372851,0.7507388730435296,1
2029,0.586968133712991,0.7511509532987367,1
2030,0.569135628307962,0.7512725274873233,1
2031,0.22899650128408477,0.7515508658167663,1
2032,0.5724142606817364,0.7515976143420455,1
2033,0.34065150133043054,0.7519549240337668,1
2034,0.6126620844164355,0.7519563365093541,1
2035,0.4863651078146395,0.7520927935184833,1
2036,0.733892756549023,0.7523461958652797,1
2037,0.719627400784413,0.7523771431031903,1
2038,0.5507866873128563,0.7525466714332559,1
2039,0.7220591736138291,0.7527488138838164,1
2040,0.6844022536143005,0.7529105267651175,1
2041,0.6384714620331817,0.7532392551252048,1
2042,0.5010463300413998,0.7534434536489906,1
2043,0.6351307839505924,0.7534496671698068,1
2044,0.6740249445113848,0.7538461366623966,1
2045,0.6151344189969665,0.7542340367954998,1
2046,0.6863300544793741,0.7542707147578641,1
2047,0.5789678645844905,0.7544193466836226,1
2048,0.664377030832134,0.7544533713181334,1
2049,0.4934946330628639,0.7546901030471327,1
2050,0.6858851422522559,0.7548357655339308,1
2051,0.30100166617862745,0.7549457868711625,1
2052,0.7328630314227401,0.7552601606037754,1
2053,0.6812674314008056,0.7554243364251829,1
2054,0.5832968005965606,0.7554731853979384,1
2055,0.6273311210936038,0.7564468619816277,1
2056,0.585369842791444,0.7564874134361843,1
2057,0.5950729042591131,0.7565270316565426,1
2058,0.3532921701785391,0.7568839537395414,1
2059,0.735460316423853,0.757183348086539,1
2060,0.5125223863764006,0.7577615066432221,1
2061,0.5397128228470317,0.7582571585609702,1
2062,0.5979296785759008,0.7582592210258906,1
2063,0.4750607775211422,0.7584900274209758,1
2064,0.7366165459010309,0.7586058875192706,1
2065,0.6777297933442504,0.7586594127168262,1
2066,0.7369914487215693,0.7588004996144703,1
2067,0.5348095326108041,0.7591090386446812,1
2068,0.6915525099320725,0.7595456526954676,1
2069,0.449701611287489,0.7599327620516173,1
2070,0.5497875939256449,0.760763127645042,1
2071,0.7539488795187818,0.7619970211604178,1
2072,0.6793875415839946,0.7622000079532083,1
2073,0.656261380749182,0.7622254016255617,1
2074,0.7063152230747308,0.7627534961191665,1
2075,0.5428481932874836,0.7637932819114571,1
2076,0.6135707892055818,0.7638057331739113,1
2077,0.6652606037264399,0.7641179021358886,1
2078,0.7140149646084698,0.7642714996786312,1
2079,0.5296255873584345,0.7644340211935624,1
2080,0.5926002218345139,0.7645525819537837,1
2081,0.6014933879642955,0.7648095701975369,1
2082,0.4854525756996595,0.7648203082607417,1
2083,0.6811136748653851,0.7655533273553917,1
2084,0.28931182354363816,0.7655917765796364,1
2085,0.7387480653009066,0.765665950351552,1
2086,0.6005217724228796,0.7657844306616033,1
2087,0.4909082354218022,0.7658464904169331,1
2088,0.5291523279237316,0.765971473139091,1
2089,0.7035154505776426,0.7662929201400578,1
2090,0.5659881421501544,0.7666737234672646,1
2091,0.6455949047173107,0.7668532186432456,1
2092,0.6006534748146799,0.7671672023019,1
2093,0.7520143103556747,0.7671869727966468,1
2094,0.6624026911202658,0.7675239033661817,1
2095,0.48537468598321276,0.7675428188508693,1
2096,0.44321640811642415,0.7677227251527262,1
2097,0.7041808001009487,0.7678188710329431,1
2098,0.6387613167948794,0.7680400969634205,1
2099,0.6392901995899332,0.7680993989954589,1
2100,0.7559013273734041,0.7681082868345305,1
2101,0.7227390876259128,0.768169065221554,1
2102,0.5403774271179423,0.7681785816416056,1
2103,0.5564061737359401,0.7682916373115565,1
2104,0.7550043249416983,0.768386214036929,1
2105,0.619465636586051,0.7685347504525641,1
2106,0.5979551783697359,0.7687236642774489,1
2107,0.41072263190681246,0.7688339874017213,1
2108,0.47870324865832337,0.7695421676719134,1
2109,0.6701794388359842,0.7697603817891397,1
2110,0.5370058478684636,0.7698720322183902,1
2111,0.662701702506376,0.7699515313175804,1
2112,0.45069778708288,0.7706307032954735,1
2113,0.4933776272759526,0.7707755605754225,1
2114,0.7359361564515172,0.7708691414178949,1
2115,0.4142844079480049,0.770871170183309,1
2116,0.6956803657804254,0.7711415442210923,1
2117,0.643701953287541,0.7711651687710259,1
2118,0.44214490524283323,0.7711876754662691,1
2119,0.4783863559172741,0.7712542592434285,1
2120,0.6363382314618169,0.7712875467089857,1
2121,0.5626581465437257,0.7718404492428647,1
2122,0.4734409328491759,0.772002564520728,1
2123,0.6203827601919735,0.7722505057416992,1
2124,0.7217902535091542,0.7723344686884798,1
2125,0.4773131220559501,0.7726232493753363,1
2126,0.7292903790293227,0.772629011206075,1
2127,0.5966920717692364,0.7728026308860911,1
2128,0.682221658716708,0.7729416798430537,1
2129,0.6907121745103904,0.7731968850870315,1
2130,0.6021228041847537,0.773392593947395,1
2131,0.44387155435058157,0.7735868099804103,1
2132,0.7474079078583393,0.7743212952449642,1
2133,0.703044549121218,0.7743982219170136,1
2134,0.34766427298728153,0.7744420822077895,1
2135,0.4449520284990941,0.7744925935998522,1
2136,0.6873304166217249,0.7745558825542875,1
2137,0.6958537216152304,0.7746823166088004,1
2138,0.6759545849060536,0.7748180513176856,1
2139,0.5562054308580814,0.774871024816953,1
2140,0.6686310196888673,0.7753590370247287,1
2141,0.6444777951284806,0.7755633901763866,1
2142,0.5634546058338603,0.7756145313309879,1
2143,0.5459403214548658,0.7756914656887812,1
2144,0.4286704827877844,0.7756926664857771,1
2145,0.7726828894246554,0.7759531663924643,1
2146,0.4582619424025246,0.7762045965539064,1
2147,0.6123190898025448,0.7762563400795449,1
2148,0.6979463949665705,0.7763098113328225,1
2149,0.7051169995091676,0.7765998889390175,1
2150,0.6147045593084332,0.7766741294642487,1
2151,0.33666193787752163,0.7769161076774189,1
2152,0.5601229356656219,0.7769757503220333,1
2153,0.32851224855010364,0.777097475107725,1
2154,0.776784736312199,0.7771123391289645,1
2155,0.6934948864822909,0.7772883810931271,1
2156,0.5879208026048214,0.7774490615477665,1
2157,0.5930348707081841,0.7781622620990671,1
2158,0.5953997146117226,0.7783283953603284,1
2159,0.27100459671773736,0.7785064826547434,1
2160,0.5582550854364043,0.7787011752023851,1
2161,0.4944018836750893,0.7788101368528583,1
2162,0.6964550352827577,0.7790183813868531,1
2163,0.70948257523015,0.7791676181003164,1
2164,0.5692487426921853,0.7792113578680068,1
2165,0.5963021646779441,0.7797276944570006,1
2166,0.742916396593334,0.7801288447774333,1
2167,0.43090687537181593,0.7801671871562494,1
2168,0.5500015182776435,0.7807643669638686,1
2169,0.46105001608425755,0.7809010023976007,1
2170,0.6227195880196899,0.7809308816149602,1
2171,0.2906889310671805,0.7815215421672201,1
2172,0.37795760506804443,0.7815546686033621,1
2173,0.648934368249143,0.7816284022956576,1
2174,0.6311989414178002,0.7823984205346325,1
2175,0.4811889466692071,0.78240700026559,1
2176,0.42959216359614105,0.7824320568770329,1
2177,0.4938307417319021,0.7825042651820767,1
2178,0.4656723581814942,0.782572011745688,1
2179,0.6435847959798321,0.7828047853943105,1
2180,0.580084003592015,0.7828694869635056,1
2181,0.4735284718897327,0.7829086453212863,1
2182,0.7363844738469455,0.7829166822721751,1
2183,0.5847642287894723,0.7832794695858164,1
2184,0.530389996759844,0.7837732200811701,1
2185,0.5611624159960941,0.7841938253639194,1
2186,0.7238540609117109,0.7845503872946967,1
2187,0.7180493909507921,0.7847264723616355,1
2188,0.7179715583067711,0.7850765712557005,1
2189,0.7022905413817686,0.7863224314318553,1
2190,0.6299273133739017,0.7865752462653304,1
2191,0.6720309831960698,0.7866776046839864,1
2192,0.5271314298290436,0.7870758642839915,1
2193,0.5495274882861805,0.7873115440008968,1
2194,0.7417299159020655,0.7873686078519608,1
2195,0.6097994474728885,0.7875230678549999,1
2196,0.5893762410875986,0.7876171727584973,1
2197,0.6411801490297336,0.7878707575762689,1
2198,0.7796821976275191,0.7879873673698805,1
2199,0.3575173689139616,0.7880444279698224,1
2200,0.5384177182735231,0.7884107911389033,1
2201,0.5599038924051937,0.7889496799823678,1
2202,0.32001557008807524,0.7889694797758753,1
2203,0.2844038084696734,0.7889849753353652,1
2204,0.6960866732355759,0.7897368287632268,1
2205,0.773580912633406,0.7898755707221303,1
2206,0.7396756621673327,0.7900031966339515,1
2207,0.6188300686110623,0.7900268028559122,1
2208,0.7031177100548904,0.7902173404281955,1
2209,0.7360149208036075,0.7902603560248668,1
2210,0.6022203927607246,0.7908679578809591,1
2211,0.6407165742804471,0.7909074414071223,1
2212,0.7313784920671816,0.7910934194544774,1
2213,0.33264222912471886,0.7913755631067807,1
2214,0.6371717781536071,0.7919980774158457,1
2215,0.5035996174513157,0.7922336807483524,1
2216,0.6326788075786215,0.7927423377707415,1
2217,0.6448435541247095,0.7928090820394041,1
2218,0.7360977292806015,0.7929086583157107,1
2219,0.5237699887196965,0.7929661439545582,0
2220,0.3416897505592449,0.7931172805998962,1
2221,0.7866318304578187,0.793168706246117,1
2222,0.7426559103386723,0.7933720462575269,1
2223,0.7387480653009066,0.7935548749926008,1
2224,0.4286704827877844,0.794042819717808,1
2225,0.3668661790833162,0.7942340997367786,1
2226,0.6768923842184956,0.794371219748289,1
2227,0.6707124909952844,0.7944068895238136,1
2228,0.4306080626971003,0.7947343343460882,1
2229,0.6527211488609704,0.7947758762166224,1
2230,0.5348095326108041,0.7949356442928687,1
2231,0.7138355871697171,0.7950539685848734,1
2232,0.6977099664074669,0.7950956683278629,1
2233,0.7787091332254558,0.7952955871689632,1
2234,0.5540909888519285,0.7953401185612817,1
2235,0.6690668254929997,0.7953634514687677,1
2236,0.5787658205663492,0.7955613927794247,1
2237,0.5938447346079597,0.7957448843195224,1
2238,0.7266777992493988,0.7958382963583431,1
2239,0.7471172552434654,0.7958561909222173,1
2240,0.7767720975265201,0.7963310304292236,1
2241,0.31745740707565495,0.7968431277486385,1
2242,0.31670954700386267,0.7970376175014735,1
2243,0.5306511121106956,0.7970641324335845,1
2244,0.41889421629977885,0.7972499501807105,1
2245,0.3676348243965968,0.7974754310585707,1
2246,0.5586787106793,0.7976514296027825,1
2247,0.6251771189474767,0.7977684168395608,1
2248,0.2336287243223768,0.7979278443694646,1
2249,0.6993243300114067,0.7980373349308378,1
2250,0.5448737445697733,0.7981441772489615,1
2251,0.7031177100548904,0.7982360889786896,1
2252,0.5835586374901942,0.7983527242525644,1
2253,0.7463435849828404,0.7985025871081408,1
2254,0.732334542248327,0.7986690296110514,1
2255,0.6719534881813223,0.798697596164571,1
2256,0.6527435756320751,0.7987874321181773,1
2257,0.7011182009130509,0.7993771620944847,1
2258,0.5022279254984471,0.7994081050579863,1
2259,0.6671299585637456,0.7995775375660583,1
2260,0.7791181856073924,0.7996912219515961,1
2261,0.7966885670756982,0.7997861497742779,1
2262,0.470995930149677,0.7998835274620638,1
2263,0.7820136528831751,0.8005103032291995,1
2264,0.6173526082936954,0.8006459127449383,1
2265,0.7408117316919615,0.8006831623449874,1
2266,0.733892756549023,0.8009719370766547,1
2267,0.7350374741099053,0.8010507759175652,1
2268,0.7643292604409444,0.8013520721622961,1
2269,0.7003915202155143,0.8014362318453244,1
2270,0.7710567397399287,0.8014603652447345,1
2271,0.6367612211206994,0.8014616504964426,1
2272,0.6480456524018375,0.8016911214710003,1
2273,0.5196216461372007,0.8017998650365467,1
2274,0.5485116202649278,0.8018521351608807,1
2275,0.36778146084293306,0.8018630309992497,1
2276,0.7905244995727421,0.8019668432547318,1
2277,0.6941727543793745,0.8019902636163642,1
2278,0.42475562263959954,0.8021505151452653,1
2279,0.6752545152635677,0.8022518382199176,1
2280,0.47138811580069706,0.802399351592692,1
2281,0.7704880059832151,0.8025357655192626,1
2282,0.5326094673006841,0.8028009068958103,1
2283,0.5438678626958005,0.8029761145633141,1
2284,0.6463276202212561,0.8030328986887714,1
2285,0.7397178834989486,0.8032170301378871,1
2286,0.48119430986801826,0.8035183299160787,1
2287,0.7363049975665164,0.8038269727667758,1
2288,0.6564271294383885,0.8039492684977801,1
2289,0.5992898078214801,0.8040570892665254,1
2290,0.35745112043607463,0.8040965000722601,1
2291,0.45124713493249646,0.8041608248594564,1
2292,0.719000438780159,0.8042525308811506,1
2293,0.741990406484505,0.8043856479140294,1
2294,0.6478475645055558,0.8046644806613857,1
2295,0.49431104717759744,0.8048619121609857,1
2296,0.7008315206419179,0.805004504314322,1
2297,0.5450026266327002,0.8050446327653167,1
2298,0.6844700482367183,0.8050592857043972,1
2299,0.7358590849828373,0.8053813651613986,1
2300,0.7420952491839911,0.8053838519454796,1
2301,0.5779819562750026,0.8055711552166614,1
2302,0.7789506345031159,0.8055852448530134,1
2303,0.7879084292679076,0.8055880235287473,1
2304,0.7298194874681894,0.8055893130723021,1
2305,0.68674471221692,0.8056884748279396,1
2306,0.6098333770142871,0.8059081393682591,1
2307,0.5489949498532194,0.8059210950605912,1
2308,0.6204947836976309,0.806137748755383,1
2309,0.690111751407679,0.8065678877735929,1
2310,0.7428965836544348,0.8067927669890043,1
2311,0.6746274893752656,0.8068471703238969,1
2312,0.5009072989209669,0.8073041726442295,1
2313,0.5854072425449457,0.8083786858787987,1
2314,0.6918001902764355,0.8088224490748441,1
2315,0.6706104086574656,0.8091363265491506,1
2316,0.7515863937303505,0.8091479062298567,1
2317,0.5730547432121995,0.8100841686483308,1
2318,0.7332963564065277,0.8101155917836995,1
2319,0.6334801509793889,0.8104216513389082,1
2320,0.7613529395302233,0.810732320529929,1
2321,0.5514073406293513,0.8109245825495105,1
2322,0.25645707032473974,0.8111990772977213,1
2323,0.7432388195142953,0.8112307618348737,1
2324,0.6077194630161014,0.8112740341741198,1
2325,0.6841414555381746,0.8113621643097714,1
2326,0.5787079772325002,0.8121724659849514,1
2327,0.7353063766473704,0.8128647469065216,1
2328,0.2671398391628933,0.8130402773213962,1
2329,0.5352733165236472,0.8130566834917656,1
2330,0.6172940584377906,0.8134566013457525,1
2331,0.7659568404442294,0.8136905347713305,1
2332,0.6751799971012328,0.8137758243774537,1
2333,0.5298872739431226,0.8138583306760538,1
2334,0.6943295346237207,0.8139607410776293,1
2335,0.5086928944876851,0.8142123780399033,1
2336,0.5289628391680649,0.8143400971996063,1
2337,0.5336045569024025,0.8144358400566046,1
2338,0.7994184665388355,0.8144925533351303,1
2339,0.6776567521439544,0.8146348878143446,1
2340,0.5772309170288592,0.8147237024674835,1
2341,0.5466559438445173,0.8147401682146619,1
2342,0.740879257474197,0.8149731251131557,1
2343,0.7003370500806942,0.8149818255700773,1
2344,0.4332067140953818,0.8151787153249964,1
2345,0.7964461893821667,0.815227784174503,1
2346,0.6135455326304576,0.8152978032209443,1
2347,0.702928828980349,0.8153420392519936,1
2348,0.7372652724459928,0.8154213812763107,1
2349,0.5584004268074617,0.8154347900741503,1
2350,0.4956306450918577,0.8155721769802322,1
2351,0.32461144068124737,0.815705138234238,1
2352,0.8127070017348883,0.816070621308393,1
2353,0.7924797465813487,0.8161754049309141,1
2354,0.7658109167841403,0.8165598613902416,1
2355,0.33987186939784586,0.8166451570118877,1
2356,0.5273590542486205,0.8167877841158578,1
2357,0.8051348933004449,0.8168067842271908,1
2358,0.47579316771326696,0.8171184097607394,1
2359,0.23315137344322245,0.817121164919954,1
2360,0.5085863304193057,0.8177107882071262,1
2361,0.49634469048760976,0.8180091987114639,1
2362,0.7243513510477244,0.8180274585137445,1
2363,0.7220696485381339,0.8183209759989738,1
2364,0.4778098629280835,0.8186941715740064,1
2365,0.6962508874650479,0.8193086728882637,1
2366,0.7762200891320693,0.8195393660149071,1
2367,0.6854231985014825,0.8199166916230155,1
2368,0.584815891992645,0.8200348365888808,1
2369,0.42364232863340323,0.8202730167417485,1
2370,0.575921331247358,0.8203039474876846,1
2371,0.6791394235442114,0.8203080325644998,1
2372,0.6250861535381045,0.8205739210841295,1
2373,0.5212461396106426,0.8209921615139277,1
2374,0.4256678379474603,0.8211121090714014,1
2375,0.6142244393544901,0.8216635984721888,1
2376,0.787158997050265,0.8217771912921131,1
2377,0.4219336384479214,0.8217879111729675,1
2378,0.7934304879877812,0.8218681499655154,1
2379,0.3252174766865229,0.8219350591774085,1
2380,0.5830630275978174,0.8219426464084341,1
2381,0.4142844079480049,0.8223240719220806,1
2382,0.6091667225455344,0.8223667902049135,1
2383,0.6011131084688494,0.8224716008844678,1
2384,0.6873139267919096,0.8230754408962664,1
2385,0.7124474679448605,0.8230885970084403,1
2386,0.5259586457949671,0.8235076519485477,1
2387,0.5609876878314667,0.8235092847903847,1
2388,0.747292140219891,0.8238918035123304,1
2389,0.6058645209082966,0.8239192369661263,1
2390,0.7743675481040283,0.8240074816040814,1
2391,0.7465917100967894,0.8240204470511407,1
2392,0.3184283306064791,0.8242338704170955,1
2393,0.6066019499258223,0.8244562355785247,1
2394,0.5333697859956833,0.8244678992560501,1
2395,0.5443473266994089,0.824468276873717,1
2396,0.41743776854372505,0.8245717935115744,1
2397,0.6179139400601229,0.8246976222449801,1
2398,0.3943516330791055,0.824870117099031,1
2399,0.4493380174844309,0.8253715930903021,1
2400,0.5403420794033666,0.8253924030833731,1
2401,0.42067304272351824,0.8254490888088457,1
2402,0.5886921813397403,0.8254956601848902,1
2403,0.5871406889555504,0.8255995247413297,1
2404,0.6396537103211835,0.8260443002459182,1
2405,0.6210419606004859,0.8261234683783335,1
2406,0.5195143164043822,0.8261550425165026,1
2407,0.7003915202155143,0.8262700935245001,1
2408,0.5377099635090539,0.8267362854282546,1
2409,0.574224260309029,0.8268864962582076,1
2410,0.6173297947617508,0.8269743263927196,1
2411,0.37919374691229724,0.8271990323157852,1
2412,0.5391164453529709,0.8274126864441003,1
2413,0.6729027044995003,0.8275502796447579,1
2414,0.4641952893769242,0.8275979578190457,1
2415,0.31617006645599,0.8276024039246817,1
2416,0.5277332770868567,0.8278804360619648,1
2417,0.6292835167242303,0.8279286064014744,1
2418,0.728642457411593,0.8279408300345759,1
2419,0.8233850861109685,0.8280237735479288,1
2420,0.663088470935311,0.8281716436124019,1
2421,0.5129911906262768,0.8285616261200065,1
2422,0.6098182528768364,0.8288386284048115,1
2423,0.3540710503801038,0.8288421590446864,1
2424,0.7198498275193534,0.8289301307723306,1
2425,0.6767287257447393,0.8292349852814888,1
2426,0.6663093688548375,0.8293465895020076,1
2427,0.7973645908460963,0.8296124133078685,1
2428,0.6605265718602814,0.8299014396613635,1
2429,0.5709671893112773,0.8299810634973139,1
2430,0.5586022430124113,0.8300659879158144,1
2431,0.656261380749182,0.8301592799180124,1
2432,0.5601229356656219,0.830178296755028,1
2433,0.7530773964982969,0.8302743114338069,1
2434,0.5897784592898287,0.8303046232935468,1
2435,0.5085863304193057,0.8304899673396375,1
2436,0.5134182558081506,0.8305070176908875,1
2437,0.738563597160304,0.8305171388614498,1
2438,0.5444667108782707,0.830700377564752,1
2439,0.3866497423807089,0.8309630443631679,1
2440,0.6629820919782287,0.8313295107789863,1
2441,0.22259382657511406,0.8314972544313873,1
2442,0.784268596734795,0.831585585126162,1
2443,0.5260036397894277,0.8316926270828887,1
2444,0.7627353812256175,0.8317016073375472,1
2445,0.6209610005040133,0.83175329082251,1
2446,0.5736921981239376,0.831790424353938,1
2447,0.5258562000352373,0.8319402557501094,1
2448,0.4845456286010873,0.8320003463811679,1
2449,0.553829129198708,0.8321610334828137,1
2450,0.6530862481746696,0.8323522516265486,1
2451,0.5633861404645437,0.8323857688261189,1
2452,0.7939099415034112,0.832473667633175,1
2453,0.7234756990818616,0.8325746417842667,1
2454,0.6216791012264707,0.83267085243081,1
2455,0.8246602395803491,0.8329053146212718,1
2456,0.3436867320743615,0.8329439232394894,1
2457,0.5211495101362725,0.8330044922420753,1
2458,0.5131103901327735,0.8330891259071826,1
2459,0.7581606336889073,0.8332438289661106,1
2460,0.4805321216227121,0.8333561923073034,1
2461,0.8315291632207427,0.8334715257178651,1
2462,0.7497116479679486,0.8334988408329445,1
2463,0.7790820057792192,0.8336035856537851,1
2464,0.8099973983453068,0.8338450756182662,1
2465,0.8070732704679561,0.8338675560709974,1
2466,0.6663327703847276,0.8341650243326642,1
2467,0.7200445025885935,0.834443891724239,1
2468,0.6629309622982267,0.8347427876272616,1
2469,0.6661988413960215,0.8347497091075498,1
2470,0.4998268235535882,0.8349381071313646,1
2471,0.7408117316919615,0.8349504005604298,1
2472,0.6773547199513004,0.8350072117443234,1
2473,0.7720975318735028,0.8351793161097547,1
2474,0.6218937287441174,0.8354682354967203,1
2475,0.638723102660093,0.8354932004322789,1
2476,0.6739128482524406,0.8356873097715416,1
2477,0.6722969293634258,0.8356938214403912,1
2478,0.7052796571604389,0.8359238869446092,1
2479,0.6907121745103904,0.8362161857369814,1
2480,0.4493034960511233,0.8362359786129921,1
2481,0.6359139970351779,0.8367339155715603,1
2482,0.7638198274864748,0.8372781478415753,1
2483,0.6327654241977273,0.8374277894857213,1
2484,0.5997416731765639,0.8375472571481085,1
2485,0.7794972195919058,0.8378949706124784,1
2486,0.5692487426921853,0.8379684132345484,1
2487,0.5523393378626372,0.8379822903574013,1
2488,0.7406018796699059,0.8381275071331017,1
2489,0.5775114778405201,0.8382964981659214,1
2490,0.7948379686163212,0.8385354264218282,1
2491,0.748225030192022,0.8387804861487647,1
2492,0.4015160556884555,0.8388444336095678,1
2493,0.7939300344876179,0.8392301228124515,1
2494,0.2858434370998806,0.839343026192793,1
2495,0.5051850250683986,0.8395399389453849,1
2496,0.830460834527582,0.8397930751970729,1
2497,0.44078064574938747,0.8400832215474848,1
2498,0.5790308382231474,0.8401121921143725,1
2499,0.7053935260277464,0.8401730005967527,1
2500,0.6660749242176138,0.8403511255497437,1
2501,0.7668072566079639,0.8404530265024008,1
2502,0.7700879492218622,0.8406227719018657,1
2503,0.6736820887993293,0.8407714395623344,1
2504,0.6579654711350681,0.8407983401453208,1
2505,0.3416897505592449,0.8408308062854984,1
2506,0.4298569312232102,0.8411032900248375,1
2507,0.7409343935962143,0.8411827543797442,1
2508,0.48472181350641774,0.8413798959948835,1
2509,0.7099451706047724,0.8415252905063157,1
2510,0.5041751909445562,0.8416306452351696,1
2511,0.6888410258308695,0.8417717518666202,1
2512,0.5804810665796881,0.8418849719890268,1
2513,0.3465429108136713,0.8419862743560924,1
2514,0.667387867268449,0.8421300272251354,1
2515,0.37824526773995193,0.8421527164283298,1
2516,0.2892738025982249,0.8427131646934951,1
2517,0.41743776854372505,0.8427188211749852,1
2518,0.2002644462409131,0.842732706685775,1
2519,0.8223014416166645,0.8429611423516618,1
2520,0.6906746182061049,0.8431915791627744,1
2521,0.5987030453497513,0.8433132688666034,1
2522,0.6934948864822909,0.8434185050685727,1
2523,0.5751224093238722,0.8434480056531974,1
2524,0.4417446886941374,0.8436204213182648,1
2525,0.618248602028661,0.8436790755326872,1
2526,0.8376670218643922,0.8437362037529503,1
2527,0.5946068209997899,0.8439366857775578,1
2528,0.7654707137322442,0.844754233216568,1
2529,0.4365649606673022,0.8450570610505483,1
2530,0.6388253020051978,0.8450793455825462,1
2531,0.5193349194117267,0.8452299664230712,1
2532,0.36253838080319145,0.8454424420414085,1
2533,0.5542650251001261,0.8455596846373921,1
2534,0.6206087880378146,0.8458685041063189,1
2535,0.6431134862997919,0.8460264418985161,1
2536,0.8181185876927042,0.8461471362011219,1
2537,0.7665448421637852,0.8463804799450838,1
2538,0.6123401336665484,0.8463977308305076,1
2539,0.6367612211206994,0.8464688748896911,1
2540,0.5986599944111151,0.8465945241227343,1
2541,0.7249078252016621,0.8466625585201365,1
2542,0.8278434657043435,0.8466842714654818,1
2543,0.5180780153410918,0.8467110359640837,1
2544,0.7769142783418678,0.8468188766302133,1
2545,0.5836081262461041,0.8469441771427031,1
2546,0.6629820919782287,0.8470118750692147,1
2547,0.7662498235516412,0.8473644884095505,1
2548,0.4637663499778468,0.8473656744812627,1
2549,0.6203827601919735,0.8476866969053531,1
2550,0.26666119944187305,0.8478526403070884,1
2551,0.6094773969398003,0.847896146652065,1
2552,0.5215766081146775,0.8479668213534723,1
2553,0.4321402655686457,0.8479963544377132,1
2554,0.7197345583322169,0.848202571748464,1
2555,0.4788581330932843,0.8487123902272418,1
2556,0.792130718601966,0.8487262815427653,1
2557,0.42960682048119636,0.848827358047961,1
2558,0.5270642241118998,0.8488781919719081,1
2559,0.7386515064766157,0.8490637514161912,1
2560,0.3761756282908134,0.8492598590070831,1
2561,0.5017124129559605,0.849490100862513,1
2562,0.629644240949583,0.8495111454897368,1
2563,0.7318516856605402,0.84964391051668,1
2564,0.5477045538957023,0.8500984758281418,1
2565,0.5852299650148173,0.8507039147196963,1
2566,0.2136155489008178,0.8509179257821836,1
2567,0.7537033792889278,0.8509945391674043,1
2568,0.5993424214320222,0.8510086117420725,1
2569,0.8261332443572217,0.8510564494548569,1
2570,0.6052799658013822,0.8510587215306229,1
2571,0.6363686229997466,0.8511450872594548,1
2572,0.5116667693129594,0.8513172997067776,1
2573,0.44078064574938747,0.8513450542305179,1
2574,0.5788999293841411,0.8513518940078931,1
2575,0.5799031883519287,0.8515808607850153,1
2576,0.6263806915756178,0.8520267887075318,1
2577,0.5980291236131492,0.8520286531558782,1
2578,0.4088236256636125,0.8522170798724518,1
2579,0.38146020848128515,0.8522253571940738,1
2580,0.6154153243055784,0.8531319285657768,1
2581,0.8367317646175587,0.8532104919950516,1
2582,0.6770522085963231,0.8536987550751632,1
2583,0.7046081193449298,0.8538504486510747,1
2584,0.6048484405803579,0.8539482142083512,1
2585,0.6618899708970545,0.854141658294891,1
2586,0.7890488884113017,0.8542398366077252,1
2587,0.6431134862997919,0.854248066352546,1
2588,0.66911827433005,0.8545441051566672,1
2589,0.670911886478943,0.8547805961482953,1
2590,0.43996400691230153,0.8549074220271364,1
2591,0.47138811580069706,0.8550379981626565,1
2592,0.6505107891482476,0.8551204427861523,1
2593,0.38608639927418853,0.8552374935332973,1
2594,0.6181427150343691,0.8552795803518519,1
2595,0.8069548664194305,0.8554291396092875,1
2596,0.7084202108640338,0.8560467500677104,1
2597,0.6169598754200015,0.8560890073988703,1
2598,0.7318188459412459,0.856149507045651,1
2599,0.2415968929351321,0.8562536193782552,1
2600,0.4906085909534136,0.8563096243391105,1
2601,0.418872946938594,0.8566704779748274,1
2602,0.7832440695054794,0.856692226770316,1
2603,0.7877060306249931,0.8568726748793352,1
2604,0.5730547432121995,0.8569199538106739,1
2605,0.5847207034811188,0.8569775536164068,1
2606,0.7118563228856268,0.8572354897210405,1
2607,0.7264558036588068,0.8573333616592459,1
2608,0.5787658205663492,0.8575210045727379,1
2609,0.4448640396745309,0.8576266661493367,1
2610,0.6125180548105658,0.8576912494189368,1
2611,0.4205877022235578,0.8577550669805827,1
2612,0.7434708723321316,0.8577999082175415,1
2613,0.7658109167841403,0.8579084674353248,1
2614,0.5003684588688393,0.8579317472054778,1
2615,0.49801017771335,0.8579928328335683,1
2616,0.8476378105058804,0.8582580543796746,1
2617,0.4300761932416737,0.8584813984299503,1
2618,0.6204947836976309,0.85853155710573,1
2619,0.28752739475028666,0.8585869421312259,1
2620,0.7393588655763118,0.8586262390862516,1
2621,0.4048595514455706,0.8587487258775356,1
2622,0.7979467684949829,0.8589791388026262,1
2623,0.6087525127369494,0.85899903739588,1
2624,0.6139869869070299,0.8590840013693698,1
2625,0.640995796995888,0.8593017153567737,1
2626,0.719362915617553,0.8594457651610943,1
2627,0.7283069426036541,0.8595211350666571,1
2628,0.7885722556167243,0.8596946627843887,1
2629,0.4249776214358443,0.8597954473545615,1
2630,0.8332416467863302,0.8601280360988387,1
2631,0.44321640811642415,0.8601959708466597,1
2632,0.7228452932745172,0.8604498613963983,1
2633,0.528826222758768,0.8606947905561929,1
2634,0.533146382264666,0.8608200090548703,1
2635,0.5830893871090268,0.8609513602299266,1
2636,0.5923862555407008,0.8610967519141848,1
2637,0.6135707892055818,0.8612316077326782,1
2638,0.6189143138310779,0.8613513103975773,1
2639,0.6072152871986841,0.86145434485491,1
2640,0.820583163157909,0.8615364992119462,1
2641,0.5085585937838104,0.8616014324782235,1
2642,0.7215794919646713,0.8617134174624435,1
2643,0.5403420794033666,0.8617372362254543,1
2644,0.7741494725032477,0.8618716858126501,1
2645,0.49396570178359056,0.861891639252178,1
2646,0.6312386848381324,0.8623873480914858,1
2647,0.5172125169944399,0.8624278943156569,1
2648,0.6266087521553442,0.8624586182762353,1
2649,0.525714497939007,0.8624760208395289,1
2650,0.7235141282420348,0.8629863095124787,1
2651,0.8312386412240277,0.8630332765477848,1
2652,0.5444723356016726,0.8630635367674064,1
2653,0.7252132201537234,0.8630755906793274,1
2654,0.8205441583621939,0.863122315320633,1
2655,0.3170325726924016,0.8633289637910089,1
2656,0.5206123845061165,0.8633550074198707,1
2657,0.8181185876927042,0.8634812583918158,1
2658,0.6736785040550537,0.8635726856898434,1
2659,0.6483030490781976,0.863799153037269,1
2660,0.6501140740589333,0.8639302016027752,1
2661,0.6216791012264707,0.8639332832079778,1
2662,0.2637739204365057,0.864038175722273,1
2663,0.8520525409864752,0.8640746963654854,1
2664,0.6407165742804471,0.8642453142169192,1
2665,0.39580195765289417,0.8644001209488757,1
2666,0.5841014928705338,0.8645207782378718,1
2667,0.43160383821012815,0.8646176981547616,1
2668,0.6634755555136804,0.8646960526855139,1
2669,0.7068973968472032,0.8647250513271174,1
2670,0.6401849394120814,0.8651123116826231,1
2671,0.6135396566843929,0.8651556981228262,1
2672,0.4432439241150248,0.8652346712739993,1
2673,0.7813229590016054,0.8656163689513368,1
2674,0.6844903423758185,0.86643007893556,1
2675,0.7252132201537234,0.8666551264865554,1
2676,0.6781737579377828,0.866733276752986,1
2677,0.818123356766017,0.8668079519754294,1
2678,0.42281446412372303,0.866886168489894,1
2679,0.7087444840867061,0.8669647973262716,1
2680,0.7753400349282558,0.8669743176804882,1
2681,0.43218805753532374,0.8670410585375262,1
2682,0.6844884286936757,0.867046435666808,1
2683,0.7388645861620602,0.8670533089955018,1
2684,0.5638701505963535,0.8678073337699619,1
2685,0.7018242164068159,0.8678417077872934,1
2686,0.8580195549979568,0.867963144559565,1
2687,0.32409065633165446,0.867991622798747,1
2688,0.5817763458930729,0.8680623296942384,1
2689,0.5623196585548541,0.8682075549226707,1
2690,0.517693155332114,0.8682601098659543,1
2691,0.7017386495175207,0.86851945136014,1
2692,0.3775792447335631,0.8686739920489093,1
2693,0.7787091332254558,0.8687656564836024,1
2694,0.6038466764560797,0.8687815614859848,1
2695,0.7089949737761377,0.8691102043879861,1
2696,0.7895591770638576,0.869314642657276,1
2697,0.6844903423758185,0.8696693859100663,1
2698,0.5849926920290868,0.8703899958538944,1
2699,0.6971664001974477,0.8704574474464964,1
2700,0.6320232759510303,0.8705524508373667,1
2701,0.7071636262661062,0.8707274856124094,1
2702,0.6053739144000572,0.8708593192936301,1
2703,0.7986666543650426,0.8710234114086661,1
2704,0.5460713013468425,0.8711090255093075,1
2705,0.5248856453752271,0.8711268950153894,1
2706,0.47264060288273524,0.8713834727761153,1
2707,0.6814116356184944,0.8714078595594508,1
2708,0.5363611326509425,0.8714836739976202,1
2709,0.8158559642619152,0.8714931758674497,1
2710,0.3974300302904912,0.8716212820392498,1
2711,0.8277510746733234,0.8716669926810682,1
2712,0.44163677279154234,0.871841361413047,1
2713,0.13862466161489218,0.8720423233902427,1
2714,0.40539240108344987,0.8721253698173721,1
2715,0.527567581151686,0.8723648117035897,1
2716,0.6971263581567269,0.8725051355214722,1
2717,0.786103145042233,0.8725614856500634,1
2718,0.5050477934795308,0.8725740223762006,1
2719,0.6844935707801023,0.8726052908849767,1
2720,0.6524234583295637,0.872757747765258,1
2721,0.742564392945836,0.872845814827301,1
2722,0.1949705301583171,0.8729245076573497,1
2723,0.5482954850780424,0.8729293297165724,1
2724,0.6960866732355759,0.8730513136654864,1
2725,0.7256881219572506,0.8731141945711428,1
2726,0.403485449406933,0.8731252592419905,1
2727,0.7349154708513156,0.8732447853802398,1
2728,0.602234057926296,0.8733530996116761,1
2729,0.41576032760561654,0.8735319649857352,1
2730,0.6479797021370476,0.8736882252385028,1
2731,0.6801920804535769,0.8737100774994977,1
2732,0.557353025461769,0.8738863886888834,1
2733,0.7929537107526349,0.8740099852183437,1
2734,0.5215905051356443,0.8741150205433245,1
2735,0.7462118501582377,0.8741298603424079,1
2736,0.786103145042233,0.8741382537109033,1
2737,0.7871741232764423,0.8741431648852943,1
2738,0.44807713223389056,0.8744337686470331,1
2739,0.504899493534105,0.8746709359349448,1
2740,0.5843471814274621,0.8747699276992866,1
2741,0.4862901297719414,0.8749771265575002,1
2742,0.6752545152635677,0.8750156374992827,1
2743,0.46446120008365843,0.8752376310462621,1
2744,0.5847642287894723,0.8752640171699919,1
2745,0.7609991914044072,0.8756107934387567,1
2746,0.8051980113563235,0.8756414286303923,1
2747,0.8058715674248512,0.8757659219510644,1
2748,0.6226476945216707,0.8759001500828112,1
2749,0.5544024995681486,0.8759119494167347,1
2750,0.2758320598685102,0.876260337691851,1
2751,0.7260617487132005,0.8763838969169456,1
2752,0.7485296279429393,0.876493497192022,1
2753,0.29390707045115594,0.8765475212011574,1
2754,0.8058757162702582,0.8765519731261153,1
2755,0.7639625483563762,0.87660719959112,1
2756,0.44693160042261604,0.8766419130852031,1
2757,0.4423686684621716,0.8767439556542702,1
2758,0.4883720010030641,0.8769484634641691,1
2759,0.6308332338568641,0.877007381490292,1
2760,0.318048786050389,0.8770529241575077,1
2761,0.5744678009784049,0.8770933284071766,1
2762,0.47081598364180277,0.8774484582987175,1
2763,0.5106147581906072,0.8774557956098968,1
2764,0.5984663463686236,0.8775676464983638,1
2765,0.6251771189474767,0.8778589024309197,1
2766,0.6006534748146799,0.8778923550946734,1
2767,0.5781275910846347,0.8779765948867593,1
2768,0.8443519035541673,0.8788140080531343,1
2769,0.6280007049946064,0.878839764365484,1
2770,0.5749915695305853,0.8791225613760891,1
2771,0.8087507874333757,0.8792334402045457,1
2772,0.565559914640935,0.8792602304525823,1
2773,0.5793027781236127,0.8795030457168269,1
2774,0.5007937007569534,0.8796687880975628,1
2775,0.45660108259099275,0.8797150612915777,1
2776,0.6392118572285669,0.8797581689633822,1
2777,0.47638791442317385,0.8799587864319639,1
2778,0.7921350494384776,0.8801400115514063,1
2779,0.2813812317653226,0.8801725516332006,1
2780,0.5858834841186451,0.8802356892004484,1
2781,0.8553179450344567,0.8803797365169266,1
2782,0.5904250643220583,0.8806729339422814,1
2783,0.7771528351193958,0.8810005697111717,1
2784,0.702584390171597,0.8812215953424349,1
2785,0.6788214379057034,0.8814825193858369,1
2786,0.43220607725747073,0.8816968882608887,1
2787,0.7157046194436177,0.8817876340844614,1
2788,0.7409343935962143,0.8821128524589747,1
2789,0.8301603719151718,0.8825265841412859,1
2790,0.34968596694294785,0.8825438495925975,1
2791,0.4822342194269278,0.882628490100445,1
2792,0.8097807868817155,0.8827557089172389,1
2793,0.7893175840808233,0.883061252923719,1
2794,0.5637003604345112,0.8832130244555392,1
2795,0.610591602620035,0.8833160397632076,1
2796,0.5207110798122754,0.8838145158157857,1
2797,0.8798440409607017,0.883874984842626,1
2798,0.8467695493587354,0.8839394790798698,1
2799,0.6250861535381045,0.8842202563941605,1
2800,0.5116506071649491,0.88436924658005,1
2801,0.775402299393862,0.884442455386734,1
2802,0.7071636262661062,0.8847158907534836,1
2803,0.6301489954103802,0.8849184008378695,1
2804,0.7654312566898035,0.8850239974747399,1
2805,0.6477072717867773,0.8852159689661004,1
2806,0.737014055217282,0.8853333401065356,1
2807,0.5702628057188961,0.8853704138656661,1
2808,0.7559013273734041,0.8853865046617665,1
2809,0.37115107463789665,0.8853920112417399,1
2810,0.6767247576812477,0.8857835177883221,1
2811,0.46261146151384447,0.8859655100828404,1
2812,0.7969707659092321,0.8859941396279283,1
2813,0.4525762704119084,0.8859957204691193,1
2814,0.5591761946676459,0.8860772446473698,1
2815,0.6464725328918329,0.8861472889532308,1
2816,0.5071340150439495,0.8865628900855957,1
2817,0.590298473514416,0.8866896204509437,1
2818,0.4372572759560789,0.8868676007449264,1
2819,0.821611927607754,0.8869124059676646,1
2820,0.8810280814204097,0.8869998802188264,1
2821,0.6008364816284252,0.8870995459816448,1
2822,0.33089207291121636,0.8872344340625995,1
2823,0.5529887331537605,0.8875966209795287,1
2824,0.52586391807216,0.8878378343599823,1
2825,0.6332961429560746,0.8878812130037774,1
2826,0.8697653796392314,0.8880398756946006,1
2827,0.6846602901641923,0.8880508005384473,1
2828,0.6207559800640406,0.88811998003115,1
2829,0.7193576407761016,0.8882037135950026,1
2830,0.7008315206419179,0.8884261360135253,1
2831,0.7421259050410719,0.8885583215143766,1
2832,0.8391317041190736,0.8886970146509526,1
2833,0.44592953659012846,0.8887625285260425,1
2834,0.6478681929131148,0.888814057275321,1
2835,0.8851774282186595,0.8890126888362271,1
2836,0.6078064978711509,0.8892159356141464,1
2837,0.8596875167295085,0.8892380391706267,1
2838,0.8566069316152946,0.8893388578657532,1
2839,0.4020755445592612,0.8893749722894881,1
2840,0.6298634200585035,0.8896216181867747,1
2841,0.6008364816284252,0.8897066163077033,1
2842,0.7518725920556909,0.8897925881120733,1
2843,0.4164174785413749,0.8898223077626408,1
2844,0.5589518952096232,0.889868998799862,1
2845,0.7165353341851062,0.889999648704983,1
2846,0.615731739528563,0.8901515906924414,1
2847,0.7432719013574364,0.8901542762672291,1
2848,0.4808535846096118,0.8902003220545317,1
2849,0.6318177733695881,0.8902314406043096,1
2850,0.41679634806165344,0.8903496781524752,1
2851,0.3720819680780415,0.8904536578539203,1
2852,0.8396593554562142,0.890517127837979,1
2853,0.7444872428969335,0.8906181029118667,1
2854,0.8535698540908128,0.8910699280312051,1
2855,0.5188287873763984,0.8911580283399113,1
2856,0.7004311016548839,0.8912095577146213,1
2857,0.45231049854439864,0.8914280831444918,1
2858,0.7372652724459928,0.8914296665244495,1
2859,0.820583163157909,0.891636111497484,1
2860,0.6912766767208965,0.8916788887563929,1
2861,0.7488640719205356,0.8916828042527091,1
2862,0.7555794767900375,0.8918484146840963,1
2863,0.740879257474197,0.8919581495945557,1
2864,0.4348399104177304,0.8920918290237339,1
2865,0.6343292120981311,0.8921171549148563,1
2866,0.8630223346730925,0.8921192620159258,1
2867,0.5814412235253753,0.8922271397824224,1
2868,0.8892065695769956,0.8922538701096576,1
2869,0.49401590465808476,0.8924699956605334,1
2870,0.5067249332384011,0.8928169301498047,1
2871,0.7762200891320693,0.8930252373840357,1
2872,0.24587890515298405,0.8931081290265308,1
2873,0.7957169121598062,0.8934613422343306,1
2874,0.549974577743993,0.8936512822409307,1
2875,0.5104525754907266,0.8938073329863698,1
2876,0.6266087521553442,0.8938457529703909,1
2877,0.4526165867078028,0.8940134979148135,1
2878,0.6979264157558188,0.8942351225433117,1
2879,0.705245002719423,0.8943899973974794,1
2880,0.46207774092104825,0.8945012601735962,1
2881,0.8933142078663248,0.8949937034722284,1
2882,0.7491769239549652,0.8950600169110019,1
2883,0.4468820549155863,0.8951812367397097,1
2884,0.4300761932416737,0.8951825291224147,1
2885,0.594348025953727,0.8951905470668214,1
2886,0.49936470669535227,0.8954906647574173,1
2887,0.8286172962042316,0.8956601468278906,1
2888,0.5626581465437257,0.8958399446314382,1
2889,0.495614472322513,0.8963560478488956,1
2890,0.5992898078214801,0.896368829809055,1
2891,0.8295597084512527,0.8966649547982777,1
2892,0.5416645970074728,0.8967584434714122,1
2893,0.7489688112100775,0.896790497918797,1
2894,0.23241404832741197,0.8968174770179106,1
2895,0.833432176515976,0.8971406475046446,1
2896,0.6455949047173107,0.8971567827273685,1
2897,0.5663623347762727,0.8971587139038536,1
2898,0.6815336684401642,0.8974149775355703,1
2899,0.7584185808453975,0.8977662597213771,1
2900,0.6921891315568832,0.8978040716632301,1
2901,0.7723862191475067,0.8978630435700433,1
2902,0.566976220185051,0.8980028569932466,1
2903,0.6217060063671026,0.8981366409254055,1
2904,0.6702494113423995,0.8981823819517379,1
2905,0.3637800859138265,0.8983468320580846,1
2906,0.5349295574739756,0.8984483259320595,1
2907,0.8930883349708301,0.898601068468252,1
2908,0.6646493463594925,0.898692200732631,1
2909,0.43020015418639845,0.8987373887631617,1
2910,0.38975872544797896,0.8989039666492169,1
2911,0.4933776272759526,0.8989730775422082,1
2912,0.5312105535745892,0.8990013902864289,1
2913,0.44940039859348,0.8991529989836013,1
2914,0.566976220185051,0.8991955829453181,1
2915,0.8949490868515202,0.8992482401067181,1
2916,0.48185386028450294,0.8992486393796932,1
2917,0.7400625707967134,0.8994697650642799,1
2918,0.5547483668334631,0.8995471812438132,1
2919,0.690576278538261,0.8996996441135098,1
2920,0.808519106919102,0.8997277156647026,1
2921,0.8212105026399923,0.8997528640816902,1
2922,0.5714904316054166,0.899844943474194,1
2923,0.4262336349879504,0.9002722709521114,1
2924,0.8590006054591001,0.9004186500916214,1
2925,0.5022279254984471,0.9005941384569851,1
2926,0.458551112072517,0.9006000084840928,1
2927,0.8452029966539047,0.9008354782727369,1
2928,0.8257878445304883,0.9010188746457497,1
2929,0.3797740372772368,0.9010399540226367,1
2930,0.6814746164508951,0.9011057694916373,1
2931,0.8763734985376962,0.9011501569555992,1
2932,0.7707935360459297,0.9015855784887084,1
2933,0.83043264218418,0.9016615938559284,1
2934,0.5543935783625921,0.9017943343689571,1
2935,0.577770120869672,0.9017995111718059,1
2936,0.6373042549407085,0.9018370468866361,1
2937,0.6311989414178002,0.901954881633955,1
2938,0.5395794786256627,0.901990888894094,1
2939,0.5317294725494501,0.902109270552599,1
2940,0.49444229237159376,0.9021187433428051,1
2941,0.6740249445113848,0.9023307783352882,1
2942,0.5054859379541927,0.9024284790759757,1
2943,0.6824003332869777,0.9027739929872256,1
2944,0.6709831133829987,0.902795269663365,1
2945,0.6671616505091313,0.9032150018632124,1
2946,0.6203322580220255,0.9032369766556041,1
2947,0.6601482693639601,0.9032910629423282,1
2948,0.4871105405789242,0.9034697974151317,1
2949,0.7864102270015024,0.9036339944556558,1
2950,0.6017200327824263,0.9037780547286295,1
2951,0.5147674619879484,0.9038037603186001,1
2952,0.46185129506335365,0.9038826334988141,1
2953,0.7431562559330587,0.9041230860523278,1
2954,0.7311691349379741,0.9042257583778837,1
2955,0.5198614619665124,0.9042471368164869,1
2956,0.8539978079998267,0.9044440880251233,1
2957,0.7490692902925928,0.9045568403758829,1
2958,0.41863959039850573,0.9047021874059414,1
2959,0.8687989604424894,0.9047178400862516,1
2960,0.45189968883442555,0.9047828987458862,1
2961,0.49236781665533813,0.9048077979442587,1
2962,0.5256834733871064,0.9048279677780788,1
2963,0.812949124225057,0.9049737295426561,1
2964,0.8908564698949715,0.9051179483886366,1
2965,0.5522852049721243,0.9052974847243472,1
2966,0.8544146113499534,0.9053103567925862,1
2967,0.5552771294822075,0.9053736770323974,1
2968,0.796423138375524,0.9053807221078585,1
2969,0.5134182558081506,0.9053944239626093,1
2970,0.2439084927750279,0.9055344133574321,1
2971,0.6049244464979081,0.9058624006905694,1
2972,0.6181461150974205,0.9059087329882882,1
2973,0.7929661439545582,0.9060429813608842,1
2974,0.5164501918825001,0.9060529255402442,1
2975,0.39209297907452423,0.9061330578733742,1
2976,0.48402935768504884,0.9062495360919205,1
2977,0.8945040621750332,0.9064434889990746,1
2978,0.7648780402454479,0.9066479698106713,1
2979,0.282965553421034,0.9070699111603371,1
2980,0.42814415439161047,0.9072011034809544,1
2981,0.7326420690239822,0.9072216004922042,1
2982,0.7060144795276017,0.9073418011361525,1
2983,0.5349986530116276,0.907375869501651,1
2984,0.7735319526311307,0.9073978610171313,1
2985,0.5907483105985559,0.9074931758301403,1
2986,0.6456275523495668,0.907532010438286,1
2987,0.4996937273799066,0.9076604027118209,1
2988,0.5613445624112549,0.9077069782772306,1
2989,0.5494101106413644,0.9078352987885047,1
2990,0.9042794058303768,0.9079154181237884,1
2991,0.376890095247464,0.9081863098458398,1
2992,0.6001879237475766,0.9081996065565111,1
2993,0.6160714665938738,0.9083810325101775,1
2994,0.5460292965758233,0.9083827003875256,1
2995,0.5002947279494239,0.9084983276277444,1
2996,0.7581606336889073,0.9086266844242269,1
2997,0.8924433342599987,0.9086820577835243,1
2998,0.5787385649938906,0.908740601742071,1
2999,0.4496469577186879,0.9087614819014628,1
3000,0.8278434657043435,0.9087869006125965,1
3001,0.5843471814274621,0.9090221821130805,1
3002,0.5633160696009871,0.9091544504960093,1
3003,0.6833173486365391,0.9091589965993301,1
3004,0.6227195880196899,0.9094289351654484,1
3005,0.29287563061230315,0.9094723074475397,1
3006,0.5574254353254002,0.9095044735915696,1
3007,0.7086806272293711,0.909532112270899,1
3008,0.5358213637518504,0.9095697262738902,1
3009,0.5318275059292049,0.9098095083657846,1
3010,0.6381865818502587,0.909901976892889,1
3011,0.3430387954042976,0.9099923914715037,1
3012,0.6354931057208809,0.9100854550175459,1
3013,0.8570808837145494,0.9103066616972578,1
3014,0.6646190683152676,0.9104714783256754,1
3015,0.7644298987463498,0.9105208775160817,1
3016,0.8266605804335582,0.9105785047325038,1
3017,0.672962759249318,0.910624871058646,1
3018,0.30066774245449945,0.9106619984644523,1
3019,0.6945199964007703,0.9107346135364974,1
3020,0.9041099133829503,0.9107539251604017,1
3021,0.36513597067229964,0.9110877649155481,1
3022,0.5050622337722666,0.9112886562093573,1
3023,0.42076296119594303,0.9113168097837014,1
3024,0.6734429465887377,0.9113378330192116,1
3025,0.6043187350584007,0.9114751350616292,1
3026,0.8535698540908128,0.9115179576384546,1
3027,0.48005557348461314,0.9115857698508048,1
3028,0.6607673580705259,0.9116612387513248,1
3029,0.5392568767998354,0.9119373097522314,1
3030,0.493446973288448,0.911993938597362,1
3031,0.880916967574111,0.9120007255576925,1
3032,0.6897566107053953,0.9120872346699692,1
3033,0.5020453362875537,0.912177443166144,1
3034,0.4300907593602902,0.912178022743658,1
3035,0.5983193442590817,0.9122751639031101,1
3036,0.7080861789924672,0.9123325617017969,1
3037,0.8530367571871769,0.9127875440131171,1
3038,0.5964322390421251,0.9128223065746962,1
3039,0.7079518087265246,0.9130039963290295,1
3040,0.5482290014395191,0.9130500687011217,1
3041,0.5980291236131492,0.9134071621039472,1
3042,0.5045989297399996,0.9134094257682432,1
3043,0.41243230999018454,0.913427243819604,1
3044,0.41783213058248936,0.913435688747474,1
3045,0.3894610033210171,0.9136023172291317,1
3046,0.5709671893112773,0.9136495503965256,1
3047,0.6673130999957037,0.9139881990464565,1
3048,0.4146600625865895,0.9142630725715006,1
3049,0.6480287294410402,0.9143512707513055,1
3050,0.8283107626569309,0.914501714773719,1
3051,0.8052901182702714,0.9145907240149318,1
3052,0.5680276385488012,0.9146683821974272,1
3053,0.5012176243339252,0.914879937136525,1
3054,0.8384655352873814,0.915011320029843,1
3055,0.6876048287026392,0.9152194478321763,1
3056,0.6595077662386428,0.9154437359376778,1
3057,0.6865505021776966,0.9155269593752321,1
3058,0.7108952079499258,0.9157076960002196,1
3059,0.6410835107698588,0.9157496899859954,1
3060,0.5904250643220583,0.9158456122473555,1
3061,0.7932616010971801,0.9159502634751793,1
3062,0.55679356284528,0.916175205164649,1
3063,0.4753282833701292,0.9162715858129062,1
3064,0.6607733213330201,0.9164245569824322,1
3065,0.3272579531336214,0.9165195967859444,1
3066,0.6478475645055558,0.9167293697115403,1
3067,0.6213692144113269,0.9167519448690803,1
3068,0.9041099133829503,0.9167772139590497,1
3069,0.5673901123800184,0.9167973850555555,1
3070,0.5930454970771302,0.9168859449021638,1
3071,0.6786863194382644,0.9170397821461934,1
3072,0.659543348819369,0.917345846266505,1
3073,0.7289755358553777,0.9174365336088908,1
3074,0.7497116479679486,0.9175810338961736,1
3075,0.45690092229899126,0.9175910175390461,1
3076,0.9045857110865204,0.9176147073598374,1
3077,0.5260174241455976,0.91765019502249,1
3078,0.8566444583825564,0.9178582038178177,1
3079,0.5574254353254002,0.9178637545463278,1
3080,0.7922129445389697,0.9181125781099974,1
3081,0.38354480843081284,0.9182306762076698,1
3082,0.5814020685290608,0.9183336051265527,1
3083,0.7871741232764423,0.918367300727815,1
3084,0.6903897359606783,0.9183977481208755,1
3085,0.5375727830987101,0.9184478593050042,1
3086,0.6682168798717891,0.9184689469953441,1
3087,0.5626329181614413,0.9185534738472443,1
3088,0.6799397986512405,0.9187425631251173,1
3089,0.918252333103393,0.9189140424228577,1
3090,0.5409960192520801,0.9189389823291958,1
3091,0.7940107888645933,0.9189803562293088,1
3092,0.8383417298739821,0.9190795869644014,1
3093,0.9010515949533542,0.9191683478664625,1
3094,0.6982354872181341,0.9195014020187385,1
3095,0.5555376115875822,0.9195422363549651,1
3096,0.615134672965115,0.9197149292631908,1
3097,0.5664601502765078,0.9198322236165372,1
3098,0.573187018900295,0.9201021073653907,1
3099,0.7938950422430785,0.9201053498017918,1
3100,0.7516991963100096,0.9201866800369366,1
3101,0.5681835219001236,0.9201881745410255,1
3102,0.709016500987686,0.9202718061405561,1
3103,0.5346978384435651,0.9203282359795509,1
3104,0.2196846605409234,0.920337214719995,1
3105,0.3312216772142912,0.9203831120180114,1
3106,0.5774203901928382,0.920588928513641,1
3107,0.5099751749228512,0.9208034171999402,1
3108,0.8236983147334576,0.9210148340826473,1
3109,0.702928828980349,0.921102828602346,1
3110,0.536095237505588,0.9211029979444731,1
3111,0.48430518067571904,0.9211808786022331,1
3112,0.4316183984662222,0.9212813412832872,1
3113,0.597466768680324,0.9214003827506162,1
3114,0.2682091472195973,0.921444615758786,1
3115,0.5955456027885435,0.9215719696690071,1
3116,0.4628990366486804,0.9216643174548727,1
3117,0.798667038881256,0.9217270575761264,1
3118,0.41523748515638625,0.9217638145675839,1
3119,0.5965431875017208,0.921938086663511,1
3120,0.6841414555381746,0.9219835049385384,1
3121,0.5396863197714725,0.9221192964638899,1
3122,0.6284151856643485,0.9221784648607217,1
3123,0.5332691518103228,0.9224005468310911,1
3124,0.7742700449813397,0.922422051480457,1
3125,0.775402299393862,0.9224301726953305,1
3126,0.6116586805168609,0.9224556449505599,1
3127,0.4626360500676794,0.9225219392575924,1
3128,0.5074016385278116,0.9225645230803404,1
3129,0.498846503726747,0.9225921053546242,1
3130,0.6903897359606783,0.9229612945175744,1
3131,0.6011005092352951,0.9229770219172877,1
3132,0.4275554226747277,0.9232471185948176,1
3133,0.6904457825679383,0.9232827070020264,1
3134,0.433540177963911,0.923300161128582,1
3135,0.7885722556167243,0.923526683982249,1
3136,0.4787130499259745,0.9235733706867627,1
3137,0.4501224175851578,0.9236445821360697,1
3138,0.5144845013082586,0.9236755671130205,1
3139,0.6730195489962775,0.9237481919383522,1
3140,0.7483367156426178,0.9237575877296532,1
3141,0.38469790924290315,0.9238107523648139,1
3142,0.6499001712139636,0.9238828297613295,1
3143,0.6628222923591768,0.9239137682831677,1
3144,0.7498554179462188,0.9239323532048951,1
3145,0.774280933275289,0.92404464045894,1
3146,0.5035996174513157,0.9241311408222812,1
3147,0.7468168089196208,0.9243311164947179,1
3148,0.4275554226747277,0.924448819608476,1
3149,0.6707193968495709,0.9245468174971156,1
3150,0.5660356158748723,0.9245534097549963,1
3151,0.40988598772285856,0.9245824562598367,1
3152,0.5527359955576864,0.9248543294855064,1
3153,0.7609332110745404,0.9248778059663376,1
3154,0.7547153188968518,0.9248920730565828,1
3155,0.6201277368062814,0.9249141191294871,1
3156,0.641230745527475,0.9249304737591982,1
3157,0.7530616890386921,0.9249502392214649,1
3158,0.840259498973269,0.9252193233508431,1
3159,0.8580195549979568,0.9252522399424402,1
3160,0.4654935827534713,0.9253113093841456,1
3161,0.5161275907469656,0.9254167979124469,1
3162,0.9161580622838655,0.9257590668616019,1
3163,0.5294391063257023,0.92586361785016,1
3164,0.5346242003120988,0.9261690474632504,1
3165,0.39381503669664086,0.9261929299503842,1
3166,0.6399267999783518,0.9262592631444564,1
3167,0.7578946200537472,0.9262795902932509,1
3168,0.7937775799481956,0.9262990340360603,1
3169,0.8929377793336215,0.9263175782001549,1
3170,0.561078432261461,0.9263912537625012,1
3171,0.7794972195919058,0.9265310859572424,1
3172,0.6479351951960424,0.9265610696890966,1
3173,0.47901783681454335,0.9266076147716721,1
3174,0.6530862481746696,0.9266457131595394,1
3175,0.48472181350641774,0.926765173602243,1
3176,0.8611938004250743,0.9267845434630247,1
3177,0.5305399253970802,0.9270849653545865,1
3178,0.5273315182824893,0.9272684189911605,1
3179,0.5679591814614708,0.9273075996042666,1
3180,0.7934971800101656,0.9273572535818626,1
3181,0.6564271294383885,0.9273695669388006,1
3182,0.7226751215588466,0.9274976725203045,1
3183,0.4973888847204069,0.9277913115223779,1
3184,0.5671837000183577,0.9278092975627742,1
3185,0.6197972527214523,0.9279477932691607,1
3186,0.7810429335850253,0.9279577907266617,1
3187,0.6113050530850699,0.9280057010275964,1
3188,0.43965629780353077,0.9280225520388234,1
3189,0.6602946351776705,0.9282303047708222,1
3190,0.7385580154253738,0.9282382879338779,1
3191,0.611422243806281,0.9282743371669083,1
3192,0.5997419869351069,0.9283427493844013,1
3193,0.4189240515632162,0.9284640269558606,1
3194,0.49211874892150387,0.9285154495755912,1
3195,0.6344950835055376,0.9286078208400834,1
3196,0.37770610683107064,0.92874045420769,1
3197,0.7980201708728704,0.9287632288906118,1
3198,0.7725146740092074,0.9288646263353026,1
3199,0.47128148287039173,0.9290305434244508,1
3200,0.5427038516566154,0.9290979575455257,1
3201,0.4987061450832293,0.929699780265881,1
3202,0.6854223185349706,0.9297368931633719,1
3203,0.37833340627729894,0.9298017874286304,1
3204,0.3947929103257273,0.9298248227660526,1
3205,0.5497875939256449,0.9298944459554815,1
3206,0.880916967574111,0.9299078594029649,1
3207,0.6927687181313548,0.9299102760421274,1
3208,0.42872332099263344,0.9299262191941045,1
3209,0.8827147593859298,0.9299495841523401,1
3210,0.5660797945216619,0.9301600027694148,1
3211,0.6359378766337506,0.930271003219448,1
3212,0.7742700449813397,0.930304517000904,1
3213,0.7215794919646713,0.9304361524175886,1
3214,0.2940515457958389,0.930836105670669,1
3215,0.5749987729141982,0.930936604737155,1
3216,0.5979651284572499,0.9309960031092983,1
3217,0.5513579662237056,0.9310058667608972,1
3218,0.798347983977928,0.9311185241477555,1
3219,0.7665448421637852,0.9318736581385116,1
3220,0.6401067762516469,0.9320720594391454,1
3221,0.8348609240953482,0.9321038557981788,1
3222,0.49149868287839527,0.9322174092311226,1
3223,0.5839984032285291,0.9322723648536295,1
3224,0.8630223346730925,0.9323134004046564,1
3225,0.5118915868811118,0.9323467698204972,1
3226,0.5652244308812818,0.9325091727033334,1
3227,0.863400348710325,0.9325300149524477,1
3228,0.8378037153044232,0.9326485593520079,1
3229,0.5999816407581651,0.9326830343438838,1
3230,0.28613736874703555,0.9328056294982553,1
3231,0.792788407876563,0.9329868756461642,1
3232,0.5610211433257121,0.933008579934414,1
3233,0.4253758220331696,0.9331159943571511,1
3234,0.4841334760507746,0.9331407323107986,1
3235,0.7655044250243515,0.9332179510870099,1
3236,0.638076783688879,0.9334341742956523,1
3237,0.3334115134170824,0.9334370701254783,1
3238,0.5733150816434426,0.9334935833197815,1
3239,0.5925683002949753,0.9337851845937827,1
3240,0.828482712359697,0.9339785369835958,1
3241,0.5027898972727399,0.9340568167101032,1
3242,0.6005947070506658,0.9341534550789845,1
3243,0.6332535428992954,0.9343845145099782,1
3244,0.4866091673038271,0.9345212407008225,1
3245,0.4991528240767915,0.9346962518652462,1
3246,0.43493608017263663,0.9348432391953639,1
3247,0.5001610579052358,0.934844530446293,1
3248,0.5831924198239634,0.9350396708212751,1
3249,0.6676972755106377,0.9351741369071137,1
3250,0.47130727841698516,0.9351956241588983,1
3251,0.4147279829599305,0.9355359604252164,1
3252,0.9046485172353942,0.9356940590322775,1
3253,0.46902312522234646,0.9357242117296426,1
3254,0.5284727611939997,0.9359814481930675,1
3255,0.7441926090778072,0.9363409011502335,1
3256,0.5567745582284318,0.9363631357926266,1
3257,0.6751799971012328,0.9364849851385346,1
3258,0.5202777621071779,0.9365813818396055,1
3259,0.5307344891754516,0.9367199800303453,1
3260,0.5659658510240989,0.9370370896111551,1
3261,0.5055774763008176,0.9370496457810864,1
3262,0.8212105026399923,0.937137726626551,1
3263,0.609760985747769,0.9372655243742343,1
3264,0.6318177733695881,0.9373564974684012,1
3265,0.5235354328408389,0.9374041419196165,1
3266,0.924559748200862,0.937568133339433,1
3267,0.4272814240733829,0.9376823318489124,1
3268,0.6786732377113353,0.9377095891658446,1
3269,0.4690527740194236,0.937849629959169,1
3270,0.42076296119594303,0.937867217750133,1
3271,0.6320450516258163,0.9379118588829012,1
3272,0.7261502925722435,0.9380322104960711,1
3273,0.5725260815126147,0.9380691951935023,1
3274,0.9067133511623029,0.9381727104355588,1
3275,0.6067023175955961,0.9381832524268873,1
3276,0.5629666284017679,0.9381866795894789,1
3277,0.30504781657773683,0.9381943240375745,1
3278,0.9363651413693603,0.9383561609757429,1
3279,0.3807362917061605,0.9383956867428708,1
3280,0.43327389493346724,0.9384127871962062,1
3281,0.8725932779870321,0.9384431560056054,1
3282,0.4646707657134833,0.9384434856232075,1
3283,0.4259156351554101,0.9384741940546982,1
3284,0.597466768680324,0.9386471815612696,1
3285,0.5960473479510696,0.9387973091101484,1
3286,0.4742578728369736,0.9388458963091466,1
3287,0.7131394557768231,0.9390508216745649,1
3288,0.37199698739927034,0.9391318713679694,1
3289,0.5492255762371298,0.9391512941126289,1
3290,0.4496469577186879,0.9392244379852978,1
3291,0.5911138141510394,0.9392785679671221,1
3292,0.34134802213217197,0.9393269209425725,1
3293,0.5549393507636419,0.9393360402212794,1
3294,0.5608888186894497,0.9394784465262996,1
3295,0.6596110886533382,0.93960615375547,1
3296,0.7809953154595012,0.9400065122370751,1
3297,0.6151650656450304,0.9400108829485316,1
3298,0.40603275633238434,0.9401797355547088,1
3299,0.7921134294752025,0.9402368520906069,1
3300,0.5565909012678553,0.9405519313458996,1
3301,0.8628765395379259,0.9405953602853325,1
3302,0.8422411458750916,0.9406265589700601,1
3303,0.7353063766473704,0.9406696794569802,1
3304,0.6476150779216978,0.9406739173581625,1
3305,0.5471043072232323,0.9407600174932497,1
3306,0.7041559588309872,0.9409131969460105,1
3307,0.59730511217107,0.9409382638953,1
3308,0.4203902601033844,0.9409557847516878,1
3309,0.5450026266327002,0.9410926185828941,1
3310,0.7422525971912028,0.9411875166534119,1
3311,0.655402407133393,0.9412452088273701,1
3312,0.6807513404679959,0.9412939472864795,1
3313,0.6970384025848919,0.9413799032573925,1
3314,0.6263806915756178,0.941485441499289,1
3315,0.4976794544663411,0.941540155701477,1
3316,0.573257338932256,0.9417348644612641,1
3317,0.4549129187386227,0.9417425585581624,1
3318,0.6358679522467031,0.942175969968187,1
3319,0.4699104766205682,0.942300242805478,1
3320,0.4002249522782072,0.9424589358685754,1
3321,0.8704560850825183,0.9424754811065642,1
3322,0.7099721114491998,0.9425919176846993,1
3323,0.507476075293408,0.9427562692266602,1
3324,0.7556040478757885,0.9428156226550459,1
3325,0.5059978173881615,0.9428864286108073,1
3326,0.6600178869635243,0.942906465880279,1
3327,0.44388371670023863,0.942917601352233,1
3328,0.848473721699228,0.9430494379728671,1
3329,0.40564318570960733,0.9430643805884819,1
3330,0.4277219088249772,0.9431283804938538,1
3331,0.7289755358553777,0.9432014536455368,1
3332,0.6547211819850972,0.9432179757588603,1
3333,0.702584390171597,0.9433657586329486,1
3334,0.733811159947003,0.9435438074137955,1
3335,0.8003604479895536,0.9435736705708216,1
3336,0.6017200327824263,0.943764809632164,1
3337,0.5312447980894125,0.9437762526438718,1
3338,0.8246602395803491,0.9438416308677441,1
3339,0.401707758288135,0.9438842684657621,1
3340,0.6262449695053836,0.9438932301003785,1
3341,0.30127846419596127,0.9439074212492556,1
3342,0.4498466124744279,0.9439205632897141,1
3343,0.6951768008413206,0.9439663451502459,1
3344,0.9421796327828255,0.9440052449469255,1
3345,0.7367956981594856,0.9440254082159498,1
3346,0.6359139970351779,0.9441380179175903,1
3347,0.6398400420655576,0.9442212051895198,1
3348,0.49543248413792784,0.9443013698461393,1
3349,0.4913119493344994,0.9443353132133726,1
3350,0.9217857128917478,0.9443966288618472,1
3351,0.2992438128324916,0.9444116911491466,1
3352,0.9046485172353942,0.9444401128038796,1
3353,0.6228794750737775,0.9447379661946801,1
3354,0.6226476945216707,0.9447795880167196,1
3355,0.7021985464731699,0.9447896311806675,1
3356,0.4699674482606848,0.9448240526635522,1
3357,0.6000201700146716,0.9449164015767778,1
3358,0.512319923454785,0.9449204651366795,1
3359,0.5456590681645518,0.9449750842715074,1
3360,0.4494531839795797,0.9449799137066218,1
3361,0.5948862719800007,0.9451306679842264,1
3362,0.24490811349434172,0.9451595801448056,1
3363,0.6630516400348606,0.945182357613339,1
3364,0.6588730635539203,0.9452259261800136,1
3365,0.7020509973940251,0.9452318638701207,1
3366,0.44661962021562174,0.9452773228052717,1
3367,0.5591761946676459,0.9453390749870424,1
3368,0.45690092229899126,0.9454018341663387,1
3369,0.6664086198056585,0.9454352578895342,1
3370,0.5391934267079792,0.9454664032266171,1
3371,0.8393311714376314,0.9455500503443897,1
3372,0.9045857110865204,0.9456074706904201,1
3373,0.5326703052041452,0.9456403318740805,1
3374,0.43088806461323903,0.9457532402558566,1
3375,0.5285688393235289,0.945883162813588,1
3376,0.6545633491381949,0.9458863225836293,1
3377,0.32962688650568395,0.9459060534542943,1
3378,0.44249308969647216,0.9460216339785084,1
3379,0.4974958795003731,0.9460326389710072,1
3380,0.5282407901387103,0.9461371439987869,1
3381,0.7021985464731699,0.9461772097281743,1
3382,0.659857224966491,0.9462214161300547,1
3383,0.7811247481703366,0.9462548435212103,1
3384,0.6053740563659717,0.9462597358742811,1
3385,0.5344625991076861,0.946275247353013,1
3386,0.7481024347879317,0.9463793748249791,1
3387,0.4461769061388198,0.946408176918941,1
3388,0.8799999584327398,0.9464665358907649,1
3389,0.4620852952547707,0.9466863706639236,1
3390,0.5209981037145801,0.9467130759459748,1
3391,0.5479872821048658,0.9467308593013841,1
3392,0.6516983583467699,0.9468845469327052,1
3393,0.6369512167682334,0.9468879902742489,1
3394,0.569393837577886,0.9469211538406402,1
3395,0.7881066503900719,0.9470843426746802,1
3396,0.2941940859973241,0.9471025312719731,1
3397,0.5310318014792069,0.947290477046119,1
3398,0.6464885792367452,0.9473138129782518,1
3399,0.776784736312199,0.947461413542455,1
3400,0.498818600370753,0.9476112397043885,1
3401,0.8394954720911475,0.9476281756196943,1
3402,0.6001713103861046,0.947648860742914,1
3403,0.776784736312199,0.9476581391529565,1
3404,0.4306397805799793,0.9477011610742063,1
3405,0.41866055324836915,0.9477034804393288,1
3406,0.629644240949583,0.947712145104694,1
3407,0.8140744221284363,0.9478620479995434,1
3408,0.5596386327021418,0.9478994201765878,1
3409,0.6439854811627512,0.9480926709255117,1
3410,0.39191636676806274,0.9481152700015263,1
3411,0.25684497503962245,0.948239590412732,1
3412,0.5250591805329963,0.9483657302168029,1
3413,0.4323504105417528,0.9483695810161287,1
3414,0.4304921919400445,0.9484435183419323,1
3415,0.776287752178615,0.9485015101437313,1
3416,0.8232883307240717,0.9485406908188555,1
3417,0.5203632840093675,0.9485571677459018,1
3418,0.5270771828581499,0.9485899573043395,1
3419,0.5586022430124113,0.9487529712820651,1
3420,0.5328105098379121,0.9488495540056995,1
3421,0.615134672965115,0.9488749375931587,1
3422,0.3801339472714941,0.9489144929029657,1
3423,0.7326825697039845,0.9489191505094453,1
3424,0.8693339988439158,0.948988492827825,1
3425,0.5206550493684754,0.9490613838929016,1
3426,0.49431104717759744,0.9493429541574513,1
3427,0.3465429108136713,0.9493712639592531,1
3428,0.7167510669912699,0.949427359137267,1
3429,0.5914978975707654,0.9494308530838153,1
3430,0.45272250762996935,0.9494427138972396,1
3431,0.5854920693484976,0.9494449921934246,1
3432,0.5012078728231428,0.949518050249711,1
3433,0.5358679967493014,0.9496131960719978,1
3434,0.49297171739502565,0.9500999400829014,1
3435,0.5164615097210653,0.950114853208167,1
3436,0.4729737035814574,0.9501868464297683,1
3437,0.8799999584327398,0.950228808053703,1
3438,0.8580867578851223,0.9502332874097412,1
3439,0.5497083197529378,0.9503268555170864,1
3440,0.5989699187481681,0.9504572961624606,1
3441,0.5515188024463815,0.9505888124212627,1
3442,0.5680975153440798,0.9506188718999687,1
3443,0.619400359261399,0.95068301728256,1
3444,0.43365875919878905,0.950729604938466,1
3445,0.6655587154033913,0.9507525131960226,1
3446,0.2507135948713012,0.9507567030303111,1
3447,0.35509883755412464,0.9510284445827938,1
3448,0.5292475780975138,0.9511572223191265,1
3449,0.5762003304778929,0.9512221947536524,1
3450,0.576755185979317,0.9512508055109918,1
3451,0.6591018668651967,0.9515259244409161,1
3452,0.5267724276830482,0.9516041934931857,1
3453,0.7041559588309872,0.9516622104918773,1
3454,0.6325957917530647,0.9516907302710209,1
3455,0.6479845448328432,0.9516915778571786,1
3456,0.3780714431641873,0.9517532496251564,1
3457,0.5300057960641303,0.9519160288511455,1
3458,0.8660897765593091,0.9520217213802968,1
3459,0.5512133331834626,0.9520585728753175,1
3460,0.818662424321263,0.9520670393233346,1
3461,0.43895216172559104,0.9522526199440557,1
3462,0.7805770053187113,0.9525382323274623,1
3463,0.696582887794123,0.9525485105375259,1
3464,0.3551553344884667,0.9525579873306247,1
3465,0.5325279235908298,0.9525669509807443,1
3466,0.3673870123036511,0.9526177933557718,1
3467,0.4813689391563589,0.952837708734493,1
3468,0.6146760721261325,0.9530563512229702,1
3469,0.5733150816434426,0.9531132771948037,1
3470,0.5482133180087183,0.9532888649480858,1
3471,0.8226409124142605,0.9533491543966364,1
3472,0.7399976349493342,0.9533604280581707,1
3473,0.8991291639179458,0.9534285838234506,1
3474,0.5465886792124136,0.9534417979031852,1
3475,0.515096369156792,0.9536455485806238,1
3476,0.7679756248787084,0.9538339497003245,1
3477,0.8639218493425094,0.9541056035198366,1
3478,0.4849300269444613,0.9541064015181294,1
3479,0.5216000548921932,0.9541231856226485,1
3480,0.637203478410432,0.9542041282246061,1
3481,0.8844563525301413,0.9543673069669593,1
3482,0.42034067385279617,0.9544552502015632,1
3483,0.6607229157944317,0.9545741810988618,1
3484,0.7622452322070536,0.9546282030413049,1
3485,0.6734429465887377,0.9546600520939761,1
3486,0.4547075870210674,0.954759843791998,1
3487,0.44505301546012943,0.9547687409062722,1
3488,0.6606481714728243,0.9547738275904604,1
3489,0.6665412619515287,0.9548100903362762,1
3490,0.684011145977991,0.9549838582577882,1
3491,0.44926121972860134,0.955049696072468,1
3492,0.31215344715743243,0.9552145417661543,1
3493,0.9293915905687367,0.9552201890380715,1
3494,0.5144528122173803,0.9554752571439725,1
3495,0.35156572630267025,0.955486646669437,1
3496,0.5865548526069703,0.9555348066384446,1
3497,0.41416390929725433,0.9557654892438323,1
3498,0.43786442458944197,0.9557698300688787,1
3499,0.4044230845858927,0.9558279725727852,1
3500,0.6962362754027137,0.9560270574455704,1
3501,0.6652606037264399,0.9561106085205364,1
3502,0.729606782294994,0.9561445689262292,1
3503,0.41593178043442025,0.9564190896114096,1
3504,0.6121025615524001,0.9564194887294769,1
3505,0.5492806472712198,0.9566481597982972,1
3506,0.3799797004272759,0.9566801141268615,1
3507,0.7439503431774913,0.9569178300830717,1
3508,0.5459173904457432,0.956927809308984,1
3509,0.5293294724571674,0.9569783850925845,1
3510,0.7521159281490442,0.957074882738232,1
3511,0.43467361872491816,0.957090128864363,1
3512,0.6248222093393219,0.9570965453538975,1
3513,0.4129787953403864,0.9571040639548537,1
3514,0.41699521988470534,0.9571409337791403,1
3515,0.5707275157204178,0.9572049765000847,1
3516,0.594363925821562,0.9572318741307111,1
3517,0.7908914505977758,0.9572482187148532,1
3518,0.6614508588312252,0.9572975393448095,1
3519,0.5386289162951735,0.9574323525621504,1
3520,0.7568476200605823,0.957461408131579,1
3521,0.5357203359779518,0.9575708411077023,1
3522,0.4005634129782204,0.9576256929032191,1
3523,0.41679634806165344,0.9581766121864881,1
3524,0.5418016842106175,0.9582664171748002,1
3525,0.8057035563319256,0.9584665114055317,1
3526,0.3755081782369101,0.9586652710659596,1
3527,0.7921350494384776,0.9587828032954748,1
3528,0.558553436944632,0.9588761451119567,1
3529,0.4154196652204849,0.9591279300186147,1
3530,0.32001557008807524,0.9593683239531623,1
3531,0.5390656159031569,0.9593913138222991,1
3532,0.5227470026143662,0.959711219776298,1
3533,0.5720584952123524,0.9598507440682916,1
3534,0.5022376752488379,0.9600262648547703,1
3535,0.6178552985945651,0.960179135840321,1
3536,0.5466559438445173,0.960233875738235,1
3537,0.5885941614489985,0.9603770887196726,1
3538,0.8052421030559637,0.9603805566106964,1
3539,0.4489577652807254,0.9604987009347881,1
3540,0.6602946351776705,0.96056497260045,1
3541,0.48816572615513476,0.9606103717058825,1
3542,0.7576871140713054,0.9606154700855676,1
3543,0.5239823485144698,0.9606561173595655,1
3544,0.5151518245969405,0.9607208540384345,1
3545,0.49083731912768636,0.960748094560448,1
3546,0.51267854194012,0.9607544696727924,1
3547,0.6120485696200209,0.9607944410514752,1
3548,0.7067051271950009,0.9608308731965878,1
3549,0.47400333616142354,0.9609074298650093,1
3550,0.48594598837124736,0.9609949804639387,1
3551,0.44197731979925114,0.9610088635064838,1
3552,0.2640953318686502,0.961159798841878,1
3553,0.7338826423388912,0.9611797202334047,1
3554,0.6906746182061049,0.9612122048697123,1
3555,0.8706443852152168,0.9613598391037078,1
3556,0.5296904700551617,0.9614219829452333,1
3557,0.4978774691584622,0.9614291155002058,1
3558,0.7476855804371033,0.9614369169821843,1
3559,0.45686204563130894,0.9615951899274986,1
3560,0.6562630096734837,0.9616596050085054,1
3561,0.6905991220580765,0.9617399868196924,1
3562,0.6237126405358504,0.9619739902290161,1
3563,0.5354309235830782,0.9621163134498877,1
3564,0.6536270274981606,0.9622135105790068,1
3565,0.6977290143005315,0.9623513016148598,1
3566,0.5497875939256449,0.9627433553404319,1
3567,0.5550231083370928,0.9631301593621499,1
3568,0.42083764531854784,0.9632560333552973,1
3569,0.5630579506536287,0.9632717571620213,1
3570,0.4473599091031396,0.9633481720550581,1
3571,0.5598799579572331,0.9633524772168586,1
3572,0.48261586736067497,0.9633976901395307,1
3573,0.42649974617272113,0.9634271678004012,1
3574,0.7215709506798694,0.9634556351387972,1
3575,0.4381239976782342,0.9634755852572631,1
3576,0.5017711057138254,0.9636927421668723,1
3577,0.6647772974402405,0.9637509582083086,1
3578,0.5307034044337824,0.9638678301957923,1
3579,0.5533823918376375,0.9639125759763182,1
3580,0.6618251257809763,0.9639449970457807,1
3581,0.7037995373356397,0.9639984973876761,1
3582,0.5194377419211738,0.9641065873950397,1
3583,0.8252361236021895,0.9641573013034586,1
3584,0.40777463402455283,0.9641748440394303,1
3585,0.513873493721024,0.9642041285074702,1
3586,0.748242143741762,0.9643787394676951,1
3587,0.6363192296416161,0.9646459817310041,1
3588,0.6469419191100874,0.9647345382665211,1
3589,0.49467415664261993,0.964912055117086,1
3590,0.44120588926141635,0.9649149808131241,1
3591,0.6661988413960215,0.9649777175498544,1
3592,0.3999005963370622,0.9651381360621847,1
3593,0.6032729127940993,0.9652896557394262,1
3594,0.7228452932745172,0.9653712807914842,1
3595,0.7106641897699829,0.9655619433485645,1
3596,0.6341640141509209,0.9656019034433163,1
3597,0.5953536993886572,0.9658397021541386,1
3598,0.5889771852396465,0.9658576018309515,1
3599,0.5309726362800953,0.9659603212498035,1
3600,0.6743372158102989,0.9660000168992678,1
3601,0.4685622448250537,0.9660614961363,1
3602,0.43895216172559104,0.9661055217632527,1
3603,0.46570804500401386,0.9661058446957638,1
3604,0.8280043007912985,0.9663662814764921,1
3605,0.4572976576173857,0.966390627780239,1
3606,0.48208384365184154,0.9664745930555158,1
3607,0.5771312168465889,0.9669144046569059,1
3608,0.7237425535600182,0.9669731696033321,1
3609,0.777779063334989,0.9670365913851524,1
3610,0.5203754244521069,0.9670986932167165,1
3611,0.5916341751150171,0.96719467705942,1
3612,0.8349814340036524,0.9672148357238493,1
3613,0.4917633040818531,0.9672958458497741,1
3614,0.850933139325326,0.967401555173187,1
3615,0.5714680548975286,0.9674723332214021,1
3616,0.7036650079811074,0.9675505671861316,1
3617,0.6918001902764355,0.9677424800932081,1
3618,0.5822643442258818,0.96789463492381,1
3619,0.46865274387910305,0.967900899110048,1
3620,0.4949168403059637,0.9679439018476931,1
3621,0.6416612481785388,0.9680876501293542,1
3622,0.6820199139686313,0.9682169296212725,1
3623,0.6354931057208809,0.9682408156735538,1
3624,0.7357799568285945,0.9682571055359167,1
3625,0.6413976285316894,0.9684058451728417,1
3626,0.5562867952002974,0.9684091711813009,1
3627,0.6376047304793534,0.9684441793767024,1
3628,0.5653086499529669,0.9684890393269355,1
3629,0.7043878378969414,0.9685260742844221,1
3630,0.5646905886173477,0.9685596474718976,1
3631,0.5533754206759577,0.968603067905659,1
3632,0.2649068211080373,0.9686413361485322,1
3633,0.6307405536497719,0.9687177011451662,1
3634,0.5297082510480049,0.9689343793114061,1
3635,0.4296386715930929,0.9690237141820327,1
3636,0.5691428259980008,0.9691114002024712,1
3637,0.3987158876647763,0.9691115017200134,1
3638,0.5542650251001261,0.9693072953351205,1
3639,0.600292351782399,0.9693323560845578,1
3640,0.45312743476367456,0.9694461627085468,1
3641,0.62848505098168,0.9694781184269139,1
3642,0.4998513477142713,0.9695490436700076,1
3643,0.570461203676919,0.9696577900185894,1
3644,0.7020509973940251,0.9697185360221466,1
3645,0.4698869973841384,0.9697385058777207,1
3646,0.6932652747283852,0.9698769227320304,1
3647,0.5825435544051889,0.9698822597802843,1
3648,0.7266481289858506,0.9699163930988738,1
3649,0.7769477134434788,0.970208505867175,1
3650,0.5733581687722245,0.9703188484465517,1
3651,0.47816905902733975,0.9703398825181658,1
3652,0.6720285914910497,0.9704200951075491,1
3653,0.5683934586468057,0.9704811593170496,1
3654,0.604265394337716,0.9705400080436517,1
3655,0.5556707837210241,0.9706108510875082,1
3656,0.6763918360952011,0.9706117488983518,1
3657,0.6057890736055203,0.97068660339779,1
3658,0.6648604458411755,0.9706937460331068,1
3659,0.3504013366898402,0.9707204791962067,1
3660,0.49236781665533813,0.9707602396828556,1
3661,0.5702271117398097,0.9707817344403898,1
3662,0.4403890868230743,0.9708951679984477,1
3663,0.6473855306666133,0.97090803569941,1
3664,0.43528752296005513,0.9710535974254618,1
3665,0.4348540455934088,0.9711483941232651,1
3666,0.4620225667858998,0.9713063062569984,1
3667,0.48588229369315317,0.9713138127410165,1
3668,0.5342065943986783,0.9713984710232626,1
3669,0.5851377511047551,0.9714184233570684,1
3670,0.5172961617095082,0.9714746294477659,1
3671,0.5977843382547485,0.9715905964783424,1
3672,0.6924965351015191,0.9716458100766278,1
3673,0.7345012015931442,0.9716655759451832,1
3674,0.9217857128917478,0.9716760039904417,1
3675,0.6108207224710412,0.9717208121270078,1
3676,0.5210675788396859,0.9719828707737701,1
3677,0.5392288901532648,0.9720084179091028,1
3678,0.6916215963697563,0.9720140645752312,1
3679,0.5098233098415617,0.9720898499487093,1
3680,0.4666772106083745,0.9721863297828502,1
3681,0.5942750007331854,0.9722274669926526,1
3682,0.3861428213639567,0.9723205425679595,1
3683,0.5660797945216619,0.9724017242039495,1
3684,0.5466607099235818,0.9724041283833521,1
3685,0.48413838862887426,0.9725301461601841,1
3686,0.7986666543650426,0.9725652985295095,1
3687,0.5943461490163569,0.9726152950205023,1
3688,0.6833880628853883,0.972860111783418,1
3689,0.39410111747585164,0.9729171523979547,1
3690,0.5259106615414105,0.9730443761653494,1
3691,0.786103145042233,0.9731004881781877,1
3692,0.48633958843749936,0.9731183410388055,1
3693,0.5013357699755429,0.9731347058755964,1
3694,0.748242143741762,0.9731352101095857,1
3695,0.5143157564042377,0.9731623596556395,1
3696,0.7197345583322169,0.9732089633163497,1
3697,0.6804620212002528,0.9734436873053842,1
3698,0.5514129568426771,0.9735128893325887,1
3699,0.5326703052041452,0.973533898472196,1
3700,0.9607327447929793,0.9735861688207802,1
3701,0.5979860125668295,0.9735893806324736,1
3702,0.6253853516429679,0.9736823655159573,1
3703,0.5514129568426771,0.9737244826406954,1
3704,0.5036071902663581,0.9738935415230362,1
3705,0.5397128228470317,0.9740147891863383,1
3706,0.43150004867708913,0.9742521482124769,1
3707,0.8564512779556157,0.9742549244443481,1
3708,0.5814020685290608,0.9743838692236737,1
3709,0.4232280026100693,0.9744806332469634,1
3710,0.5079374120182086,0.9746600513677167,1
3711,0.474443462281826,0.9749809216486987,1
3712,0.3850240617848053,0.9751437623468865,1
3713,0.5446613368772565,0.9751551857328028,1
3714,0.6012889673729742,0.9753054316350255,1
3715,0.5166316404531165,0.9753319503580741,1
3716,0.5837777677602451,0.9753346955551895,1
3717,0.45803271090355224,0.9754682825153185,1
3718,0.63342816783246,0.9757868593779386,1
3719,0.35305281050830184,0.9758667416091454,1
3720,0.5727931022693751,0.9759266455552827,1
3721,0.6424481512853287,0.9759303362796233,1
3722,0.8090960112054406,0.9759558620257662,1
3723,0.5349079074500214,0.9759927749131754,1
3724,0.44876576055008377,0.9760282810637488,1
3725,0.5588762992631834,0.9760602340001288,1
3726,0.5031257795075107,0.9761491948643256,1
3727,0.9700714561786584,0.9761942042978056,1
3728,0.667703638391054,0.9762037160723022,1
3729,0.3831912060423033,0.9764511459271151,1
3730,0.5125625218999484,0.9764876281100792,1
3731,0.5663623347762727,0.9764901625395818,1
3732,0.5527359955576864,0.9766423710286067,1
3733,0.5477804708556103,0.976775637227821,1
3734,0.6370454783519212,0.9768353041088818,1
3735,0.8278288333736409,0.9770953708483469,1
3736,0.4839515550583813,0.9771350216710414,1
3737,0.6912154668639654,0.9771662608896912,1
3738,0.8598765236624082,0.9772055503564476,1
3739,0.6326715142745634,0.9772799576709986,1
3740,0.8194806717631145,0.977314567819954,1
3741,0.7416388909324998,0.9773627634843365,1
3742,0.5260174241455976,0.97740109547431,1
3743,0.4696557467119288,0.9775165348817081,1
3744,0.4489577652807254,0.9776266669723739,1
3745,0.4649739730856862,0.9776688888140774,1
3746,0.5586787106793,0.9776782323255123,1
3747,0.6441614530777587,0.9777315916669067,1
3748,0.6238567006324203,0.9777585202481035,1
3749,0.4605699510198764,0.9779135837165167,1
3750,0.44015796943434027,0.9779441483554345,1
3751,0.5663978307316058,0.9780229033268382,1
3752,0.522415446798376,0.9780706986111383,1
3753,0.4841545318795013,0.978267677472036,1
3754,0.43096367458563767,0.9782705967568666,1
3755,0.9148993489978618,0.9783312415154904,1
3756,0.5156410041892052,0.9786885085414155,1
3757,0.41798941781645294,0.9789324616960801,1
3758,0.5898576635764201,0.9793667442950112,1
3759,0.3970512104598294,0.9795289941293179,1
3760,0.5139266939987202,0.9795490949178688,1
3761,0.4679272157903358,0.9795798557700264,1
3762,0.5611624159960941,0.9795849130413402,1
3763,0.5405014583253223,0.9796887821642334,1
3764,0.6346569280644477,0.9797035625181897,1
3765,0.5570720670332604,0.980026936073082,1
3766,0.4164174785413749,0.9801653063770035,1
3767,0.37101956361207744,0.9801896017165912,1
3768,0.7825801280837396,0.9802870638314555,1
3769,0.5112617503887589,0.9804136750452271,1
3770,0.4770049666960776,0.9805366794598874,1
3771,0.4102656790763658,0.9808161558400486,1
3772,0.5977985209132382,0.9809095752202388,1
3773,0.6247096542621837,0.981081114161619,1
3774,0.6447647339998215,0.9812017002895332,1
3775,0.7825801280837396,0.9813839258937739,1
3776,0.45131913631930043,0.9815094625026247,1
3777,0.4283498297684869,0.9815201688297478,1
3778,0.4936615548944445,0.9815539050188522,1
3779,0.8283107626569309,0.9815798348548265,1
3780,0.5907483105985559,0.9816034806089009,1
3781,0.652925245835914,0.981735237205839,1
3782,0.5497001805730841,0.9817446820766217,1
3783,0.5031376470150882,0.9817806578195564,1
3784,0.44693160042261604,0.9818333302314713,1
3785,0.42598944984501497,0.9819491689477148,1
3786,0.4315493907698812,0.9820011970400315,1
3787,0.3663922395691904,0.9821609266055858,1
3788,0.7189730689846724,0.9823653028951542,1
3789,0.4300907593602902,0.9824052384530182,1
3790,0.5564706361184703,0.9825377876380622,1
3791,0.4138991205102909,0.9825576325002693,1
3792,0.5348095326108041,0.9825724149587258,1
3793,0.6979463949665705,0.9826149253677656,1
3794,0.5748579488585387,0.9828631329610188,1
3795,0.46885478575353023,0.9829234570777914,1
3796,0.4888153874764387,0.9829405955677806,1
3797,0.36718008850570805,0.9829962909139531,1
3798,0.7423827565115476,0.983111527148402,1
3799,0.515154194150323,0.9832131137171298,1
3800,0.5815927305762234,0.9832777595985316,1
3801,0.5027898972727399,0.9834547288445707,1
3802,0.4513273361680227,0.9836336550289005,1
3803,0.47485362565696454,0.983793473660759,1
3804,0.4748616277931442,0.9838974202260746,1
3805,0.4694274187231606,0.9839817587737258,1
3806,0.7474157769189153,0.983984145614669,1
3807,0.6052799658013822,0.9840079526923274,1
3808,0.505638582205761,0.9840309273251924,1
3809,0.2887489347358938,0.9841455766196834,1
3810,0.4408868720902782,0.9841534321373017,1
3811,0.4278526968422913,0.9842284865720717,1
3812,0.33869350356556294,0.9842357166415787,1
3813,0.7238781579803037,0.9842724907812551,1
3814,0.6707193968495709,0.9843763727051003,1
3815,0.6405832355528044,0.9844006642620462,1
3816,0.49401590465808476,0.9844633924275008,1
3817,0.7804323194735544,0.9844989773826929,1
3818,0.690576278538261,0.9845029067986247,1
3819,0.6325867053462001,0.9846177169425648,1
3820,0.5801730807293363,0.9847019194340948,1
3821,0.3797775686259627,0.984712116794447,1
3822,0.942528268371078,0.9848847819035931,1
3823,0.703149405102838,0.9849868570471803,1
3824,0.48066120122272993,0.9850442326567178,1
3825,0.6320232759510303,0.9850605560747514,1
3826,0.5743613314884225,0.985217099963479,1
3827,0.7548250387670664,0.9853198450312352,1
3828,0.5652244308812818,0.9853229429252449,1
3829,0.5294591758430678,0.9853314497756452,1
3830,0.833029097442189,0.9855275070016001,1
3831,0.6836838403827921,0.9855311256661259,1
3832,0.5141957395206839,0.9855641261531337,1
3833,0.6297374837183143,0.9855642345545428,1
3834,0.6118189229096513,0.9856021660609067,1
3835,0.5302929269807238,0.985655793871615,1
3836,0.49531325262900483,0.9856856110006375,1
3837,0.4605699510198764,0.9857214246752669,1
3838,0.5732480991448102,0.9857234746920617,1
3839,0.5548050599136947,0.9857367221227893,1
3840,0.4048595514455706,0.9858058532925851,1
3841,0.6960651368909024,0.9858797950366047,1
3842,0.394254630864052,0.985904396611222,1
3843,0.5362787825789913,0.9859274962419479,1
3844,0.48098127788198664,0.9859868211861892,1
3845,0.3454424937426058,0.9861411891556798,1
3846,0.5251250923041461,0.9862229270738793,1
3847,0.8142734015461353,0.9862327209313557,1
3848,0.6030629190633381,0.986233078051916,1
3849,0.41567343703066695,0.9863703357716909,1
3850,0.5994462631861422,0.9865789577271312,1
3851,0.5442778834854678,0.9865953946366658,1
3852,0.887571892580388,0.9867079034505688,1
3853,0.5086879053722247,0.9867488631430522,1
3854,0.4732995304283715,0.9868143102361373,1
3855,0.42647698007878543,0.9868415966662851,1
3856,0.47220442813061636,0.9868795174759043,1
3857,0.826547872060936,0.9869646604075147,1
3858,0.5800118467646916,0.9869749136757658,1
3859,0.5451293431357886,0.9870180876277638,1
3860,0.4725912199736203,0.987080920822697,1
3861,0.583188881191757,0.987168945167371,1
3862,0.5273900056628924,0.9873432291195154,1
3863,0.4911346169853982,0.9873949802952136,1
3864,0.6006319024129,0.987427503869475,1
3865,0.5596936236807025,0.987568703993158,1
3866,0.5513716181124241,0.9876212174691299,1
3867,0.3874584342764691,0.9878643115821354,1
3868,0.26545161272914364,0.987923915915043,1
3869,0.28174913670629664,0.9879460223206868,1
3870,0.40161295951460674,0.987955746872846,1
3871,0.3670691683651296,0.9880312378654995,1
3872,0.46340031033114115,0.9880630435519503,1
3873,0.38847750523962055,0.9883189062613624,1
3874,0.4995296918853951,0.9884986649222338,1
3875,0.4875385747150289,0.9886083977322854,1
3876,0.4401703601589855,0.9886316740042211,1
3877,0.4138397310371712,0.9886424840136453,1
3878,0.5324083600445223,0.9886778704133214,1
3879,0.49430456086267127,0.9887030093673487,1
3880,0.5115030610436532,0.9888219275138216,1
3881,0.6859857362289632,0.9888743279069964,1
3882,0.6427267058326511,0.9889733815528716,1
3883,0.4321010794024468,0.9890721942118283,1
3884,0.42729053234948144,0.9890849047428409,1
3885,0.38469790924290315,0.9891376901490121,1
3886,0.6839456354823459,0.9892228741445135,1
3887,0.4310567103997034,0.9893880506771333,1
3888,0.4376975222257905,0.9894759567181655,1
3889,0.4320782488821031,0.9895288391404132,1
3890,0.6448002503357555,0.989571581320918,1
3891,0.4162713187739786,0.9897929551122937,1
3892,0.46570804500401386,0.9900556831132438,1
3893,0.7698167915231079,0.9901525874705817,1
3894,0.4641179479246694,0.9901981773812553,1
3895,0.6050307345675382,0.9902164238589104,1
3896,0.522201251290718,0.9903822111799476,1
3897,0.46728675485321924,0.9904155948651993,1
3898,0.4453750384194799,0.9904517186677715,1
3899,0.2279436327082177,0.9904634196503425,1
3900,0.5220759387118378,0.9905444439004154,1
3901,0.3836630455036316,0.9905551223638335,1
3902,0.4984445228380393,0.9906029673793835,1
3903,0.4985546220233894,0.9906362291199805,1
3904,0.5202035559808601,0.9907175249634275,1
3905,0.5176829225362563,0.9908279791956596,1
3906,0.46045916777250195,0.9909967272883282,1
3907,0.49566533992925865,0.9911710319101712,1
3908,0.6865505021776966,0.991177222459459,1
3909,0.5743613314884225,0.9912156533381321,1
3910,0.44233581477370065,0.991230939980403,1
3911,0.4295379160415135,0.9913225428055562,1
3912,0.4985869256194203,0.9913740961032923,1
3913,0.7247633441614867,0.9914614949240239,1
3914,0.4920472780382632,0.9914982690100027,1
3915,0.3844910673468608,0.9915743947665552,1
3916,0.474288417319615,0.9915859827512258,1
3917,0.43972900704577333,0.9916082391755316,1
3918,0.5110513882828388,0.9917027411085158,1
3919,0.43863865394262125,0.991838777783501,1
3920,0.6763918360952011,0.9920464884357708,1
3921,0.44584166110993784,0.9921429592703791,1
3922,0.3861838067201532,0.9922669939851163,1
3923,0.4310583833276821,0.9922782860802212,1
3924,0.47816905902733975,0.9924556150227888,1
3925,0.5590286675058498,0.9924654170762433,1
3926,0.3732734847685798,0.99256766769857,1
3927,0.5596406054618698,0.9925712390524388,1
3928,0.46036858783977885,0.9926130099535431,1
3929,0.4786391267175607,0.9926687292685105,1
3930,0.5882685248845415,0.992710894979335,1
3931,0.5963021646779441,0.9928323000449228,1
3932,0.5530343237469586,0.9929103845948435,1
3933,0.45556548800397834,0.992995829272316,1
3934,0.4626006958750638,0.9931961103472179,1
3935,0.4488662221953815,0.9932069144687442,1
3936,0.490981261491526,0.9932391590141085,1
3937,0.4102656790763658,0.9933863279139868,1
3938,0.39602742177829997,0.9934063842800889,1
3939,0.47707690887543674,0.9934568514492064,1
3940,0.5092629662881085,0.9935115072196709,1
3941,0.5717512020036214,0.9935486941099652,1
3942,0.6001020571546437,0.9937182293447849,1
3943,0.5055807868833392,0.9938057416378187,1
3944,0.4666295355390039,0.9938484368107462,1
3945,0.41017304924828835,0.9940236566111045,1
3946,0.449134082851661,0.9940673321894993,1
3947,0.47273279440688987,0.9941154766447576,1
3948,0.69175801191404,0.9942049485105282,1
3949,0.4802496666925088,0.9942315454334838,1
3950,0.4920472780382632,0.9942315654965316,1
3951,0.527567581151686,0.9942391442637255,1
3952,0.3730019536291812,0.9942702356034118,1
3953,0.4807974331484215,0.9943637554808918,1
3954,0.4804123689583877,0.9945152293125984,1
3955,0.47671629439249297,0.9945407368392007,1
3956,0.41618095043455694,0.9945846634030587,1
3957,0.41329861485598784,0.994748589044036,1
3958,0.5734773862224058,0.9949297345671478,1
3959,0.4800746667819885,0.9950264420224234,1
3960,0.5273315182824893,0.9950383682884895,1
3961,0.6656844225729075,0.99509607149003,1
3962,0.5175463047413683,0.9951276795377654,1
3963,0.8991291639179458,0.9951292020958779,1
3964,0.465917718378121,0.9951314251830654,1
3965,0.7129626944258363,0.9951408406792935,1
3966,0.42083764531854784,0.995145620246572,1
3967,0.45511892169270485,0.9952238888346281,1
3968,0.4539402995932488,0.9954530554474472,1
3969,0.4466129929441788,0.9956038447334339,1
3970,0.795544643244609,0.9956152077629473,1
3971,0.4643260181531982,0.9957527705392727,1
3972,0.4735284718897327,0.9957870261070264,1
3973,0.4548986876154949,0.9957906279910462,1
3974,0.3590944813425546,0.9958281403269674,1
3975,0.43183672094831516,0.9958706857269018,1
3976,0.3149845197104586,0.9958750159894962,1
3977,0.4408868720902782,0.9960214999722622,1
3978,0.3782767652732507,0.9960605040059617,1
3979,0.3329130862156382,0.9961076524051016,1
3980,0.5397573416755836,0.9962836410284297,1
3981,0.607941562962865,0.9964062177732507,1
3982,0.4366151829595182,0.9965330704945987,1
3983,0.4493034960511233,0.9966920838089118,1
3984,0.44772183206565486,0.9966927907811222,1
3985,0.44492216477120405,0.9967951117340255,1
3986,0.425505868894815,0.996843982144368,1
3987,0.4357958638393822,0.9968997790169747,1
3988,0.4071088438988294,0.9969520217988669,1
3989,0.4708123778964426,0.9970806652543185,1
3990,0.492035069078419,0.9970851562927485,1
3991,0.39646053400852,0.9971217326600537,1
3992,0.3981744912993852,0.9971566696958082,1
3993,0.3961521606452586,0.9972512111454025,1
3994,0.40635326237077085,0.9972694255510341,1
3995,0.56191441731012,0.9973209486833995,1
3996,0.658685435510922,0.9975066560104943,1
3997,0.40603275633238434,0.9975492639352357,1
3998,0.4902353718704081,0.9975575481978584,1
3999,0.5073545749669556,0.9976061330176005,1
4000,0.4314279668922517,0.9977591078845838,1
4001,0.2883195878740702,0.9978777146972702,1
4002,0.5290718332212215,0.9978803085173306,1
4003,0.44522539236311964,0.9979636015462169,1
4004,0.47813496891246554,0.9980300371848856,1
4005,0.45631237674778147,0.9980636271878958,1
4006,0.4637663499778468,0.9980706435060038,1
4007,0.5595871114138682,0.9982475147449512,1
4008,0.5943806199717746,0.9983417429507939,1
4009,0.5325735649882741,0.9983464428916055,1
4010,0.5138385123989381,0.9983729169100635,1
4011,0.4020231238307259,0.998600132145518,1
4012,0.4480057583879007,0.998783882555706,1
4013,0.45660108259099275,0.9990860184475362,1
4014,0.3997932794433817,0.9991568874276127,1
4015,0.4357379535180973,0.9991584928007414,1
4016,0.4178812721044183,0.9992106880191092,1
4017,0.41697765983272517,0.9993540270647057,1
4018,0.4337514456132542,0.9994224281734516,1
4019,0.42827094337637395,0.9996688265488627,1
4020,0.4622781139006742,0.9996982021442591,1
4021,0.3722840842122602,0.9997275823432973,1
4022,0.44548052259100823,0.9997708494058541,1
4023,0.4258911392356589,0.9999490470081422,1
4024,0.4127430014436808,0.9999591072982698,1
4025,7.692883185106414e-05,inf,0
4026,0.4118099519539037,inf,1
4027,0.41600090218373476,inf,1
