,Birth,Death,Dimension
0,0.04719218384766477,0.051899644521138155,0
1,0.015714567297828386,0.05382184186434591,0
2,0.018718939645623323,0.05569427839436347,0
3,0.04859439914197827,0.05737919662242397,0
4,0.03885325422825814,0.05766783332202374,0
5,0.047181941153348506,0.06081914706872804,0
6,0.05994398372604848,0.06670263499921203,0
7,0.03041861129328549,0.06718398539134329,0
8,0.011592966298957341,0.06943441673032502,0
9,0.012575587239441077,0.06999857605118798,0
10,0.013306733133237159,0.07308958414027422,0
11,0.03637376934253733,0.07460528929659782,0
12,0.03771469449383724,0.07460528929659782,0
13,0.03154715344497072,0.07605677267552546,0
14,0.060184186620991675,0.07659348401056221,0
15,0.03774897428262114,0.07764534114612198,0
16,0.05121132935410888,0.08292737427928643,0
17,0.01332562927903258,0.08521996449931957,0
18,0.0671377137971435,0.08664612815526584,0
19,0.0826904557888184,0.08873598516505232,0
20,0.051152305016113786,0.08877058222308065,0
21,0.06853085978831674,0.0954106967812186,0
22,0.08938211591405953,0.09556304973233187,0
23,0.03293332981682873,0.09587140023279117,0
24,0.09110791452981193,0.09690095420186107,0
25,0.08221796915354229,0.0998867957987255,0
26,0.09820006171395024,0.10138758267595005,0
27,0.06156577157244303,0.10307491087957832,0
28,0.05859809603787958,0.10446087984831776,0
29,0.0505797031426648,0.10446087984831776,0
30,0.02808753118018592,0.10488893889644879,0
31,0.04435721751786581,0.10683368670289972,0
32,0.056471410552694556,0.1101071933543536,0
33,0.07559563494591137,0.11021213011195685,0
34,0.05048624465559681,0.11211886420576422,0
35,0.07482738528769028,0.11292909770545223,0
36,0.06397101470783573,0.11892170281762404,0
37,0.09305740824284248,0.11917635821398254,0
38,0.10167550659562252,0.12038853961877438,0
39,0.08429901741942114,0.12068691235101581,0
40,0.0797896854972403,0.12082383147699594,0
41,0.02934254752589327,0.12082383147699594,0
42,0.06889761348827705,0.12156320768057727,0
43,0.06775910575383737,0.12162282671220226,0
44,0.10684338896821288,0.12268750110386795,0
45,0.05807268629824869,0.12408602615149789,0
46,0.013630977109518327,0.1249124241807148,0
47,0.054353381206504126,0.12557893355754046,0
48,0.07931282360519931,0.12606247490937683,0
49,0.0525204110081291,0.12961113012425962,0
50,0.08850670788054205,0.13100093080637742,0
51,0.04028534452542809,0.13109661675072293,0
52,0.12749166128484646,0.1321773071449116,0
53,0.12740169102002707,0.13281011786191566,0
54,0.09597166666781853,0.1328198728999529,0
55,0.11044868611770087,0.13361437351163374,0
56,0.077204860262299,0.13399196047241746,0
57,0.03857213928476377,0.1359550532920334,0
58,0.11937457308538724,0.13768019236218731,0
59,0.09138348933267193,0.13768019236218731,0
60,0.13031629923380983,0.1378701632086714,0
61,0.018462446827662737,0.13984600305106343,0
62,0.14202598528448562,0.14235643087827865,0
63,0.02363291074994367,0.14254579767467412,0
64,0.11329894288708975,0.14277113432584687,0
65,0.09987970732775664,0.1437376049364818,0
66,0.0759133263482793,0.14378674734629004,0
67,0.12769373117806748,0.14509883060981865,0
68,0.015561296899844423,0.14516584668718735,0
69,0.054813327647779464,0.14687753062747322,0
70,0.09085247010961761,0.1469461534831562,0
71,0.11783502114872979,0.14780640173548765,0
72,0.07001427853211706,0.14806868290936515,0
73,0.055408971501253235,0.1485594810334503,0
74,0.021602064515732544,0.1485968748388713,0
75,0.12450080628591331,0.14882301405375487,0
76,0.13691425320863837,0.14987236747498467,0
77,0.0414399864494438,0.15234941771433952,0
78,0.11246511596531139,0.15286477462538717,0
79,0.12073006994564228,0.15317998557187962,0
80,0.1438207320652103,0.15327430022288713,0
81,0.09848774290676576,0.15377562595668526,0
82,0.044593304926031974,0.15404864368844784,0
83,0.03523939207569604,0.15493219892382382,0
84,0.13956561298039039,0.15522846530278067,0
85,0.11549859930332351,0.15569669223741756,0
86,0.10540239792262207,0.15697296202749944,0
87,0.13109327495556455,0.15739175663838023,0
88,0.03163817074544617,0.15823336602924676,0
89,0.08843660150861365,0.15834059698227743,0
90,0.048010228389174125,0.15836320943700688,0
91,0.022132448312011666,0.15836320943700688,0
92,0.0703720158509964,0.15913913300382476,0
93,0.10043965335628102,0.16077031636761885,0
94,0.10266143394310823,0.16113173181810214,0
95,0.04091671383389095,0.1621962320659336,0
96,0.02085316520703895,0.16309422655284112,0
97,0.07077363200692743,0.16370155758162142,0
98,0.08209360770601493,0.16519519653026304,0
99,0.11279285138078043,0.1655776158420037,0
100,0.09642711267896986,0.16557978063060597,0
101,0.09025756300937249,0.16586145794520857,0
102,0.08426200293571173,0.16606270484542796,0
103,0.028783539295096583,0.16609298607143075,0
104,0.044383162674642596,0.16626240412253346,0
105,0.012578551439524688,0.16703723838549167,0
106,0.048780620875885417,0.16754321138166461,0
107,0.11782098650867001,0.16780834582686754,0
108,0.09902752738549347,0.1686313088220237,0
109,0.08246842640085161,0.1690610571812775,0
110,0.1427952183530099,0.16955169566141215,0
111,0.07610524938203167,0.17068932198941078,0
112,0.07536492132160366,0.17316009339638916,0
113,0.021229580342367438,0.17338627764926762,0
114,0.11789673987361726,0.17341416345654248,0
115,0.0635714208158884,0.17350427249563716,0
116,0.1054547281479048,0.17434438166377042,0
117,0.02470429146401809,0.1751128085306335,0
118,0.11326330080126057,0.17518792181860499,0
119,0.091139472767782,0.17538223805180264,0
120,0.15163118931656538,0.17596511904581802,0
121,0.12550947570560256,0.17647721498280233,0
122,0.113370022504235,0.17671666447141643,0
123,0.06823951663394312,0.17734137609237277,0
124,0.09266437092343949,0.17791265495000375,0
125,0.15045796904111186,0.17816971591528696,0
126,0.10045864261566739,0.17827013311687112,0
127,0.1379134323597524,0.17827013311687112,0
128,0.1409938366555824,0.17840768046978728,0
129,0.13789988546829124,0.17850746136644624,0
130,0.12767947311209515,0.17984228938646507,0
131,0.17356470633602705,0.18115798290431706,0
132,0.09563086827819134,0.18116557754936868,0
133,0.15590256080320908,0.18176657954710562,0
134,0.03194956603911969,0.18223062275862711,0
135,0.17268736285784902,0.1828571023703076,0
136,0.029523662787389604,0.18418104964897108,0
137,0.08756066708763355,0.18448663783718433,0
138,0.12552892444202435,0.18603284178783064,0
139,0.08076338393686211,0.18756229306571381,0
140,0.16269763220361555,0.18826159138943865,0
141,0.10913114174213401,0.18865689890634985,0
142,0.15578786466794758,0.1889344925795161,0
143,0.137015993424073,0.18905930103556345,0
144,0.14862881822064977,0.1901057420544593,0
145,0.024803240354398293,0.1904790969688045,0
146,0.07284252406585345,0.19083350932167498,0
147,0.11018423064773664,0.19110245254833835,0
148,0.0655189738240719,0.19240110444376668,0
149,0.050903541695216714,0.19277837140877274,0
150,0.11546513117793666,0.19390107036039295,0
151,0.0684218763100668,0.19449400290525864,0
152,0.1093753034861189,0.1948557128148104,0
153,0.010780111140821669,0.19526357060180877,0
154,0.0757367579330731,0.19545388618149018,0
155,0.1941825661345129,0.1963573907865277,0
156,0.16815735505688278,0.19768788246582347,0
157,0.12802510499292585,0.1978597332277231,0
158,0.13642701091383924,0.1990091981077532,0
159,0.1479211099362716,0.19922762773879898,0
160,0.022546088607014125,0.19937111518384287,0
161,0.035187180911763205,0.20001784994461802,0
162,0.09666179331018243,0.20034702187503484,0
163,0.10059142746495364,0.20052584621088787,0
164,0.12879095128100138,0.20156549127528833,0
165,0.05848899091607351,0.2024289197376803,0
166,0.18441449207456162,0.20275619982473603,0
167,0.1286804637838752,0.2027787159725355,0
168,0.06649722010270753,0.2033487923130911,0
169,0.017575530052688304,0.20342796678787212,0
170,0.1292708013851841,0.20349442227455183,0
171,0.02170525836724435,0.20384627289945634,0
172,0.15047842928103194,0.20473887791584,0
173,0.09406713405561118,0.2048121120703067,0
174,0.04596843816691376,0.20570986711521777,0
175,0.05453626132525757,0.2059952207443253,0
176,0.13271993138291072,0.2061394016309528,0
177,0.004100817210461627,0.20626013030469392,0
178,0.17705673253018683,0.20629299407262902,0
179,0.07283368756114517,0.2068608215809068,0
180,0.10987475556739512,0.20692113606670748,0
181,0.017036211867809903,0.20695933068788874,0
182,0.026995656049393246,0.20724370520911806,0
183,0.08772048397451415,0.20766622740195262,0
184,0.03589307939879538,0.20807667883132608,0
185,0.19924442009949683,0.20888166941132313,0
186,0.10934133689178382,0.20917249808201965,0
187,0.09188565872065868,0.20960934607962578,0
188,0.08029638180101839,0.21004745575495443,0
189,0.04388500530490269,0.21008226177519018,0
190,0.057359838993876866,0.2100954322217995,0
191,0.17344404641279,0.2104055108003986,0
192,0.09630735551322434,0.21088007576162937,0
193,0.14401801445444073,0.2115992496118314,0
194,0.005683858238102468,0.21174137131182358,0
195,0.0035781737332700736,0.21223186819676654,0
196,0.16934112507915722,0.21377521117746345,0
197,0.13031151656035622,0.21380526182697068,0
198,0.13703422373630358,0.21474862744176293,0
199,0.04693330772714821,0.21501669729769057,0
200,0.046641832859025456,0.21578422415497667,0
201,0.13594862396154472,0.2166153164731489,0
202,0.05279509287745132,0.21691935344354718,0
203,0.0075806691478480515,0.2171709903163751,0
204,0.17031411586264433,0.21781110761494704,0
205,0.0998773742665956,0.2196072956911761,0
206,0.07312543318536457,0.22061185896794988,0
207,0.17422089813805408,0.22062712195666068,0
208,0.2199461317735466,0.2208751428711595,0
209,0.1491214902559187,0.22099679223705615,0
210,0.13656099922491094,0.22131713864622315,0
211,0.21351385552821844,0.2213657152369105,0
212,0.11546938078707247,0.2215389378958077,0
213,0.1268842569223756,0.22202708939927207,0
214,0.22088100552929413,0.22204484130644742,0
215,0.04698328144099995,0.2227794083095982,0
216,0.20291701317435407,0.22319064871984284,0
217,0.1010954239580718,0.22352514794116884,0
218,0.12014270240601854,0.2235917241386134,0
219,0.0696024627230255,0.22398435510765669,0
220,0.07450745362031974,0.22455413828429482,0
221,0.0895883689690411,0.2246798263321529,0
222,0.21825717648315135,0.22504281631588152,0
223,0.10910664740591636,0.2259766364758773,0
224,0.07605762971742569,0.22599442090104593,0
225,0.03836659434543799,0.2263724506133431,0
226,0.19020723473522283,0.22654909744445606,0
227,0.15050437818826967,0.22667064833507344,0
228,0.1611542175792946,0.22677486121649704,0
229,0.04402096811902867,0.22677961755038956,0
230,0.06177708938031945,0.22738717196403158,0
231,0.11161697203840915,0.2282088062981985,0
232,0.0206265400514849,0.22870417658000963,0
233,0.11744762459662872,0.2287810525710805,0
234,0.017961301338388358,0.2289755313240236,0
235,0.1140078967511089,0.22898079118215153,0
236,0.19774604640286852,0.22943391143583836,0
237,0.16306559432750012,0.22972287635273347,0
238,0.08112650035437119,0.22993447984966764,0
239,0.057949606050584745,0.23008405140124955,0
240,0.10737080884945427,0.23024062753831298,0
241,0.014056920993283484,0.23065811094058386,0
242,0.08862735732769034,0.23078836873449227,0
243,0.07956116070037278,0.23166015524048822,0
244,0.12445406820694094,0.23175725787651136,0
245,0.16235528463539306,0.2318194359829321,0
246,0.0736443175408159,0.23197718723347405,0
247,0.03078095497754274,0.23203254979240107,0
248,0.10511953862678824,0.23332710511826538,0
249,0.08366992830404318,0.2341846513983642,0
250,0.2000488709221393,0.23434746380842064,0
251,0.1371511816140355,0.23457089125796526,0
252,0.08257366829725221,0.23457089125796526,0
253,0.05108416594353249,0.23559711472475442,0
254,0.15712923951864222,0.2356877494896905,0
255,0.027420429710577898,0.23642380361555915,0
256,0.07139246077195649,0.2368043375221719,0
257,0.16818288721912333,0.23766439777303894,0
258,0.2004427718462518,0.23827294940398502,0
259,0.1147854755291069,0.2384268276301369,0
260,0.1334698822860354,0.23877642388257547,0
261,0.13422559246102705,0.23915124662645115,0
262,0.22613516189047955,0.23960151290045317,0
263,0.15629529151748223,0.23965121961203084,0
264,0.10641500493367007,0.23997055919644927,0
265,0.04067118855539409,0.2401937651674071,0
266,0.10640794452993052,0.2404179685559532,0
267,0.07090392781425392,0.24069552770722935,0
268,0.23309660546531508,0.2411019455354586,0
269,0.017616148626524053,0.24130026592251153,0
270,0.007153251299561458,0.24130026592251153,0
271,0.009626272227623245,0.2419432835733053,0
272,0.050193313087009805,0.2436590904929148,0
273,0.22753204173051989,0.24384746734102358,0
274,0.1601056316539703,0.24384746734102358,0
275,0.14952245783078955,0.24386701946994604,0
276,0.09486810079373287,0.24444653926907867,0
277,0.09160342077440986,0.24469153704739888,0
278,0.2216761720238456,0.24484317800775512,0
279,0.16671656440987714,0.245464152632212,0
280,0.008879782733520303,0.24748155697071883,0
281,0.23127785099374432,0.24784497363744862,0
282,0.12480604632257197,0.24893875883645622,0
283,0.03920704461044899,0.24893875883645622,0
284,0.19025352296413023,0.24936886237603395,0
285,0.09314643479166607,0.24985763551777163,0
286,0.11780602810907004,0.2499187911919687,0
287,0.08309769548455392,0.2502339039893955,0
288,0.18235479045196878,0.2506129439023643,0
289,0.01891918906611889,0.25132006497326387,0
290,0.025812046509097852,0.2514048817670689,0
291,0.15775741146313138,0.2516123750659578,0
292,0.13446770066932245,0.2518000969531956,0
293,0.041216561239772465,0.25282910315140694,0
294,0.13985248609761192,0.2529660584073681,0
295,0.15841794472858395,0.2531967053171693,0
296,0.20147069295936237,0.25430034880701935,0
297,0.06453871141926482,0.25430034880701935,0
298,0.20511300825547518,0.25453388510701924,0
299,0.1745827364303444,0.2554294404074484,0
300,0.148182169734005,0.25559630752045914,0
301,0.145329375167898,0.25569110962594244,0
302,0.11812168169570825,0.25591938724800556,0
303,0.16085109279565568,0.2585169595801403,0
304,0.06483926911240756,0.2586489356857503,0
305,0.15215894260637397,0.2587521238197953,0
306,0.11453097752764563,0.2595225771066493,0
307,0.23824483644312933,0.2596058004391003,0
308,0.09927351061149647,0.26000535839615213,0
309,0.2415259078805887,0.2605300820295202,0
310,0.019444443232538577,0.2607430120477121,0
311,0.10288792747932685,0.2609478182968267,0
312,0.03414255891675244,0.26114701053430023,0
313,0.0298050589985126,0.26244795924871167,0
314,0.15132795802436416,0.26316959106955673,0
315,0.04483783253218765,0.2636021854519591,0
316,0.1811314068606038,0.2636397738199754,0
317,0.22770370548363217,0.2636442652017166,0
318,0.08229251818140948,0.2640498138224444,0
319,0.06262709193455507,0.264378910078627,0
320,0.07797603719243529,0.2666322038063559,0
321,0.1791092387271792,0.2692663000354836,0
322,0.19178649486086063,0.269903224526555,0
323,0.04800852195748673,0.2699199604869875,0
324,0.19887591246411496,0.27075823972032886,0
325,0.22268872583054733,0.27092340024298844,0
326,0.20915975812564858,0.2709285145275916,0
327,0.25340240106071954,0.2709561626101976,0
328,0.08879144232147962,0.27135655030905326,0
329,0.10366668191912531,0.2722310660261754,0
330,0.016259117333184858,0.2726582544197196,0
331,0.2685604900751076,0.27343341367791807,0
332,0.006422106469456401,0.27360309330191035,0
333,0.03798222120352435,0.2745273641509919,0
334,0.11789274717194398,0.2750498626618031,0
335,0.22743594770198095,0.27511459829149665,0
336,0.10425056379808229,0.2753413785384098,0
337,0.21743619814167436,0.2755133751037918,0
338,0.20574861501450303,0.275593422525647,0
339,0.08214260633000448,0.27670028421838055,0
340,0.15578942889628766,0.2771367460840699,0
341,0.016144322414074153,0.2774700269344219,0
342,0.10130587105025046,0.2779268310721029,0
343,0.22029810233216918,0.27866309871826767,0
344,0.05076512039081482,0.2788222050238398,0
345,0.1360564250612637,0.2789096327976379,0
346,0.1295372804727286,0.27900051287395855,0
347,0.21714309860722092,0.2790819468124083,0
348,0.27245435925553163,0.27990751051521756,0
349,0.11467424589470765,0.28077160740309715,0
350,0.22911301924544736,0.28097699215206307,0
351,0.20584340721013306,0.2811023587969971,0
352,0.11391992747529867,0.2826212064068694,0
353,0.06421592517710373,0.28275926281761177,0
354,0.059838039922614494,0.28275926281761177,0
355,0.2290388307509531,0.28290571966422917,0
356,0.16398799141428788,0.2829337591633776,0
357,0.037738420457594346,0.2832630473641794,0
358,0.015423402743488301,0.28426864891336423,0
359,0.15160796568524415,0.2850957464239571,0
360,0.008205248519662534,0.2853221659488091,0
361,0.07723355138904708,0.2860211281472894,0
362,0.20290317298344962,0.2864136567659298,0
363,0.06869936612340899,0.2867188479003011,0
364,0.10381347648928207,0.2867188479003011,0
365,0.16908085076576373,0.28758351180258745,0
366,0.1665295960167723,0.2879065797484931,0
367,0.031632771789677716,0.28803897643674614,0
368,0.2214062138939631,0.2881316456949261,0
369,0.0726059990860084,0.2881438376565998,0
370,0.1476701594080574,0.2884993767702323,1
371,0.03991677685019712,0.28870545818001325,0
372,0.038269154141034045,0.2891250585022579,0
373,0.16165306255820944,0.2892140827515648,0
374,0.045196090768770625,0.2893780804019841,0
375,0.25186566950238787,0.2897927001758036,0
376,0.20724611375050261,0.2897927001758036,0
377,0.18367888237985086,0.2898908590810768,0
378,0.07959016917914064,0.2908042773019234,0
379,0.03896527604147315,0.2910396135981671,0
380,0.16132725123797864,0.2911485540743596,0
381,0.05714950766705107,0.29132251589070157,0
382,0.15118525908915292,0.29136671031284633,0
383,0.10629215301911432,0.2914416086840509,0
384,0.1003012404381457,0.29227574887091445,0
385,0.02679009352613515,0.29254822293679394,0
386,0.05421847880561681,0.29258354182307533,0
387,0.017942418308278252,0.29290221340458633,0
388,0.22599609562383738,0.29306395303311783,0
389,0.04169163309046542,0.29306907875317767,0
390,0.29286405737839116,0.2934094934338519,0
391,0.04480617582270208,0.29379156345426505,0
392,0.08711876947050212,0.2941000761121554,0
393,0.2805420647520226,0.2943132574778562,0
394,0.023071848725771282,0.29468694916087,0
395,0.07367285686075087,0.29539327745513044,0
396,0.09575315963343078,0.29719859645109903,0
397,0.0663039688611129,0.29761458534317276,0
398,0.1288050124602499,0.29772353546017283,0
399,0.28011257731524253,0.2987546612132109,0
400,0.1541984358696784,0.2991011414180812,0
401,0.1330434565551244,0.2992958250525799,0
402,0.2927651348366844,0.29978206945347796,0
403,0.14923053410028309,0.29978206945347796,0
404,0.08816482445793206,0.299784116327126,0
405,0.025842073347715044,0.30049990655829006,0
406,0.1623501596625616,0.3011082253799735,0
407,0.1375862906654607,0.30161374231273363,0
408,0.06323019911103078,0.30221393603317503,0
409,0.18452001592250677,0.30228313806569096,0
410,0.07366742710523966,0.302373114409067,0
411,0.030844988000122142,0.30259248147055473,0
412,0.1653549868772991,0.3026288975928725,0
413,0.2117501833109091,0.3027055340926341,0
414,0.21661200066328,0.3028700371025095,0
415,0.279527678290618,0.3031800812124018,0
416,0.26947084853213976,0.30368578635314936,0
417,0.052321617410525434,0.3044040100438019,0
418,0.02105630270875658,0.30463747857119416,0
419,0.12185409522627133,0.3049653444694439,0
420,0.10312761763706035,0.30498613606803615,0
421,0.17632686229349437,0.30498613606803615,0
422,0.27699454123021605,0.30526215129837386,0
423,0.1331222243301985,0.3053272495037026,0
424,0.21991680417791537,0.30543240616309686,0
425,0.27315382876000516,0.3054423272152176,0
426,0.1435626926562572,0.3061317817715724,0
427,0.1819528987742962,0.306292141525884,0
428,0.0126682400640592,0.30629648250756825,0
429,0.01821523317097762,0.3066977437601899,0
430,0.20157580172009681,0.3071585408116946,0
431,0.02690093088722334,0.30737107447487355,0
432,0.04742369840260052,0.30737107447487355,0
433,0.15340437596961742,0.307898653340111,0
434,0.08851865214377275,0.3081993702968865,0
435,0.29639516139678,0.3082607451014937,0
436,0.13003400688163913,0.30866770861841,0
437,0.22167296536506287,0.30877428687523034,0
438,0.09306641994344511,0.3089946703931843,0
439,0.22495227727658762,0.3098286249580804,0
440,0.04184510654726836,0.31006732027302664,0
441,0.05741270811612631,0.3101614156928022,0
442,0.18345798496080057,0.31072114680895113,0
443,0.05575815273041307,0.31116395874707203,0
444,0.15259258612265736,0.3111876782507338,0
445,0.018590510084714018,0.31135614622761565,0
446,0.026253687063204634,0.3114044797001445,0
447,0.10021406005325306,0.311614120914939,0
448,0.023329859741527237,0.3116891126577408,0
449,0.18439598050036288,0.3117887634073916,0
450,0.22383937087928152,0.3118751558723881,0
451,0.09488177806021791,0.3121116088806699,0
452,0.10326471125610892,0.3121771263311919,0
453,0.0953537954050534,0.3124327901214704,0
454,0.00973882998955844,0.31247140168515053,0
455,0.02014474131976285,0.31247141798045697,0
456,0.09773961651105822,0.3126891246947535,0
457,0.12591319437034432,0.3129370215349254,0
458,0.023439725039871462,0.31373588115769824,0
459,0.18080152986060083,0.31402482464761794,0
460,0.21755639740751165,0.31423274725078243,0
461,0.12405029331446749,0.3143479366585513,0
462,0.06855600373606441,0.3144668901231583,0
463,0.08836372610686571,0.3147605551173954,0
464,0.005004048623966972,0.3150294645933729,0
465,0.03201686210780541,0.315470025286097,0
466,0.17340646589365205,0.3155842630962691,0
467,0.23783578723027776,0.31558855575421685,0
468,0.08630591021884249,0.31566918197900773,0
469,0.03882582236207022,0.31590511144793654,0
470,0.08294425897229152,0.3162591827072586,0
471,0.11421040314065034,0.3163608030925762,0
472,0.26025255683182447,0.31649468198986275,0
473,0.1412731571485023,0.3166094516536716,0
474,0.027266858141134387,0.31844805756612804,0
475,0.16236644758034435,0.31854689219827703,0
476,0.07266949150347413,0.3186793128368033,0
477,0.10600701263621226,0.3186793128368033,0
478,0.2109878000397002,0.31881799551237133,0
479,0.01693129897518597,0.318939688827392,0
480,0.231679786929897,0.319218497344646,0
481,0.23911034769572026,0.31961610977537547,0
482,0.04127583649779676,0.31999708837194807,0
483,0.05273703615126357,0.32048131219708764,0
484,0.11784011610653033,0.3206049603340374,0
485,0.01459837048548207,0.32085389277991616,0
486,0.014908071734571315,0.32105401606911554,0
487,0.11840862486131165,0.3212798458711068,0
488,0.10928575905589666,0.3218457567178371,0
489,0.11153903996205505,0.3226444691548602,0
490,0.20990905805644844,0.3237585391178831,0
491,0.12034872850719469,0.3239371143188249,0
492,0.13751472348874139,0.3239371143188249,0
493,0.21054464514081161,0.32397520294988846,0
494,0.0702263415211295,0.3241557187703271,0
495,0.04928033410392607,0.3245061139416576,0
496,0.03757631297046671,0.3258906973249176,0
497,0.05224781133477174,0.326272848365759,0
498,0.29499882544013756,0.32627641512032934,0
499,0.13845396027252677,0.32665632875755213,0
500,0.1917046020799541,0.3266899993546224,0
501,0.03359217754882404,0.32669175837167697,0
502,0.12303412420289273,0.3269687658392293,0
503,0.13885941350400954,0.3272465425539224,0
504,0.12721720052264807,0.32746764515003723,0
505,0.09578719277047221,0.3275738579736549,0
506,0.27153700142622905,0.32814507355086797,0
507,0.101672279415008,0.32827382302372476,0
508,0.05039292901243697,0.32846161821364894,0
509,0.026749275874396905,0.32853016283312597,0
510,0.019034961816667195,0.3285381612909507,0
511,0.13235408494734535,0.3285411347978354,0
512,0.25059006198815337,0.32859532563693106,1
513,0.16693441605030268,0.32902659863926886,0
514,0.19282226146475223,0.32916953183074804,0
515,0.17474373478911365,0.32944826364501845,0
516,0.132931011783607,0.3296603261693136,0
517,0.08013818250596993,0.32998705349496693,0
518,0.08444536362893729,0.33009756931162826,0
519,0.1576298929384362,0.33028001608757007,0
520,0.01137406042922362,0.3309934371090629,0
521,0.2502019582056392,0.33102601019728295,0
522,0.024488921174707357,0.331947921730251,0
523,0.2858335178794347,0.33198100274635867,0
524,0.30142878008957186,0.33198100274635867,0
525,0.11896089031304924,0.3321294297193461,0
526,0.057449143720461504,0.3321989903754986,0
527,0.06713235878783164,0.33235299816284936,0
528,0.1087781427407537,0.3336139206224359,0
529,0.27607289276597746,0.3336139206224359,0
530,0.24876967817328977,0.33378812309880723,0
531,0.020026875974106684,0.3339777710296481,0
532,0.28603949609064316,0.3339882234492424,0
533,0.010621326208225979,0.33444687653509686,0
534,0.1355703315270147,0.3344746996026673,0
535,0.08813089431235432,0.3351329243128808,0
536,0.1293239302921778,0.335381501295013,0
537,0.26200674477460806,0.33543460692428195,0
538,0.24742962405543478,0.33559871192918256,0
539,0.2757455850205719,0.33582134270430253,0
540,0.10760497250630319,0.33596270642732007,0
541,0.17380708527886413,0.33603569988631543,0
542,0.04812892240967381,0.3361300780378784,0
543,0.029646037516075308,0.33677366891169147,0
544,0.17376942449385402,0.3374734263813062,0
545,0.19192482904229113,0.3379066373458465,0
546,0.0543304536619682,0.3379148125658301,0
547,0.1966906551884291,0.3380454261401099,0
548,0.23440331131057612,0.3382191521777096,0
549,0.10736651498832417,0.33836599568757253,0
550,0.13022485031406783,0.33843262609563096,0
551,0.04052848969460898,0.3387609436650617,0
552,0.21969730133832122,0.3391421453728586,0
553,0.013949190703996472,0.3392869335551747,0
554,0.021237777320792572,0.3405989601752093,0
555,0.1972599876910479,0.3407900441135112,0
556,0.1597123281850038,0.3407900441135112,0
557,0.01355922975102608,0.3417469778158452,0
558,0.1381109148804025,0.3417555263663512,0
559,0.14580929416458688,0.34187300206034876,0
560,0.10084962700405375,0.3419902680118082,0
561,0.15187974931679427,0.3421096625481109,0
562,0.1583142182138565,0.34237612356006464,0
563,0.1124067820511978,0.34261735203427013,0
564,0.16168103668198652,0.34268615667526914,0
565,0.07059353854017825,0.34289311998552563,0
566,0.265922894108636,0.3429115029387707,0
567,0.03465307082346447,0.3432914488023089,0
568,0.322031440417864,0.3433310493065068,0
569,0.1455233851317146,0.3437143721568884,0
570,0.23634689176099188,0.34402028345924074,0
571,0.10261273181813624,0.34414189037917187,0
572,0.05379630954089687,0.34420741176940683,0
573,0.07239134199704256,0.3443971126472677,0
574,0.12904685841059682,0.34440910577001593,0
575,0.019129464306003374,0.34474144068275325,0
576,0.11823957751426328,0.34562147946321686,0
577,0.16853348740188723,0.3456731945307657,0
578,0.15283350890373226,0.3457285939332463,0
579,0.005493669396569589,0.34590628542732893,0
580,0.07799747162214465,0.3459147555354777,0
581,0.12988145200393442,0.34619773771789486,0
582,0.2589821979573209,0.34649255006986424,0
583,0.006298648520343897,0.34658694325676076,0
584,0.1412455900489945,0.3466066253609751,0
585,0.02162566976561553,0.346933884600922,0
586,0.3304839883645788,0.3471536496449651,0
587,0.08213379338777271,0.3472644287970671,0
588,0.09816983926099376,0.3473693348593142,0
589,0.016710238463287785,0.3476932459993033,0
590,0.03845576387243699,0.34778678019539333,0
591,0.1278299391926382,0.348279662594712,0
592,0.19973665949966057,0.34856063793584047,0
593,0.22013608684498487,0.3490536371873044,0
594,0.12381968994870818,0.3490536371873044,0
595,0.003133834381411571,0.34905448309608744,0
596,0.15673194020410164,0.34906819587182414,0
597,0.04193665924891332,0.3498037201772928,0
598,0.24962476785526444,0.3498948674464156,0
599,0.10997497447186211,0.350033329515522,0
600,0.022258438851208706,0.3512105043942616,0
601,0.2790310389114451,0.3516821715502304,0
602,0.12553404628578446,0.35174049711360256,0
603,0.04555171078845344,0.3517740579472304,0
604,0.18208550563941772,0.35198843459754214,0
605,0.010703624884154439,0.35220873405594455,0
606,0.04495466369146217,0.35256129443716977,0
607,0.11245643029491492,0.35290320494728367,0
608,0.2926071905277412,0.35291136971817005,0
609,0.020083652952781805,0.3532968124488661,0
610,0.2727244251097821,0.3534807438032024,0
611,0.307700638978882,0.3534807438032024,0
612,0.005786622489868054,0.3542954900163673,0
613,0.06167060504025623,0.3546475518919937,0
614,0.12278447129898962,0.35525578631888644,0
615,0.01727960148629082,0.35552960991288973,0
616,0.1124082284657082,0.35657865699538394,0
617,0.09018266662799312,0.35663023316250786,0
618,0.18931674008797594,0.3566922130247495,0
619,0.0824068340905717,0.3566922130247495,0
620,0.013159907023493789,0.3570115346154905,0
621,0.01921110143440563,0.3582499681825937,0
622,0.09221673880313119,0.3589252910786014,0
623,0.07117906147644903,0.36021926877509725,0
624,0.1186155435627172,0.36036930929493505,0
625,0.025606249594770092,0.3604078467811074,0
626,0.15883885502325112,0.36086362234931146,0
627,0.148944114795732,0.3609181928363071,0
628,0.0372022491920776,0.3613746778359991,0
629,0.01231736295183794,0.3616561561283983,0
630,0.31294514655235317,0.36218763467249615,0
631,0.29737909179185773,0.3624049047531097,0
632,0.20631703580812877,0.3626182028060144,0
633,0.07951097573923649,0.36263522491384415,0
634,0.12534370261571381,0.3626355491067964,0
635,0.12286794899599951,0.3628381175114431,0
636,0.10218034385824393,0.36316520911264216,0
637,0.0631458149225067,0.36395526715640913,0
638,0.3175792309474662,0.3642179876201772,0
639,0.3464405572636472,0.364577151230561,0
640,0.012212725225060672,0.36460846843520034,0
641,0.060862459381462175,0.36460846843520034,0
642,0.15037422681717572,0.3651075098149422,0
643,0.0860682006217115,0.36514198234021356,0
644,0.01180466237542388,0.36514494109595186,0
645,0.23923390717613613,0.36528253860714,0
646,0.06755593686157091,0.3659218907362358,0
647,0.01550773457510446,0.3668136774798907,0
648,0.356178065195382,0.36693587263304694,0
649,0.2053533594005491,0.36766474138620875,0
650,0.3033898477965572,0.36780206044901764,0
651,0.0326046701714513,0.36797577245882807,0
652,0.1860837937408426,0.3680088881312801,0
653,0.2655047717630631,0.36831097033122906,0
654,0.00783137680082413,0.3683984973591813,0
655,0.23827427739798734,0.3684435593155925,0
656,0.21833746359094763,0.36845228282704334,0
657,0.10782392547315689,0.36855998105077803,0
658,0.36222416835953475,0.3687116595475719,1
659,0.2916376184820886,0.36899615278336206,0
660,0.0037409366295863,0.3690742375048268,0
661,0.03049716641292899,0.36940517211015145,0
662,0.13469448012281549,0.36945684989944605,0
663,0.08671245720866183,0.3695155475931825,0
664,0.13289478792401976,0.37015252457891823,0
665,0.19681628590608136,0.3702813364751729,0
666,0.04441110555031802,0.3704020510727424,0
667,0.3321797848540393,0.3707184343095189,0
668,0.11377375066257078,0.370850171784727,0
669,0.07864637897620774,0.3709435555904781,0
670,0.04780995162486912,0.3709632519301228,0
671,0.30335712103056456,0.3713789589675256,0
672,0.0939133473236774,0.3715946764760696,0
673,0.030070519303108667,0.371738960723083,0
674,0.08323066376512522,0.3719238832371269,0
675,0.24063241060303142,0.37209324770223806,0
676,0.058467050736463744,0.3721083995980947,0
677,0.05584748313317156,0.3721083995980947,0
678,0.06533464424964908,0.3726972896984885,0
679,0.16543058738826077,0.3727985802540128,0
680,0.1371358222138339,0.3727985802540128,0
681,0.039978592369769195,0.3728372602342702,0
682,0.16436075957657426,0.3738966320613506,0
683,0.12297484332147535,0.3741462365773748,0
684,0.04280211932080791,0.3742655372052337,0
685,0.27377803176051607,0.3742856162325181,0
686,0.008234574854153909,0.37433194230363853,0
687,0.20730354856637667,0.37451624492877444,0
688,0.35286707375140114,0.3745864159720911,0
689,0.016673510607527087,0.37460732666052665,0
690,0.24455033540591042,0.37483968329644657,0
691,0.034506917095968204,0.37513986734063665,0
692,0.0901236306045119,0.37522614920750674,0
693,0.12948246405173047,0.37541780377387657,0
694,0.26978832848509937,0.3756942368892837,0
695,0.011841757902274042,0.37602510714576465,0
696,0.3430640494192536,0.37653653601956527,0
697,0.09618649776397814,0.3769413346256818,0
698,0.17869396129624848,0.37701868505880176,0
699,0.19516839426948596,0.3772541577294656,0
700,0.13302676927654045,0.3773956217636566,0
701,0.029480218421250814,0.37745147438932725,0
702,0.34242513694462684,0.377686572542806,0
703,0.11778487224781198,0.3777643573738513,0
704,0.04780870663887127,0.3780854405874793,0
705,0.3292472164487741,0.37814930652673584,0
706,0.03434365421689256,0.37852147269172953,0
707,0.010759953439319014,0.37898965824749287,0
708,0.14178098247214543,0.37905848672472375,0
709,0.28244866540301294,0.3793942604675742,0
710,0.052567452151841665,0.37945088629911683,0
711,0.205789381986631,0.37946417937423804,0
712,0.05749791723675546,0.3798336216460858,0
713,0.07146757206744137,0.3798720579574769,0
714,0.20416926595208718,0.3800641046777242,0
715,0.07985501028703823,0.3806268319923398,0
716,0.18030339050061017,0.3806897921955045,0
717,0.03550809269549371,0.3808563748380769,0
718,0.13357289970896613,0.3810642874053506,0
719,0.18421187402994743,0.38132668965000327,0
720,0.06929530928788141,0.38132668965000327,0
721,0.13310906887710583,0.38164777135326067,0
722,0.05227895136877547,0.38182828157351745,0
723,0.04011736310892078,0.3818316847113664,0
724,0.12341245108792542,0.3824045433710189,0
725,0.14923737708769624,0.38241732906601367,0
726,0.15600024934134804,0.3827971138270163,0
727,0.012906972541046557,0.38315379939214445,0
728,0.012744736170950288,0.3835251461637158,0
729,0.050567169610272855,0.38389980810942537,0
730,0.24114370196022394,0.38389980810942537,0
731,0.36163528637175657,0.3843093105722728,0
732,0.13349932787514074,0.38436107691235444,0
733,0.042039943104906996,0.38456548264389256,0
734,0.15189327884146853,0.38505889226989176,0
735,0.2845108068615705,0.38509148384688807,0
736,0.005187128214816483,0.38515746330247547,0
737,0.056989404152194334,0.3851617114009006,0
738,0.11568284936983741,0.38520552086862514,0
739,0.0577477716472673,0.38521583945268123,0
740,0.06494136873231138,0.38523520651250165,0
741,0.08180580826331907,0.38544906393538836,0
742,0.005053323335290516,0.3855620552945689,0
743,0.05653516214331378,0.38573105757917225,0
744,0.1283650461768706,0.386508312025328,0
745,0.33432357052454154,0.3867537890635303,0
746,0.02987320532380844,0.3871418000219693,0
747,0.04298166537933856,0.38732589849782084,0
748,0.2929158525505603,0.387496156110802,0
749,0.016321177391165675,0.38762080378311536,0
750,0.06779498930163508,0.38798526407894207,0
751,0.26260742896207634,0.38804456148567246,0
752,0.08370291006833552,0.38845792604406293,0
753,0.06334016382303886,0.3884832968437799,0
754,0.24095979336195017,0.3885010328828282,0
755,0.006644418619998871,0.38886754877746665,0
756,0.14859729156488344,0.389527393066213,0
757,0.09762514253808419,0.3900987191374605,0
758,0.18075634303943044,0.3909313642945279,0
759,0.0007142004182665307,0.3909313642945279,0
760,0.35106438500595727,0.39099331342627885,0
761,0.2590029106379349,0.3917458548534586,0
762,0.05696575690268635,0.3918011152523836,0
763,0.2133485112226231,0.39189888715426235,0
764,0.04277476925931867,0.39217782582079863,0
765,0.007763974739918522,0.39219344118387467,0
766,0.05301315390003891,0.3923499707393058,0
767,0.043712022490922764,0.3924418540455752,0
768,0.1924456766261271,0.3931707877188144,0
769,0.20265006571900646,0.3932834361446831,0
770,0.05301169207374212,0.3937675834931298,0
771,0.016785279552293586,0.39394134020206106,0
772,0.19779066865772432,0.39407727289866,0
773,0.2743845562353301,0.39421918871640393,0
774,0.2119389036579108,0.39482725761014326,0
775,0.04155295339032783,0.3949419796123905,0
776,0.03153608077172665,0.3950409004359259,0
777,0.05085846192094767,0.39555452471225616,0
778,0.2892553156831439,0.39608737113689896,0
779,0.21250164437429586,0.3964951602890141,0
780,0.06218793419104052,0.3965494354466078,0
781,0.19227366197408702,0.39667428705594365,0
782,0.2384134170285217,0.3967369915802679,0
783,0.07879591691908983,0.39716556843800266,0
784,0.08674143219966213,0.3972126971691349,0
785,0.1357110772713862,0.39727828352470795,0
786,0.04074447677833004,0.39755409876279846,0
787,0.12484554131391856,0.3980507886504189,0
788,0.2241907659719693,0.3982104048476457,0
789,0.032479951580040356,0.3983749468099549,0
790,0.05436019491292643,0.3984200026192508,0
791,0.03279175557020153,0.3984381976855369,0
792,0.14983141815279621,0.398797415675757,0
793,0.03377387366889084,0.399754240073379,0
794,0.058554046346340316,0.3998516273029791,0
795,0.16273895687947904,0.4003103102942075,0
796,0.11177872908364128,0.4007182819591659,0
797,0.1620444793212228,0.40076592263344135,0
798,0.11782325053670151,0.40088242202271207,0
799,0.2657370708744522,0.401004646740745,0
800,0.043757434940914886,0.401004646740745,0
801,0.005215510837199511,0.40116867932332234,0
802,0.29936082544686593,0.4014235244998636,0
803,0.12342408919084358,0.401455960948651,0
804,0.12764586548569956,0.40156141755223496,0
805,0.24431140619916825,0.40172765190269666,0
806,0.023852618106951717,0.4022937952424317,0
807,0.13791393451971823,0.4024305664910025,0
808,0.1851011056226599,0.40287864654288996,0
809,0.3376798517321796,0.4028788595838251,0
810,0.06134132974111506,0.40327939331264984,0
811,0.048843935081223755,0.4039961586470291,0
812,0.013877523348162835,0.40415644656236505,0
813,0.21544371345026514,0.40425789067816,0
814,0.02626523703074124,0.40453935439468314,0
815,0.01620562646120771,0.4045694808039826,0
816,0.12883935071484276,0.40486675096289637,0
817,0.036050028315486204,0.4051231931641598,0
818,0.0392037962367795,0.405126729029348,0
819,0.02720582010245809,0.4051872445008722,0
820,0.028462918579710283,0.4059303065025831,0
821,0.22404497823202685,0.4061247443489022,0
822,0.06005198525681843,0.40652088004062426,0
823,0.16702657591028558,0.40658861593592166,0
824,0.007106616021654633,0.40679818793470535,0
825,0.0097832983357512,0.4077485408462864,0
826,0.11536472823448685,0.40782674444382394,0
827,0.1026101974101904,0.4083957444576254,0
828,0.025212991317771882,0.40848977440621737,0
829,0.2243925734788782,0.40864025988915476,0
830,0.07648994317934954,0.40864025988915476,0
831,0.2693354416151902,0.4088457125176037,0
832,0.0013502164640677439,0.4091091418106998,0
833,0.2969919401649994,0.4094024206997978,0
834,0.13645962306187587,0.4094024206997978,0
835,0.27255928371102023,0.4096375538905721,0
836,0.03657241041350545,0.4098571445874627,0
837,0.35532223170050636,0.41021218574489027,0
838,0.074054769751429,0.41021218574489027,0
839,0.20214634817781296,0.41049910161683945,0
840,0.07581256979284923,0.410704727355487,0
841,0.007224112047506059,0.41100548036626916,0
842,0.06497082116237773,0.411483723756778,0
843,0.003627616304722525,0.41199141799221417,0
844,0.022235441368799846,0.41238541747158475,0
845,0.04231743367223684,0.41272268733643025,0
846,0.04534275122299403,0.4128867650465924,0
847,0.0663283157573219,0.4129577029836341,0
848,0.3288351043909261,0.41320036902987445,0
849,0.1831977435148876,0.41328910862481805,0
850,0.015189826423414154,0.4135681544975458,0
851,0.0024254408463315613,0.4135681544975458,0
852,0.048773405222214516,0.41380338636985914,0
853,0.13300430008229502,0.4138627759979948,0
854,0.0010341982708765851,0.41387328455753747,0
855,0.04754130850130711,0.414108441784683,0
856,0.2538027172315864,0.4141209093583007,0
857,0.05735317971348508,0.4144652765710217,0
858,0.0804927788895532,0.4148994484807157,0
859,0.21881728001254674,0.41515724077606386,0
860,0.13778696841432814,0.415266180843579,0
861,0.4153713893193305,0.41545114718502685,0
862,0.3626044679865792,0.4155107974338379,0
863,0.04235110317151192,0.41583027838969056,0
864,0.010977696866908748,0.41616909791799084,0
865,0.19142297297955424,0.4162131714199818,0
866,0.0006624647486404012,0.4164352193743768,0
867,0.022227635798484968,0.41665543409071093,0
868,0.024277923025164294,0.4171387864637849,0
869,0.005582660818052254,0.4173714395611867,0
870,0.17254449716334286,0.417638048000223,0
871,0.02966788248343255,0.4177011131768701,0
872,0.15935465982000574,0.418187576031426,0
873,0.008347107632988737,0.4182498657235645,0
874,0.2557661125121651,0.4184515212192148,0
875,0.04323426166227162,0.4187752594299531,0
876,0.25282533888840875,0.4190785563980469,0
877,0.020553030691136454,0.41908278833472257,0
878,0.3509059941044447,0.41917584929648843,0
879,0.016075616126976167,0.41917584929648843,0
880,0.08051444026584509,0.419447261509417,0
881,0.1267562446191941,0.4195023051436344,0
882,0.017177982421987315,0.4203542961393918,0
883,0.02755092353007027,0.4203892987180837,0
884,0.25483396153529525,0.42076254694495374,0
885,0.12082406864092665,0.420779903905832,0
886,0.07073146040267508,0.42097310421671186,0
887,0.025855301441465306,0.42115088089562647,0
888,0.07205387236969885,0.42121340872136015,0
889,0.08814080510417233,0.4215176202735861,0
890,0.10213472477406349,0.4216025387449799,0
891,0.29742675879963754,0.42166607501780884,0
892,0.13009959049022712,0.42213608071284914,0
893,0.025476159272189602,0.4228174969876979,0
894,0.12023719361818108,0.4229417040366179,0
895,0.029663290364799977,0.42371581883958787,0
896,0.0667730233452547,0.42374543312043256,0
897,0.0018713391489724174,0.4238183821196524,0
898,0.009456343839888692,0.42391773080197626,0
899,0.2991659854101095,0.4243828526981289,0
900,0.061416058935044426,0.4244319677860382,0
901,0.1857034977191675,0.4244635416935426,0
902,0.25183494468003087,0.42519491191398273,0
903,0.0733953295698565,0.4252009309317929,0
904,0.23305054335314068,0.42592823504192867,0
905,0.04692046437435826,0.42620278781120724,0
906,0.06700087707959823,0.42621645598226177,0
907,0.009703244615688611,0.42624899076092393,0
908,0.0216918397234529,0.4266275649175797,0
909,0.23720810645832135,0.4266275649175797,0
910,0.18451695147184766,0.42670784357638114,0
911,0.010281705007903374,0.42672397015643426,0
912,0.23078575604689644,0.4270670570218873,1
913,0.41108676922446674,0.42712508380539205,0
914,0.13490664119450124,0.4276168775869763,0
915,0.05446129060248883,0.4277084956402283,0
916,0.11408715784096024,0.42796524979866424,0
917,0.08624838525252554,0.4280597057329255,0
918,0.03630061763175829,0.4280904159263119,0
919,0.004889145874751422,0.4282551492420009,0
920,0.3336046705470156,0.42865551035728355,0
921,0.2276921784078999,0.42885020635177584,0
922,0.22141717841801234,0.4288514071169435,0
923,0.42407572977236985,0.4292944079472433,0
924,0.03917223354534505,0.42944323691201447,0
925,0.24353973207641888,0.42991439577104984,0
926,0.0738265388125654,0.43010561769524147,0
927,0.011042215410323797,0.4305000085420906,0
928,0.1209824289963638,0.4305746477978092,0
929,0.010557451479712987,0.430814161910716,0
930,0.20909778202938378,0.4313948963439387,0
931,0.0484182108461344,0.4315322574854632,0
932,0.07324161144192709,0.43179797620642824,0
933,0.42295681207443725,0.43210836763375915,0
934,0.08821582231724834,0.4322361206707732,0
935,0.1922202864728394,0.43226031104256635,0
936,0.0030423503416279196,0.432338932796271,0
937,0.004944912688398029,0.4327142047488197,0
938,0.058045122961611906,0.43319063387269596,0
939,0.006855451648701605,0.433390940617286,0
940,0.19023444150887725,0.4335386834756838,0
941,0.04340220739535672,0.4341323965874795,0
942,0.005835641002771785,0.4342108835644587,0
943,0.3141048724639436,0.4344793922284068,0
944,0.09706433565144423,0.43448809189054727,0
945,0.3971584873997106,0.4354023912400191,0
946,0.11884639052933432,0.4354023912400191,0
947,0.31326009641069397,0.4355648383676385,0
948,0.16473832330425442,0.4358964997791078,0
949,0.27459405186496844,0.4359687745812485,0
950,0.036736105306688804,0.4370193043160505,0
951,0.08947539836296226,0.4373426493039909,0
952,0.2823231647710439,0.4377121032080191,0
953,0.4333292645506118,0.4378258869951155,1
954,0.006611985366918649,0.4381146519384981,0
955,0.04811154659590011,0.4382753723367562,0
956,0.04411744650339533,0.4382753723367562,0
957,0.002466128411549362,0.43856300156727435,0
958,0.03405411623349042,0.4386441369760068,0
959,0.39994321183187587,0.43897731843591514,0
960,0.12784096833274405,0.43897731843591514,0
961,0.02538957373499562,0.43960465876348964,0
962,0.004356089577033706,0.4397239608728821,0
963,0.06658858631597397,0.44026837987076317,0
964,0.09236329845488711,0.4404135389701812,0
965,0.21945864541505822,0.4404911589740502,0
966,0.03686973711988395,0.44110055277031124,0
967,0.09880775113494511,0.4415076711963484,0
968,0.20247492677843593,0.4417915353385333,0
969,0.01567685686204856,0.44230961360188403,0
970,0.02312135763980583,0.44288289700035943,0
971,0.06569072232077033,0.44450801885382907,0
972,0.024699946636618675,0.44452004282363466,0
973,0.23483081106905324,0.4446383262259235,0
974,0.08760122214262,0.4453085874625464,0
975,0.0035501996622099297,0.4453124693327166,0
976,0.19800898758142105,0.4453124693327166,0
977,0.002488519258337929,0.4454446928235103,0
978,0.004937071571999518,0.4455555163330547,0
979,0.31802614958060615,0.4455687373120417,0
980,0.03778079903166698,0.44562757076530424,0
981,0.014049829114998857,0.44587136960596485,0
982,0.06762384294935309,0.44609876766363,0
983,0.11749802469088877,0.446262122618968,0
984,0.09691118054347714,0.44633644890105706,0
985,0.2975872834250728,0.44657949554074206,0
986,0.00044247942964292797,0.4468709810778,0
987,0.036109606306704345,0.4472755989089482,0
988,0.09751245362168726,0.4475089611116896,0
989,0.04862536345035273,0.4476383168738459,0
990,0.020860746882926717,0.4476383168738459,0
991,0.02401966547808243,0.4480488167273955,0
992,0.0924578858260462,0.448457052894887,0
993,0.004712940812884758,0.44891416397900497,0
994,0.2564786834559831,0.448930912140707,0
995,0.14354668965418083,0.44909793750299976,0
996,0.1568424436675162,0.44921667229599893,0
997,0.1954083920769737,0.449243695940605,0
998,0.12660144472624335,0.4506892927870316,0
999,0.05931403974734861,0.4507830573789484,0
1000,0.15584168461814352,0.45084771132899926,0
1001,0.18846076614732676,0.4509383796053166,0
1002,0.1747392835665904,0.4515088983481732,0
1003,0.006138172238435713,0.4516519327681383,0
1004,0.1335312001585478,0.4517151377178562,0
1005,0.21687769072922614,0.45178084888172576,0
1006,0.007658463544622185,0.4519961242915108,0
1007,0.11254010404378834,0.45210179964800534,0
1008,0.029995951290638145,0.45226992043816894,0
1009,0.3850667024161937,0.45229416200116346,0
1010,0.11755961459713815,0.45251454064204755,0
1011,0.38722560635064074,0.4527699293199272,0
1012,0.01105294119485678,0.45300858257179133,0
1013,0.0028745175536669665,0.45315076906881757,0
1014,0.029519120978437563,0.45328355882201676,0
1015,0.005820945509862674,0.4533277418052466,0
1016,0.1647704391827044,0.4536633645948476,0
1017,0.0037914598330945903,0.4548383571756466,0
1018,0.0008668997588764382,0.4549693870884717,0
1019,0.44026837987076317,0.4549803407088945,1
1020,0.2534027958475884,0.45525416446808087,0
1021,0.007828285454170136,0.4558485681370744,0
1022,0.009466109905520992,0.4561243636998129,0
1023,0.1556888769732696,0.4567258066011467,0
1024,0.0008438890045436853,0.45851763710174254,0
1025,0.009301544423437003,0.4592899121958357,0
1026,0.09802644734027843,0.45948547740765366,0
1027,0.019818893080023603,0.4599118137715743,0
1028,0.13038864404000283,0.4600385551830313,0
1029,0.04993135002070559,0.46017738481419856,0
1030,0.034094504835357364,0.4612692531022129,0
1031,0.3316670988623347,0.4617724108589002,0
1032,0.08402267857509904,0.46184077016391156,0
1033,0.2906022336427585,0.46204221254387823,0
1034,0.3166355245135827,0.4622662614235228,0
1035,0.142530645620202,0.46232123994652796,0
1036,0.26425922413577807,0.4624759245065835,0
1037,0.16550816060083617,0.46302194995047197,0
1038,0.17925714964147688,0.46313788716522264,0
1039,0.04282974923443994,0.4634088492681202,0
1040,0.008960909893004576,0.46407733056637723,0
1041,0.13543595400022457,0.46465829091149213,0
1042,0.024962489757859863,0.4647820436936665,0
1043,0.16913397842846412,0.46501711509112464,0
1044,0.0271600023057208,0.4651657638863015,0
1045,0.15037011829168134,0.465182823493799,0
1046,0.07525916524189291,0.4660793517707875,0
1047,0.04764212092236342,0.46628817219176155,0
1048,0.02048937340470558,0.46635598563441183,0
1049,0.21497542909815093,0.46642477136607896,0
1050,0.004541855698440567,0.46732459670440263,0
1051,0.28975755563183825,0.46732459670440263,0
1052,0.006538202334808063,0.46736278738743875,0
1053,0.30646496688173486,0.46767870160953984,0
1054,0.12500685304265913,0.4679041844585905,0
1055,0.26759174873835867,0.46848843369488546,0
1056,0.10439549765732281,0.4685728294243806,0
1057,0.28074903020688213,0.46930397500602217,0
1058,0.4478988436332738,0.4694304054844488,0
1059,0.1772124054040295,0.4706873182287613,0
1060,0.3472675927190574,0.47094597905253754,0
1061,0.21589051581643903,0.47153703888552034,0
1062,0.06557626000061667,0.4715422558778096,0
1063,0.37121222053834824,0.4715422558778096,0
1064,0.06376698110992485,0.47157909355791106,0
1065,0.09729958314374032,0.47184478489917336,0
1066,0.017624446647785064,0.47189678224385945,0
1067,0.3794475366167729,0.4720712404601566,0
1068,0.3409534643157728,0.4721976181653299,0
1069,0.03724125676465462,0.4725740804382361,0
1070,0.07647029679385486,0.4726070962346951,0
1071,0.08176101962658788,0.47287175156683103,0
1072,0.02991025250650603,0.47328134802711463,0
1073,0.03869126400351708,0.47336473800511736,0
1074,0.024101204114720942,0.4737135277118365,0
1075,0.0019876329855019748,0.4737597616552369,0
1076,0.16313820477983587,0.47410159996132406,0
1077,0.39173593696235876,0.47428258086363395,0
1078,0.003962377116090043,0.4745509005209574,0
1079,0.42634439950300607,0.47470743667752435,0
1080,0.030109215523937194,0.47472903936662547,0
1081,0.30396086918498366,0.47558933537330417,0
1082,0.002806041951068039,0.47558933537330417,0
1083,0.39727884462182217,0.47679561608153576,0
1084,0.0026483365798832814,0.47712464747996464,0
1085,0.418473428254031,0.477127699408852,0
1086,0.006865602587727948,0.477146267703662,0
1087,0.06908098691218822,0.4775575643291802,0
1088,0.2157149416415507,0.4778755915007734,0
1089,0.008161080157907286,0.47793029519444086,0
1090,0.4734929896265767,0.477958287353314,0
1091,0.057265330637524925,0.4779961886896098,0
1092,0.061228485436896185,0.47834635831827343,0
1093,0.01409610923411786,0.4789818793487066,0
1094,0.4355956671971243,0.48025499655536585,0
1095,0.011807717526907346,0.48025499655536585,0
1096,0.15989599580718272,0.4802666956713033,0
1097,0.0038449493636490972,0.48053506958079606,0
1098,0.10752072799112933,0.48057055113360403,0
1099,0.0006902922181278859,0.48081686193202644,0
1100,0.0035294445564233445,0.4812249937342903,0
1101,0.2058771509977102,0.4814982286157462,0
1102,0.0037637670631386344,0.4825316132756804,0
1103,0.017010221697807082,0.48273545667617623,0
1104,0.050645904386669605,0.4833925504054676,0
1105,0.3063091910693656,0.4836058771748374,0
1106,0.011514884990163288,0.48368768723381983,0
1107,0.06643464735302262,0.4838522039955345,0
1108,0.40911350991425743,0.4839858779964852,0
1109,0.10509618348818617,0.4843462458235962,0
1110,0.03158301100638472,0.4843462458235962,0
1111,0.24276820385776732,0.48481828310108466,0
1112,0.2309250239583588,0.48499975136781037,0
1113,0.4823389533694069,0.48536429901797307,0
1114,0.05114608068720494,0.4858313934833234,0
1115,0.2771543827637233,0.4861918650543393,0
1116,0.009986757946546798,0.48652254742379786,0
1117,0.31525296000448955,0.48687987335212235,0
1118,0.381601611186157,0.4871698559491935,1
1119,0.02753511873939085,0.4874349814205011,0
1120,0.14434289401004718,0.4885866247115337,0
1121,0.06433398736798834,0.4885866247115337,0
1122,0.2156502308489746,0.4885899106813748,0
1123,0.052163756006354145,0.48872711806203695,0
1124,0.046324540429593664,0.4888770773339921,0
1125,0.3882707908065052,0.4891625798052385,1
1126,0.0004908717911166205,0.4897024151650261,0
1127,0.05607769216664038,0.489771041904404,0
1128,0.21842731575051932,0.4903167683595514,0
1129,0.26397291667678313,0.4909165853845028,0
1130,0.004224123728572393,0.4912488068679194,0
1131,0.47004700538977795,0.49126126759325184,0
1132,0.06966969064047568,0.4918452132609481,0
1133,0.005136352680639167,0.4919388175109425,0
1134,0.014711367440873646,0.4919388175109425,0
1135,0.006309728471823206,0.49205151898527233,0
1136,0.0003165617501107443,0.4920959476966278,0
1137,0.06361748202629014,0.49248093706247775,0
1138,0.490428475239701,0.4925981559596492,0
1139,0.3696454193311255,0.49260142154586284,0
1140,0.003666540698402776,0.4926982268952581,0
1141,0.4286178999020026,0.492819322694399,0
1142,0.11140699311063751,0.4928626277564242,0
1143,0.027721006411119298,0.49324042268500945,0
1144,0.04071228154697082,0.4936114888940172,0
1145,0.4271546451542447,0.4941473624243057,0
1146,0.3833015946388849,0.4941481130581752,1
1147,0.39661580745452396,0.4946712742457883,0
1148,0.0019775436039137784,0.4950976295319418,0
1149,0.22997594288671896,0.4956145802886389,0
1150,0.18618372251171356,0.49578900440128204,0
1151,0.004125620613802172,0.4960812187699971,0
1152,0.009817281850433401,0.49622425414348126,0
1153,0.1182583355407868,0.4964512272246344,0
1154,0.10307723193050511,0.4979138241999116,0
1155,0.09551794619366405,0.49813399391612545,0
1156,0.26511674402950125,0.4984206809715873,0
1157,0.1397479508963625,0.4991470040570777,0
1158,0.048290099710038836,0.499203589227745,0
1159,0.4754783242697337,0.49943041144554223,1
1160,0.05547373817551804,0.5005628312531245,0
1161,0.03639661946772943,0.5010019453421716,0
1162,0.027959583328299842,0.5016420671479468,0
1163,0.18393756197481848,0.5016420671479468,0
1164,0.40197803141462085,0.5017329233823858,1
1165,0.0355577313898463,0.5020909662139765,0
1166,0.02238482351592097,0.5023244229315111,0
1167,0.00030704216918786553,0.5028850388086084,0
1168,0.48232369263110053,0.5047708783619262,0
1169,0.02397882876573687,0.5051865979426222,0
1170,0.0016421884166282208,0.5052006168661479,0
1171,0.041515094538752684,0.5054818983029904,0
1172,0.06266635087167782,0.505590545598251,0
1173,0.43661832124922695,0.505760537633085,0
1174,0.020920782919096936,0.5079107679112915,0
1175,0.2655124680410762,0.5080048314724442,0
1176,0.3634231310896233,0.5082344508229921,0
1177,0.4892961644772458,0.5082454875350706,0
1178,0.0028747165844915656,0.5083178647054947,0
1179,0.00820100657569589,0.5098148816078262,0
1180,0.009656975427935532,0.5098148816078262,0
1181,0.24414368957227894,0.509815073551763,0
1182,0.08045871652148717,0.5099067206351656,0
1183,0.0071488795715279885,0.5104016775319236,0
1184,0.2774399790296268,0.5111111713335523,0
1185,0.020511014109432013,0.5117001420025356,0
1186,0.35593089964992797,0.5121936573828356,0
1187,0.13086141051753175,0.5125382752338934,0
1188,0.3906689799035429,0.5129080738336987,0
1189,0.17998318385126189,0.5129080738336987,0
1190,0.43337976238543896,0.5130912560392701,0
1191,0.04558232455360345,0.5131025870049502,0
1192,0.19723298460113525,0.5131077048486578,0
1193,0.06296153979637353,0.5136687535423045,0
1194,0.5130452715336923,0.5137832153479456,0
1195,0.326231762552218,0.5141869043826511,0
1196,0.20971819144367676,0.5142185465566279,0
1197,0.16527727741976395,0.5142646677801087,0
1198,0.05363516953643466,0.5146382513791574,0
1199,0.013848124189608457,0.5151961336578132,0
1200,0.20755417337874582,0.5154732461825355,0
1201,0.13106747004152242,0.515532978062445,0
1202,0.3738889567398085,0.5163315596011852,0
1203,0.023494215706816757,0.5164369768668392,0
1204,0.14953822176807485,0.5168016041011465,0
1205,0.39887041823898095,0.5176386363038131,1
1206,0.033198752527684894,0.51897371059674,0
1207,0.030854942466300606,0.5191485780690911,0
1208,0.012576442323454562,0.5194814117327734,0
1209,0.01865515756553482,0.5200734450543796,0
1210,0.48175129449428733,0.5212980469000553,0
1211,0.012952456548636637,0.5216812364025697,0
1212,0.3994759410968115,0.5220605488952392,0
1213,0.047158751778572316,0.5221372939186554,0
1214,0.0014234358159854743,0.5222014489265031,0
1215,0.4975016007427041,0.5222856375726805,0
1216,0.11996400046881184,0.5222856375726805,0
1217,0.014036317020554856,0.523093786555584,0
1218,0.03810244432951271,0.5235272922709018,0
1219,0.23901899977371077,0.5238123631119604,0
1220,0.09515928495097781,0.524384996674661,0
1221,0.10750051420155793,0.5244044568203874,0
1222,0.01760514932094326,0.5256307001495691,0
1223,0.3901242729233694,0.5260535525679971,0
1224,0.14902156174577563,0.526495932891233,0
1225,0.06127027020657205,0.527261637137961,0
1226,0.37852335614435295,0.5274482246495711,1
1227,0.0589236978679295,0.527788539149991,0
1228,0.002991277822876337,0.5280200571976918,0
1229,0.04196631817340235,0.5292509813154195,0
1230,0.32840100977958664,0.5293334614958362,0
1231,0.1835825751337613,0.5297747700167837,0
1232,0.029049283620692257,0.530091495235826,0
1233,0.10397437957763778,0.5301454421723087,0
1234,0.009236503381091166,0.5307799887128715,0
1235,0.09593703036311985,0.5313771027313964,0
1236,0.0999662006440204,0.5316064748800513,0
1237,0.29698523558996004,0.5328746813459668,0
1238,0.07310156865949513,0.5333910331720363,0
1239,0.4187245532408982,0.5346859975986352,0
1240,0.36125813745603186,0.5352755070759271,0
1241,0.0602568698027266,0.5354542874393022,0
1242,0.17334949399541855,0.5360664128468049,0
1243,0.011614260076693084,0.5371216856467609,0
1244,0.03303097030872015,0.5373412796188411,0
1245,0.47316564600751254,0.5373915787250115,1
1246,0.016607881686739767,0.5376636867098014,0
1247,0.32387846247049257,0.5389457421030265,0
1248,0.18486735726571568,0.5390065809479786,0
1249,0.33644924104389906,0.5390857414484708,0
1250,0.26134798088419375,0.5392062398599505,0
1251,0.07872848525277865,0.5398375261562792,0
1252,0.26727691209242954,0.5404013936150208,0
1253,0.118011173706291,0.540532248335452,0
1254,0.40408400844727077,0.5425755269680984,0
1255,0.5042646103456282,0.5444957006840613,1
1256,0.33986124605858836,0.5459764032181634,0
1257,0.06469991259776997,0.5464480620668906,0
1258,0.02488721280003503,0.5467404865647605,0
1259,0.4570074117644859,0.5467451489676285,0
1260,0.3156991939281675,0.5479628805792625,0
1261,0.011158852706522615,0.548628234177365,0
1262,0.3988040639529036,0.549906102352753,0
1263,0.07266097081570244,0.5501044824699706,0
1264,0.04600200431199819,0.5501044824699706,0
1265,0.23831261507210555,0.550134891035453,0
1266,0.042690855617812495,0.5513847494783845,0
1267,0.040859818944192106,0.5518151976402904,0
1268,0.02146664774533813,0.5529641953944083,0
1269,0.4374111186128825,0.5536970436042167,1
1270,0.00015719483769827125,0.5540520649262922,0
1271,0.007919060532353028,0.5543287001450575,0
1272,0.20834220636596457,0.5547663224921582,0
1273,0.37475125460244885,0.5560267146955744,0
1274,0.5114474420029652,0.557789763591773,1
1275,0.13580866332822117,0.5619659821323663,0
1276,0.28093143380505536,0.563367486073317,0
1277,0.5463937652378176,0.5643649305462183,1
1278,0.4507830573789484,0.5658543711157594,1
1279,0.020111302337756265,0.5661840338023572,0
1280,0.376121943929447,0.5709795981296365,0
1281,0.14346786014734725,0.5712073126615879,0
1282,0.05170358107898099,0.5713388499732015,0
1283,0.5551314939036344,0.5716770853157315,1
1284,0.1801812711832098,0.5717829696137263,0
1285,0.07767235457572308,0.5720643536622745,0
1286,0.1936511237168007,0.5723794452268212,0
1287,0.5415522865963414,0.5744765035625873,1
1288,0.04997467412807455,0.5752358685062634,0
1289,0.0263273616105989,0.5765137835899147,0
1290,0.4979791765474266,0.5767839121561852,0
1291,0.501052476426053,0.5768300810772556,1
1292,0.48138682456706583,0.5788235943933341,1
1293,0.07802026091714087,0.5789541942158811,0
1294,0.5586692980979994,0.5809229328422578,1
1295,0.16291893156324033,0.5818013960794712,0
1296,0.5691628730226759,0.5837547718497477,1
1297,0.4748440803101832,0.5904186893554455,1
1298,0.23772096516867514,0.5908980703302508,0
1299,0.18269372353629465,0.5909151302410434,0
1300,0.5866563175134387,0.5912457969313346,1
1301,0.20112530948223628,0.5934098458964281,0
1302,0.5876956089935279,0.5939607145402859,1
1303,0.40135845678699633,0.5942248744576124,0
1304,0.4262746360746703,0.5955107643907955,0
1305,0.013088691665846142,0.5982488017003148,0
1306,0.16790702431685345,0.6009959973010787,0
1307,0.4376156844950635,0.6034971307882369,0
1308,0.5735083581799355,0.6036875101918863,1
1309,0.09099777769683493,0.6054794968665428,0
1310,0.513487008546466,0.6058618614019051,0
1311,0.011524279308990582,0.6065605230599662,0
1312,0.4832770291302617,0.6066370523042801,1
1313,0.3121116088806699,0.6069488787437892,1
1314,0.20294739323782907,0.6070108782260786,0
1315,0.3093386742355164,0.6083018151278705,1
1316,0.320631908949615,0.6084370884871299,0
1317,0.5546202060976128,0.6087283911515226,1
1318,0.4189665777326217,0.608891177572148,1
1319,0.396526173915135,0.608892118457729,1
1320,0.10047461262619062,0.6093067292054203,0
1321,0.2817367773264693,0.6112422798534424,0
1322,0.374875120754838,0.61137271884488,0
1323,0.5977477797972671,0.6119820388694232,1
1324,0.5597754418411767,0.6131644041545343,1
1325,0.244494586549601,0.6137511961704388,0
1326,0.09209421165266019,0.6148541357757914,0
1327,0.14702238451455185,0.6149508555067111,0
1328,0.5743502695132657,0.6150275450182889,1
1329,0.45790228838168423,0.6152994292943391,0
1330,0.08332258175805607,0.6167688259465883,0
1331,0.5699742947381213,0.6169037214902288,1
1332,0.4183604716279683,0.6174897871399985,0
1333,0.0319436044525625,0.6179011777576682,0
1334,0.5297222196605684,0.6189416450865427,1
1335,0.020004174678907582,0.6214571258700705,0
1336,0.602130643661827,0.6233969408543454,1
1337,0.3124580105877841,0.625469373964617,0
1338,0.47283930880633473,0.625622160240494,1
1339,0.5484446091781571,0.6256722350079795,1
1340,0.3259015035369679,0.6262878088443541,0
1341,0.15587774387636533,0.626943260901417,0
1342,0.602276901053899,0.6274265456674297,1
1343,0.018042585884296303,0.6289093291531971,0
1344,0.6197806429880911,0.6305106630486391,1
1345,0.16263438205449876,0.634222887129382,0
1346,0.36695837832682665,0.6352125313968893,0
1347,0.06541517599843738,0.6365184821601801,0
1348,0.29405286534749975,0.6378227467370537,0
1349,0.5658753744420907,0.6387652641687679,1
1350,0.5271971800759111,0.6421942989408429,1
1351,0.35377658515821586,0.6450130399551005,1
1352,0.6242231082985791,0.6453128924254321,1
1353,0.6419630139088389,0.6512251258315036,1
1354,0.4938267600866417,0.652993935217789,0
1355,0.46141708986666896,0.6537690768286076,1
1356,0.5548120571593017,0.6545497298405275,1
1357,0.6247835083474101,0.654771615464633,1
1358,0.3157495664775779,0.655318303292554,0
1359,0.4965529330755314,0.6569158045883964,1
1360,0.4121743462663209,0.6574773166270123,1
1361,0.6253801913674497,0.6580526547449923,0
1362,0.5392062398599505,0.6587040967245037,1
1363,0.6518610273593695,0.6588607994853988,1
1364,0.6435154849019907,0.659612393918567,1
1365,0.5004695846437575,0.6607170676078008,0
1366,0.3754605328573438,0.6611840196892022,1
1367,0.5805598407057748,0.6621911074345211,1
1368,0.26513491657384514,0.6628025574790425,1
1369,0.49298065665134816,0.6630985314949346,1
1370,0.4404911589740502,0.6638801917118883,1
1371,0.6057392422556168,0.6652059174109568,1
1372,0.5780184024855327,0.6656493180803341,1
1373,0.5512095087897625,0.66661407656654,0
1374,0.5959415060887131,0.6666509092524301,1
1375,0.6285365772766389,0.6675090801676962,0
1376,0.37706862017876064,0.6687709508824241,0
1377,0.5060220772999723,0.6696141006062161,1
1378,0.6082004428995692,0.6701211543523081,1
1379,0.6593537652275154,0.6716017046657622,1
1380,0.23982995419431352,0.6719288464856641,0
1381,0.6317289839125181,0.6731293022327608,0
1382,0.5921570193354132,0.6740109466843314,1
1383,0.6452030935060776,0.6747755897950597,1
1384,0.5053641387372786,0.6761060449978831,1
1385,0.6637179137924069,0.6777529385283902,1
1386,0.11729844683111401,0.6791100693807474,0
1387,0.42394784040618383,0.6792231645630326,1
1388,0.3246951679063904,0.6793966298939105,0
1389,0.21487533063196118,0.6796452519994163,0
1390,0.09445485660203823,0.6803637156646447,0
1391,0.44502687073551994,0.6806006953523864,1
1392,0.6505164015718492,0.6807897064487288,1
1393,0.5560760282974331,0.6847289479104169,1
1394,0.6253654350015626,0.6847705943335953,1
1395,0.6652291592890018,0.6870138922598423,1
1396,0.509476370760991,0.6873988798892718,1
1397,0.008899255165892739,0.6877544538535512,0
1398,0.6390114241111075,0.6883323553583243,1
1399,0.23400189670054417,0.6899367610468853,0
1400,0.020829172313377553,0.6899566887542162,0
1401,0.6179145992974682,0.6913557456910361,1
1402,0.6806006982999157,0.6913843381629551,1
1403,0.6480571728077741,0.6915188738870348,1
1404,0.6114553220045058,0.6927021876780827,1
1405,0.596982715485937,0.6929623529154012,1
1406,0.4561997879648575,0.6932780755380964,1
1407,0.6878481497690915,0.6933300634305568,1
1408,0.19296103463300107,0.6933675124991296,0
1409,0.6892166929606429,0.6939140495162922,1
1410,0.5068547925083536,0.6943593500481056,0
1411,0.5974375843761496,0.6949495531487426,0
1412,0.629154837787057,0.6950407944304715,1
1413,0.48821889579507216,0.6950644041494191,1
1414,0.6554575287717679,0.6968525873391077,1
1415,0.5075830149181216,0.6977381458513571,1
1416,0.4590614231146166,0.6977914517617105,1
1417,0.45785407308671566,0.7001575422965718,1
1418,0.637778317338595,0.7007269909891809,1
1419,0.6515106452022101,0.7029133387317668,1
1420,0.49437860488454066,0.7029414433309684,1
1421,0.6757096134051717,0.7031586794749971,1
1422,0.6281789280525626,0.7041178586726551,1
1423,0.5373013831784632,0.7050831113805941,1
1424,0.49362001184549453,0.7057757938324369,1
1425,0.6762645979758577,0.7059431284197869,1
1426,0.702420360220821,0.7072618345128711,1
1427,0.5221249303856255,0.7079844877611959,1
1428,0.3355724680515336,0.7081105167714241,1
1429,0.5948298813927407,0.708175204754708,1
1430,0.4931206878361173,0.7084241279212624,1
1431,0.6907604274592538,0.7094497532244284,1
1432,0.6964436517473572,0.7140413407339471,1
1433,0.5304920451602134,0.7141271474471506,1
1434,0.6406960526559452,0.7146266642010449,1
1435,0.7060590898921211,0.7162904803094469,1
1436,0.6261224798938861,0.716875685369903,1
1437,0.7094567417671604,0.7169347264883256,1
1438,0.6694358686336096,0.7170957041743646,1
1439,0.6338613731413703,0.718187871827275,1
1440,0.3239929396991019,0.7188766891222711,1
1441,0.7007986635088146,0.719925242249696,1
1442,0.5451585857229686,0.7200069145047254,1
1443,0.40320347554616287,0.7202862292553146,0
1444,0.6521257501352059,0.7204335022339419,0
1445,0.5844175992287327,0.7212173321147244,1
1446,0.4971134806620041,0.7214716146118947,1
1447,0.626085860923205,0.7215684663282463,1
1448,0.5456829844351886,0.721610451053294,1
1449,0.45656394932009203,0.7230646180305568,1
1450,0.6915373334150187,0.7232310563329856,1
1451,0.44893413664060144,0.7245297490275562,1
1452,0.491375579641387,0.7245488171003973,1
1453,0.5002902274437326,0.7245490498237455,1
1454,0.6389170803693708,0.7246472497413015,1
1455,0.6382885195579344,0.7251508343299516,1
1456,0.5791228301565304,0.7255756043466787,1
1457,0.4278851488057479,0.7258782865397809,1
1458,0.6506510173140952,0.7264440688914693,1
1459,0.6965926510247722,0.7267701196134184,1
1460,0.6368866340300072,0.7268883864298843,1
1461,0.6581210343268795,0.7273714677772214,1
1462,0.5103293842921479,0.7276842334202477,1
1463,0.7274492938184032,0.7284321399473875,1
1464,0.6380382726169702,0.7289313427786532,1
1465,0.3432241704739256,0.7291117664627933,0
1466,0.6680365300712441,0.7297185710064096,1
1467,0.43477322894730996,0.7298896958965989,1
1468,0.6620053290196675,0.729945770907307,1
1469,0.5658753744420907,0.7306205372751929,1
1470,0.5895488298500119,0.7307479886964376,1
1471,0.5958467539773921,0.7308603881001714,1
1472,0.5287392187629107,0.7317135688724075,1
1473,0.6928444456792949,0.7322385856255387,1
1474,0.6984477030010859,0.7324970615905388,1
1475,0.6029455364244212,0.732683625968279,1
1476,0.6739552546938268,0.7331716517634241,1
1477,0.6725794773310426,0.7344518944098065,1
1478,0.7027294629360517,0.7345844522842809,1
1479,0.6145409324275618,0.7348624224411862,1
1480,0.5366945649004539,0.7351220394239442,1
1481,0.7109624730618532,0.73603507467829,1
1482,0.7032658007620896,0.736057192267669,1
1483,0.44622036376143337,0.7362137416331318,1
1484,0.4941258466656917,0.7364213877419311,1
1485,0.710606709566775,0.7369734518382884,1
1486,0.6799505503686181,0.7371732681711656,1
1487,0.5536768240415741,0.7374119629560147,1
1488,0.557177252319178,0.7378577027981086,1
1489,0.7146039684915853,0.7384323875739773,1
1490,0.6213294149701183,0.738520829018835,1
1491,0.6550656615487093,0.7385887802360697,1
1492,0.2854526165609673,0.7393630281490902,0
1493,0.7177904751226046,0.7395769207678584,1
1494,0.514214400191119,0.7399259094291437,1
1495,0.5611700202455274,0.7407972381990047,1
1496,0.559856291489897,0.7408215103469026,1
1497,0.7189475146234962,0.7411225346713654,1
1498,0.6418814301502206,0.7411659149770148,1
1499,0.5228367426190806,0.7417534850853091,1
1500,0.5948275141787572,0.7424447470440502,1
1501,0.6263940353711229,0.7431094971009332,1
1502,0.6673944041981347,0.7432160126566469,1
1503,0.6603100431654713,0.7432791474920031,1
1504,0.663034730517153,0.7433703247747737,1
1505,0.6391224139279889,0.7448707379280907,1
1506,0.7133531243631012,0.7454519066960745,1
1507,0.5151961336578132,0.7455845676059071,1
1508,0.576197427986905,0.7463388302915372,1
1509,0.5808829284490888,0.7465264459107177,1
1510,0.5609791876702026,0.7475622579810827,1
1511,0.5819311203640118,0.7480731471490663,1
1512,0.7476831618161346,0.7483167478962163,1
1513,0.5647298258181109,0.7494350133355685,1
1514,0.6416414838078077,0.7515017822128075,1
1515,0.6534665765496341,0.7520952056832096,1
1516,0.5663541328782771,0.7524434395485878,1
1517,0.7384828907991238,0.7539281123364255,1
1518,0.6088998949325394,0.756219413065718,1
1519,0.7157078452192391,0.7584094269758045,1
1520,0.7054261396736438,0.7591527188116023,1
1521,0.676712061062794,0.7596703957717379,1
1522,0.6992077238188312,0.7599173841959369,1
1523,0.6775466683629568,0.7602721599417769,1
1524,0.722346547459119,0.7606682792307278,1
1525,0.6693101198177591,0.7611533574179808,1
1526,0.7407893234623071,0.7613735513389953,1
1527,0.47641008028372667,0.761448786221919,1
1528,0.5955865025258372,0.7617158832874565,1
1529,0.6487586277367143,0.7640372826919913,1
1530,0.633716300430921,0.7664494409201537,1
1531,0.6522618341110722,0.7665855008078322,1
1532,0.6984744990351234,0.7667607988324825,1
1533,0.7173436849532945,0.7669718632539272,1
1534,0.5802087549657045,0.7679870445088349,1
1535,0.719129124691141,0.7687378470534336,1
1536,0.43989076705112296,0.769089142303635,1
1537,0.5050211562597429,0.7691781436940204,1
1538,0.5033337397431317,0.7692372648035961,1
1539,0.6450371275358414,0.7695104228818105,1
1540,0.6253640845205911,0.769545285810824,1
1541,0.7412912881332203,0.7698060379174776,1
1542,0.6980855738807556,0.7698249956552308,1
1543,0.7288880733101779,0.7698254035194892,1
1544,0.6381162361740284,0.769918733088471,1
1545,0.6912288855089712,0.7707189133859823,1
1546,0.656180609531633,0.7720589853815601,1
1547,0.7261595752282448,0.7722422979620358,1
1548,0.718113235563069,0.7732478858640339,1
1549,0.7172403618966144,0.7732634676278161,1
1550,0.6226904410718793,0.7740831527756314,1
1551,0.6416585158265099,0.7743797030629587,1
1552,0.730142737409977,0.774448999384514,1
1553,0.4275261080117182,0.7754398745787653,1
1554,0.4762637677554301,0.7771313313016093,1
1555,0.5209612600678083,0.7772248858609626,1
1556,0.4681021606223602,0.7776877860274362,1
1557,0.7064629636218357,0.7783962766981004,1
1558,0.657641947065402,0.7784858434408949,1
1559,0.6588995662372894,0.7786117431219263,1
1560,0.7116769102652898,0.7787545395431434,1
1561,0.471689821562006,0.7789232262543038,1
1562,0.6643173634497047,0.7793741052936041,1
1563,0.6532791316127639,0.7797387329098255,1
1564,0.44945362560594193,0.7805829523104636,1
1565,0.7549545176850747,0.780799834257392,1
1566,0.45227773038333896,0.7816611231619901,1
1567,0.7287261121298165,0.7818007739102901,1
1568,0.7320712713964689,0.7818987443555627,1
1569,0.5964206020649355,0.782068471519142,1
1570,0.731652058719961,0.7826438696480414,1
1571,0.7686132719749009,0.7827453497611542,1
1572,0.4685617533568748,0.7834302207516275,1
1573,0.651930997327286,0.7836989119321671,1
1574,0.7569576572129536,0.7839069072938128,1
1575,0.41545114718502685,0.7841439177365624,1
1576,0.7662996517000972,0.7845032046667137,1
1577,0.6384065168474061,0.7845726812006228,1
1578,0.6623296596303184,0.7858019791322174,1
1579,0.45898156841902393,0.7870731429181015,1
1580,0.5692310594735055,0.7871505043287551,1
1581,0.47533212627701504,0.7871669754456248,1
1582,0.6742203504482773,0.7878861164360559,1
1583,0.4445179303913682,0.7886380273423197,1
1584,0.594007923304082,0.7889197402631227,1
1585,0.704445975944963,0.7898428332941347,1
1586,0.6669005634637449,0.790765032534085,1
1587,0.774006360475211,0.7908402997309918,1
1588,0.5743347179405763,0.791408860564039,1
1589,0.7582938850591614,0.7927006655332308,1
1590,0.6001897183213183,0.7927151995373222,1
1591,0.700370726253596,0.793156195228286,1
1592,0.7213690465335887,0.7943915386811137,1
1593,0.6331702940309785,0.7949187661016535,1
1594,0.6789115427369011,0.7950446675191936,1
1595,0.5942611943215023,0.7951938575350248,1
1596,0.6898802079151647,0.7953759097261339,1
1597,0.648433058609845,0.7955758076458179,1
1598,0.5808617769341053,0.7960983140047717,1
1599,0.6411675732436549,0.7963998887291476,1
1600,0.6622543852640118,0.7972745414277461,1
1601,0.5824663883228548,0.7977349479908687,1
1602,0.5570809696470517,0.7985261940003631,1
1603,0.4965175559673469,0.7987111930444039,1
1604,0.7055275841082187,0.8002903089743596,1
1605,0.4583448958820405,0.8011525875349971,1
1606,0.6932722666499936,0.801441125282471,1
1607,0.5079117826002888,0.8015151720035635,1
1608,0.5321854902893246,0.8017270230784189,1
1609,0.6906766480581238,0.8023755871856867,1
1610,0.746166187717445,0.802414299970128,1
1611,0.4923918299058766,0.8034681370886787,1
1612,0.7583766231761893,0.803576505996046,1
1613,0.6962808949261223,0.8047015092159345,1
1614,0.7241313293830345,0.8052320497374955,1
1615,0.5416384442281795,0.8052764142364118,1
1616,0.47316564600751254,0.8057019882537606,1
1617,0.6998600117404044,0.8066545792059269,1
1618,0.6162339343298662,0.8073192806650716,1
1619,0.7228681975253171,0.8078880159197683,1
1620,0.5533494383458424,0.807983389663497,1
1621,0.5773505001246858,0.8104476799660788,1
1622,0.7108430440657598,0.8112817329753997,1
1623,0.7697866257390272,0.811359550249868,1
1624,0.714807733292414,0.8115550663244877,1
1625,0.785485046639812,0.812642546676596,1
1626,0.6664465364970846,0.8127593840614449,1
1627,0.755829806440627,0.8133095254175376,1
1628,0.5421298861446541,0.8137175337377277,1
1629,0.6265194477803591,0.8137452033117901,1
1630,0.8027735214090924,0.814728018856398,1
1631,0.714403684506569,0.8152292259760844,1
1632,0.6417913252535777,0.8158427893440585,1
1633,0.7361056043127502,0.8160236352582736,1
1634,0.7433736723380705,0.8160399775188777,1
1635,0.6401745835047635,0.8165176729494517,1
1636,0.7928041032010723,0.8165845122874371,1
1637,0.5415702423221962,0.8167757166452981,1
1638,0.6887403010685064,0.8174718876479609,1
1639,0.7381100927677998,0.8180286491775727,1
1640,0.7035939659795627,0.8182648515539046,1
1641,0.8140809729448505,0.8183670829513968,1
1642,0.5731008428461766,0.8189075372815857,1
1643,0.6666328381583454,0.8202451333716272,1
1644,0.78021387797249,0.8218996559424211,1
1645,0.7728551611067304,0.8226162319401226,1
1646,0.7740679069768058,0.8227605415110562,1
1647,0.7634600629066775,0.8230254827902006,1
1648,0.7252433340227681,0.823363658001099,1
1649,0.4958353404546446,0.8242977187566027,1
1650,0.8145007409958376,0.8243119840493084,1
1651,0.6641942523391885,0.8246593606971273,1
1652,0.5733574010159588,0.8247574437264593,1
1653,0.6538153426358023,0.8247741047807519,1
1654,0.6509016071519044,0.8247975049276671,1
1655,0.7037340594908197,0.8248015659275288,1
1656,0.6216768282114825,0.8251764816581011,1
1657,0.49971079901804394,0.8268318673549111,1
1658,0.8190887319947864,0.8274907413007901,1
1659,0.5701498036501745,0.827609945037748,1
1660,0.5351520406811942,0.827851578740046,1
1661,0.6897396483544446,0.8279634238126728,1
1662,0.5275823574265955,0.8280438981485388,1
1663,0.42695646963520373,0.8286478124749128,1
1664,0.6678488059173928,0.8288309513454526,1
1665,0.7126400845213238,0.8297404260747467,1
1666,0.7064629636218357,0.8300431085134393,1
1667,0.589699806325033,0.8305351126244387,1
1668,0.7978549202358054,0.8308490195309131,1
1669,0.7273538136785123,0.8309383440333526,1
1670,0.5747115514431368,0.8311478427953581,1
1671,0.6333762020689416,0.8314595329665219,1
1672,0.45947958923838794,0.8317809095219628,1
1673,0.7176699945000379,0.8318806845518406,1
1674,0.5679968979590376,0.8336062107376281,1
1675,0.5917177470754732,0.8340565909321379,1
1676,0.8121452780609669,0.8341517286389398,1
1677,0.777119119306484,0.8341832484080185,1
1678,0.48613931829380896,0.8342784706898484,1
1679,0.5765814627737823,0.8343342561591195,1
1680,0.5700057610280164,0.8344676882690519,1
1681,0.8259640662235782,0.8347811189461555,1
1682,0.7228239732202598,0.83530330531194,1
1683,0.2909876094210757,0.8353532026257786,0
1684,0.7608961305131124,0.8356485261706303,1
1685,0.7459186080392749,0.8359898940354391,1
1686,0.7452813400014406,0.8362255080022125,1
1687,0.6254516041293074,0.8369176997981621,1
1688,0.49404100870385437,0.8370154743695073,1
1689,0.5914364271487533,0.8374199798988206,1
1690,0.7734352267684562,0.8381664201983184,1
1691,0.6973456832920663,0.8383899186525182,1
1692,0.5835674316432522,0.8389812927344587,1
1693,0.5299006814272129,0.8392897415568463,1
1694,0.6764268908820339,0.8393922757790865,1
1695,0.7419482198342361,0.8395046281152232,1
1696,0.7273538136785123,0.8397496425358276,1
1697,0.6470264762575434,0.839808061100421,1
1698,0.5118888422071335,0.8402481893083197,1
1699,0.5849544056210041,0.8402978473246326,1
1700,0.6187753429038388,0.840827963773546,1
1701,0.6208557519463946,0.8408760364203219,1
1702,0.838848202345214,0.8411039975798934,1
1703,0.8333511118598658,0.842146115979045,1
1704,0.5964386696867365,0.8426908421215233,1
1705,0.7065887623909615,0.8428250697118965,1
1706,0.702832577279927,0.8433846221150719,1
1707,0.655421636710295,0.8437245031004934,1
1708,0.6461525784553469,0.8438161070442173,1
1709,0.7942096269960021,0.8439754418319576,1
1710,0.6404942543124815,0.844472642863406,1
1711,0.5890716822043114,0.8447245910893856,1
1712,0.4168739452493989,0.8453928335084652,1
1713,0.6887413930971535,0.8460496289478446,1
1714,0.7949060794705494,0.8466301973734128,1
1715,0.7279770672146685,0.8467108194319065,1
1716,0.6741302539966982,0.8468480356436233,1
1717,0.7977825698064043,0.8471452837173844,1
1718,0.7424534590735791,0.849257094049711,1
1719,0.652993935217789,0.8497145939677506,1
1720,0.5236779378971246,0.8501942426658535,1
1721,0.5046443045036254,0.8502017954470662,1
1722,0.7542827055404158,0.8506911798486886,1
1723,0.7856025796824402,0.8507360846622255,1
1724,0.7796626331984751,0.8509051900259272,1
1725,0.8248046124881252,0.8510064648028152,1
1726,0.5466282383803541,0.851108233534534,1
1727,0.523189359391535,0.8513464947727947,1
1728,0.7723486141385809,0.8517473645906583,1
1729,0.7277196630741795,0.8518798607261721,1
1730,0.436525685230545,0.8521939096797959,1
1731,0.7006147694690048,0.852237285285126,1
1732,0.5163004642640101,0.8525693184582235,1
1733,0.5587464665627621,0.852905744611352,1
1734,0.8250284122327127,0.8530027568801506,1
1735,0.6668290814291268,0.8531922526002037,1
1736,0.6047503455983834,0.8545795571051713,1
1737,0.6318136540416243,0.8546576238270861,1
1738,0.7258441118341481,0.8548532137441018,1
1739,0.7230470721699738,0.8551194078139749,1
1740,0.7813283234362889,0.8553252389890247,1
1741,0.6156901732028583,0.8554534170442509,1
1742,0.8519235849540933,0.8554633537982053,1
1743,0.7451904750553663,0.8555070251320114,1
1744,0.734655646648674,0.855581340874677,1
1745,0.7386768079491618,0.8561567802716673,1
1746,0.8489717504486384,0.8569057342982895,1
1747,0.5661840338023572,0.857846321956219,1
1748,0.5776917201067159,0.8579208018832223,1
1749,0.6965087949184261,0.8582206315631544,1
1750,0.7857945286241023,0.8582720873692793,1
1751,0.6346224605122677,0.8584124758670199,1
1752,0.7358956479234956,0.8592426545974071,1
1753,0.7356752545430577,0.8598255554783871,1
1754,0.7297001263773755,0.8598688073131828,1
1755,0.7586422347359105,0.8600397885983334,1
1756,0.49422089277435877,0.8604134935423564,1
1757,0.649905308992922,0.8609069523419134,1
1758,0.6038816643682369,0.861239524161953,1
1759,0.570578415721971,0.8612444574101522,1
1760,0.6369111218603425,0.8615602179029115,1
1761,0.6614673951598914,0.8616194110061363,1
1762,0.38505889226989176,0.8616510696810191,1
1763,0.5483699131498142,0.8616815188778528,1
1764,0.7921311960724964,0.8618465648561275,1
1765,0.8553373336453562,0.862300945047764,1
1766,0.5498694200532814,0.8629938973137846,1
1767,0.6875951333794093,0.8633155375930391,1
1768,0.6554703945194638,0.8638141875253652,1
1769,0.5937489599645674,0.8641722200157619,1
1770,0.6411244118022495,0.8642316483090798,1
1771,0.7424534590735791,0.8642641317275467,1
1772,0.8423530065564804,0.8645119230429612,1
1773,0.5856311526246079,0.864903860162773,1
1774,0.6420540468807924,0.8649243102058499,1
1775,0.7193146757753976,0.8652469989722131,1
1776,0.7860674324198904,0.8652762974392435,1
1777,0.556708070468503,0.8655485470802811,1
1778,0.8021595756658869,0.8658051422751761,1
1779,0.76147596710758,0.8663040640873829,1
1780,0.6187095467455342,0.8664545854312045,1
1781,0.617574370964286,0.8667788612935857,1
1782,0.8012491922591306,0.8667789291943474,1
1783,0.8257414996187556,0.8670836828473762,1
1784,0.7702874738267764,0.8671227072470492,1
1785,0.822268413594108,0.8672021019801215,1
1786,0.5869436128992442,0.8676766240209993,1
1787,0.5539300377952366,0.8681993165101284,1
1788,0.4961295978016147,0.8683540328681798,1
1789,0.7878406226047304,0.8683563325794871,1
1790,0.792509600664235,0.8687781886826796,1
1791,0.819272620764542,0.8690836653503954,1
1792,0.6501710129655586,0.8691364417687201,1
1793,0.7914738780340069,0.8694133630315781,1
1794,0.5411146513032064,0.869423098553463,1
1795,0.6137075290164989,0.8697501713840644,1
1796,0.6801172509659191,0.8697670171362644,1
1797,0.5452687856270173,0.8698304547691363,1
1798,0.7395849884468958,0.8698840203348382,1
1799,0.7096906010008133,0.8699824347315521,1
1800,0.8568807901719422,0.870220445344695,1
1801,0.8326875210094515,0.8705191999647921,1
1802,0.578936470728302,0.8705281816305038,1
1803,0.8418842034785453,0.8705665227679035,1
1804,0.8470082278160429,0.8706584507984874,1
1805,0.6320886579487205,0.8709773303782936,1
1806,0.7600123840000524,0.871289254261211,1
1807,0.6272114341006463,0.8721076310452717,1
1808,0.5176133130763245,0.8721813367091754,1
1809,0.7125552439182772,0.8722141312070412,1
1810,0.6299267676952679,0.8722847045513968,1
1811,0.8021595756658869,0.8724266052306574,1
1812,0.7422549588310158,0.8724913858620563,1
1813,0.8265040598255818,0.8728098317935857,1
1814,0.8484935895465819,0.8729871996051688,1
1815,0.7122102485274185,0.8734281972813884,1
1816,0.6474911626675235,0.8734555628972531,1
1817,0.8625995503602861,0.8735690214368375,1
1818,0.7531971747573805,0.8737816717909744,1
1819,0.5913323089372373,0.8738034895379241,1
1820,0.5499468559880222,0.8742475388503522,1
1821,0.8004464313892125,0.8743767333851957,1
1822,0.7405701484328294,0.8746621484694599,1
1823,0.8514317592656405,0.8747417459758626,1
1824,0.5429279059145653,0.8751083943200991,1
1825,0.6846927933815576,0.875118807210732,1
1826,0.6577062262452664,0.8754283009920483,1
1827,0.5419607771329782,0.8755641676867745,1
1828,0.7303737364458415,0.8758383247342254,1
1829,0.7481246365642304,0.8762813701361019,1
1830,0.4724412321543816,0.8763965232516471,1
1831,0.8387403317188288,0.8766394415441483,1
1832,0.6046048148585997,0.8769089389830095,1
1833,0.8330191025517285,0.8769267182503936,1
1834,0.7914038767744448,0.8770759007351765,1
1835,0.555218253805827,0.8771091380288665,1
1836,0.518409835781162,0.877360058780962,1
1837,0.7208711463254294,0.8777369906056177,1
1838,0.7841228133190915,0.8778989852349924,1
1839,0.5405996910132282,0.8779767131431923,1
1840,0.7318494075662039,0.8790189350669255,1
1841,0.6624978747167901,0.8792102321862226,1
1842,0.615350977565337,0.8794135641006652,1
1843,0.768442216590622,0.8796797860218473,1
1844,0.8712479808539243,0.8797062747653849,1
1845,0.7347894284230378,0.8797801186456673,1
1846,0.6743560020709106,0.8798162744416185,1
1847,0.6689729197314668,0.8800195169314025,1
1848,0.82602947343647,0.880314589153947,1
1849,0.6674434385934337,0.8804468973391316,1
1850,0.6166479860378044,0.8804497369850676,1
1851,0.7275361436501767,0.8810869580806157,1
1852,0.6319567213545463,0.8815163443722686,1
1853,0.5633927617089848,0.8818118714880759,1
1854,0.398972719559489,0.8821195393480846,1
1855,0.6531025834155975,0.8821578767087417,1
1856,0.6692086381259215,0.8822308741436227,1
1857,0.7611826863595635,0.8827417621280987,1
1858,0.7111243225539079,0.8827620709130188,1
1859,0.694514441032608,0.8828387718625414,1
1860,0.8433392299563006,0.8828830007010098,1
1861,0.6921116569896331,0.8833073849283449,1
1862,0.5118210302896439,0.8834311446456768,1
1863,0.595762617554646,0.8839698464368171,1
1864,0.7619806478333782,0.8841328864688457,1
1865,0.7262727880767696,0.8841434468879323,1
1866,0.7804220552786628,0.8844365208411576,1
1867,0.6511308352957383,0.8845758177942596,1
1868,0.7953085814780548,0.8855316241503539,1
1869,0.6488142760105263,0.8855421297255399,1
1870,0.7041331257524146,0.8855958517345398,1
1871,0.6849450389126105,0.8856192900737995,1
1872,0.6651182506140422,0.8856689467825184,1
1873,0.6800820028066519,0.8857046687064546,1
1874,0.7992482497139137,0.8858599207344935,1
1875,0.561489333661815,0.8859474742320802,1
1876,0.7136013554605816,0.8861340156751609,1
1877,0.5207835683466204,0.8863902754018953,1
1878,0.849780564132614,0.8865511561610261,1
1879,0.11257075064629218,0.8866749503008866,1
1880,0.6883262751562257,0.887682942849154,1
1881,0.623466513201827,0.888104629356896,1
1882,0.41473672118341176,0.888398697815287,1
1883,0.8385106490899701,0.8886874283699356,1
1884,0.6409509627957776,0.8887754359603905,1
1885,0.47147641219826286,0.8889497711651724,1
1886,0.6940188810332826,0.8889548469603102,1
1887,0.576139079569118,0.8890988983860448,1
1888,0.4641358269110668,0.8893166725771562,1
1889,0.7466642824075819,0.8894762569340933,1
1890,0.5584378378835513,0.8895678409752923,1
1891,0.7468129781245301,0.8898629735614043,1
1892,0.4119958105324957,0.890104208470345,1
1893,0.8690348120797701,0.8901087465300311,1
1894,0.8793571570756366,0.8902654537512642,1
1895,0.6042648220337852,0.8904476823851829,1
1896,0.5914406564812194,0.890832602899159,1
1897,0.6842241135319413,0.8914430906436279,1
1898,0.6862067505177477,0.8915018891315146,1
1899,0.8312839493278528,0.8922162143439213,1
1900,0.6272704494673446,0.8923769238000492,1
1901,0.7762354188175224,0.8924060610480363,1
1902,0.5700700596512213,0.8924566710064786,1
1903,0.6357095274425575,0.8925879349308311,1
1904,0.8812316014364295,0.8927288598063503,1
1905,0.6472227730517632,0.8930042538848152,1
1906,0.8190268243352079,0.89318220201466,1
1907,0.478761078485588,0.8932686522143509,1
1908,0.6215463131780353,0.8932984305778232,1
1909,0.6284966029565258,0.8939331822397281,1
1910,0.6355447242417145,0.894157636071566,1
1911,0.6935156575999809,0.8945664743114158,1
1912,0.5498974587683957,0.8946090214854786,1
1913,0.7142836600651299,0.8946120501589614,1
1914,0.7063351035589233,0.8949425870590078,1
1915,0.7035446889015509,0.8950586906644096,1
1916,0.8474538585079231,0.895084117625581,1
1917,0.31157219193584007,0.8958970522049976,1
1918,0.7968535864404254,0.8959348696528665,1
1919,0.8164211022763138,0.896132515264242,1
1920,0.5112383528672186,0.8968958228530743,1
1921,0.6122582707283388,0.89693694895765,1
1922,0.7390176804849545,0.897307012160051,1
1923,0.7623653591406557,0.8973423371015705,1
1924,0.605217639450802,0.89780238909616,1
1925,0.752698809138336,0.8979010237878385,1
1926,0.7850209218760299,0.8980836440702804,1
1927,0.7847773474748642,0.8983806190987015,1
1928,0.6488353594416337,0.8985231686067761,1
1929,0.5319300125858643,0.8985773051543539,1
1930,0.5227261229491175,0.8985792693232935,1
1931,0.6674744893223905,0.8986780760663781,1
1932,0.7188887845689766,0.898900245307533,1
1933,0.8393177434105868,0.899367167137434,1
1934,0.7862857847179806,0.8996598148090922,1
1935,0.7221987286749679,0.8999627188106627,1
1936,0.8601215235324335,0.9002258116243081,1
1937,0.7803332098758852,0.9003392682977044,1
1938,0.5301454421723087,0.9003891904559892,1
1939,0.4914801249228512,0.9005557737614794,1
1940,0.41956285919912917,0.9005584604607478,1
1941,0.7887246400235186,0.9006904175017734,1
1942,0.6280315475696234,0.9008579044801525,1
1943,0.6409352436037822,0.9009740816672793,1
1944,0.8469621530411481,0.9010660285231973,1
1945,0.8059530639856527,0.901125892382745,1
1946,0.7530129264646244,0.9011440470552737,1
1947,0.8719317476169868,0.9012932983671359,1
1948,0.6803075114445702,0.9015352634426491,1
1949,0.8737744597111661,0.9018670234634998,1
1950,0.6064179656049831,0.9019075165796387,1
1951,0.7096906010008133,0.9019362552593437,1
1952,0.718429316999648,0.9019457996508282,1
1953,0.6806006982999157,0.9021857821456047,1
1954,0.4882506436790677,0.9026004893005826,1
1955,0.39819592401036585,0.9026851505242645,1
1956,0.6764338282931467,0.9029673243645939,1
1957,0.663425828215933,0.9030720630512205,1
1958,0.6986740178524412,0.9032121474456583,1
1959,0.2804205318919395,0.9032123055603513,1
1960,0.6560646389080365,0.903231644129809,1
1961,0.44609876766363,0.9033248158293081,1
1962,0.7136593731388131,0.9033389446322639,1
1963,0.6342226276902473,0.9033981493620777,1
1964,0.6418814301502206,0.9036032155101089,1
1965,0.666511554076005,0.9036411156692435,1
1966,0.5286633386360358,0.9039235428700386,1
1967,0.8043829673061569,0.9041181141435911,1
1968,0.8359283950985757,0.9045495837719119,1
1969,0.5384830008428267,0.9045717247475186,1
1970,0.6435843784284061,0.9046741375999573,1
1971,0.8952279228013789,0.9049855155583224,1
1972,0.8650361844788577,0.905000149101099,1
1973,0.7558220247683333,0.9053174271093891,1
1974,0.5242049799907517,0.9057023387251626,1
1975,0.5533242743026388,0.9058750216994781,1
1976,0.8080064099201186,0.9061031996871077,1
1977,0.7111711161715157,0.9061494824891649,1
1978,0.6530794779238046,0.9062024708525128,1
1979,0.7831189874944027,0.9065838077083977,1
1980,0.6638392705228716,0.9066379185699814,1
1981,0.7811460706728826,0.9069303671963794,1
1982,0.7393754961285839,0.9070494993692253,1
1983,0.3950016303988959,0.9073015512416969,1
1984,0.7924060825204883,0.907397182619525,1
1985,0.7108886758584072,0.9075755457517807,1
1986,0.816983629279469,0.9078102841012766,1
1987,0.8224679233965514,0.907963199656343,1
1988,0.5660699770202798,0.9081681317835937,1
1989,0.6761947454327993,0.9081830279632735,1
1990,0.4150662349439399,0.9089572293313644,1
1991,0.5378133557212126,0.9090192061346998,1
1992,0.8911918159820189,0.9090824856055622,1
1993,0.6523450396931667,0.9091193318799708,1
1994,0.7251733197750274,0.9092201838111093,1
1995,0.7921177280584171,0.909234649411585,1
1996,0.8036824062520428,0.9097556193541363,1
1997,0.5875072915517187,0.9098634043497399,1
1998,0.8291853829273971,0.910025008919623,1
1999,0.6149508555067111,0.9100575690428863,1
2000,0.6823724470938599,0.910174074000875,1
2001,0.5582521564131362,0.9103156643237813,1
2002,0.5920212436047426,0.910458882329859,1
2003,0.807632018264914,0.9109711964549724,1
2004,0.6198820766365937,0.9110492061025954,1
2005,0.6196654075737577,0.9116725884456391,1
2006,0.8293754376338626,0.911711668090503,1
2007,0.588331468245936,0.9120264239417201,1
2008,0.7736060709214211,0.9120536099248187,1
2009,0.7971469705588758,0.9120658342722451,1
2010,0.8714735718662547,0.9121128091445722,1
2011,0.8468824889480048,0.9123197523555898,1
2012,0.6628623986517627,0.9128223476646188,1
2013,0.6701225303690042,0.9128775802125877,1
2014,0.7560411137462953,0.9132762972609156,1
2015,0.7976604530047736,0.9134467400594419,1
2016,0.4865439788972653,0.9136891908134598,1
2017,0.603504884962688,0.9139228489948249,1
2018,0.8139462419096578,0.9139646442427634,1
2019,0.6936890649766663,0.914190263523393,1
2020,0.8048320842295034,0.9143803629433446,1
2021,0.7587808628411987,0.9144331018496367,1
2022,0.6472990139236054,0.9146809731816384,1
2023,0.5659869764935745,0.9147944670004251,1
2024,0.7145732882604142,0.9148682822078821,1
2025,0.7587618940969554,0.9150754991789368,1
2026,0.5236088153483253,0.9156877163113962,1
2027,0.6202275291500092,0.9159087243971273,1
2028,0.6839818577815715,0.915917696335969,1
2029,0.8720247700608784,0.9161742044403094,1
2030,0.4069674809780134,0.9162869541616611,1
2031,0.7864624026131458,0.9167010050344561,1
2032,0.5274450200623245,0.9169424238298968,1
2033,0.7117359794778526,0.9170727717324287,1
2034,0.6337301555294664,0.917613888665959,1
2035,0.8279580373077121,0.9177426420212199,1
2036,0.5653928875372843,0.9177437790148878,1
2037,0.5998628847722366,0.9178272840514284,1
2038,0.593585920677746,0.9179561927188925,1
2039,0.7089348638496089,0.9183541174767604,1
2040,0.789332292875758,0.918639764772608,1
2041,0.6644577339283372,0.9190154698492284,1
2042,0.6281062087776648,0.9193783421421373,1
2043,0.819637828732869,0.9194101141266091,1
2044,0.5399056742629877,0.9195697874995074,1
2045,0.7251733197750274,0.9195925797755015,1
2046,0.5956946920948752,0.9196615244964232,1
2047,0.7947814060531102,0.9197646022814578,1
2048,0.4386203076961306,0.9198084622636353,1
2049,0.7052815668647723,0.919875416944598,1
2050,0.6444279376817034,0.9201949071467975,1
2051,0.8256474447646123,0.9204849393386902,1
2052,0.6482960319884045,0.9205410792387273,1
2053,0.853688142200477,0.9208448387821208,1
2054,0.8152560542088914,0.9210785738907927,1
2055,0.5428680859904748,0.92120789417049,1
2056,0.7633273415625124,0.9214513663314596,1
2057,0.6221400029969338,0.9215190345903301,1
2058,0.6103528625356187,0.9216352084830701,1
2059,0.8088410350485268,0.9216936857945142,1
2060,0.5672658680132311,0.921724078055127,1
2061,0.863409218587225,0.9219452639000885,1
2062,0.8823806081723313,0.9221114183770603,1
2063,0.6827681055554868,0.922191773951508,1
2064,0.6948330885618059,0.9223182402811053,1
2065,0.7606233272893548,0.9225242710060777,1
2066,0.49298768992607245,0.9226653268343784,1
2067,0.8446531040850144,0.9229233681636554,1
2068,0.6833507911097446,0.9232458470264866,1
2069,0.7801213391153556,0.9234292404509037,1
2070,0.5191803617898845,0.9235497423282375,1
2071,0.8162950077329156,0.923869913977234,1
2072,0.83466481584995,0.9240180709588209,1
2073,0.7164468066987277,0.9241474727769747,1
2074,0.6216342304238373,0.9242188680910037,1
2075,0.7462050237004473,0.9242829904618975,1
2076,0.7010528800645164,0.9243226463221993,1
2077,0.690198851170449,0.9244314541751081,1
2078,0.4857556144225381,0.9245880214799548,1
2079,0.5902055854455074,0.9249734538070015,1
2080,0.5067620434638618,0.9250473571152744,1
2081,0.7465454067980729,0.9250959606948299,1
2082,0.8488439169445209,0.9251360702262349,1
2083,0.6070108782260786,0.9254073433279297,1
2084,0.6283799481618302,0.925471717098638,1
2085,0.7460660737154717,0.9257022096127676,1
2086,0.9060870033152618,0.9257177955381442,1
2087,0.6666816197979192,0.9257988214156997,1
2088,0.6261798336078506,0.9259364982432814,1
2089,0.7137489632435068,0.9260146820842398,1
2090,0.5740014174114144,0.9260619265365155,1
2091,0.6791336161603169,0.9261008228094025,1
2092,0.7910868759413394,0.9262622413644876,1
2093,0.435987222130487,0.926325983036068,1
2094,0.7081873554785236,0.9263358306661397,1
2095,0.7399450948479024,0.9265122273463905,1
2096,0.5771695742500379,0.9266089921003738,1
2097,0.833188541017082,0.9268436709802532,1
2098,0.48941660510908225,0.926942075787666,1
2099,0.6609994722324926,0.9271362973153429,1
2100,0.5891491396991972,0.9272294148743689,1
2101,0.49494710964264144,0.9272861162674028,1
2102,0.9240340449530191,0.9273074817247013,1
2103,0.5665583682058105,0.9273215257801581,1
2104,0.824254987627404,0.9273749133439776,1
2105,0.46054418499600247,0.9275500758664342,1
2106,0.3867537890635303,0.9276908743030023,1
2107,0.6624589011567847,0.9277371104726498,1
2108,0.6106336092883025,0.928038311983135,1
2109,0.6149236570409473,0.9280479208784992,1
2110,0.7219351886445861,0.9281049392660486,1
2111,0.38797968989094167,0.9281159402425364,1
2112,0.6029321564146587,0.9284386544098375,1
2113,0.9084587700554732,0.9286822295645463,1
2114,0.60759511856588,0.9286962357316979,1
2115,0.6890378863790086,0.9287609115111114,1
2116,0.8017356492206943,0.9293398270719748,1
2117,0.5668534269721992,0.9298834149724673,1
2118,0.9083166130861291,0.9303691683693296,1
2119,0.7643142775815174,0.930659589860653,1
2120,0.6863155807871133,0.9308623391410267,1
2121,0.6316358059390477,0.9310763362190839,1
2122,0.6375273131956898,0.9311215251959777,1
2123,0.6900966880822662,0.9313762036168222,1
2124,0.5971669435162028,0.9315104524378182,1
2125,0.674259931807387,0.9315755017111372,1
2126,0.7086899542483013,0.9317580002754203,1
2127,0.6346935031814667,0.9319287738877619,1
2128,0.9108454701488752,0.9320408923591235,1
2129,0.8161204325473377,0.9323368824977555,1
2130,0.4822747313456155,0.9324575017737436,1
2131,0.6111257593439706,0.9325614804101016,1
2132,0.5843345325484621,0.9326767803334134,1
2133,0.8518742970669301,0.9327323707067134,1
2134,0.47497679288769057,0.932842904957195,1
2135,0.7851911913880523,0.9329253092474452,1
2136,0.5069357174687024,0.9329644230306456,1
2137,0.7045095139697958,0.9330465261427642,1
2138,0.6400851040433623,0.9330498924347743,1
2139,0.8433392299563006,0.9331561517318991,1
2140,0.5546202060976128,0.9335096642303697,1
2141,0.5609449236145712,0.9335452745068156,1
2142,0.5426732720392361,0.9336579672399322,1
2143,0.762952799852784,0.9339386808182545,1
2144,0.6871976376285183,0.9348720972101054,1
2145,0.5255009701355796,0.9350262255439423,1
2146,0.6067892343887945,0.9353139639185964,1
2147,0.6910124428739505,0.9356194844308139,1
2148,0.5330441251446164,0.9359692817733322,1
2149,0.6289093291531971,0.9359952082848336,1
2150,0.824428747341863,0.9361258968394721,1
2151,0.6965926510247722,0.9361445081234459,1
2152,0.7686984537578663,0.9363317630731283,1
2153,0.5166826123386682,0.9364535373113977,1
2154,0.520421551284306,0.9365793669759656,1
2155,0.7949956076865453,0.9366213677397807,1
2156,0.6124871957808913,0.936729173167775,1
2157,0.598044118021978,0.9369671026502622,1
2158,0.48680608488662436,0.9370368676795546,1
2159,0.7499629911658368,0.9370928187549455,1
2160,0.7837177797034331,0.9373504888130537,1
2161,0.5609791876702026,0.9374063115743277,1
2162,0.8706001332115137,0.9376446087990566,1
2163,0.6416443130997458,0.9377475676347053,1
2164,0.6741793712328668,0.9377825064253642,1
2165,0.9326237140774744,0.9378105739961685,1
2166,0.7686132719749009,0.9380026601034055,1
2167,0.6954316654601698,0.9380161679078998,1
2168,0.6016159100011005,0.9384003442750869,1
2169,0.9111602627715236,0.9384008024802575,1
2170,0.7618719006666816,0.9384968719373663,1
2171,0.7568708874907744,0.938607495635984,1
2172,0.6188722896554237,0.9389919593252579,1
2173,0.5604158926243157,0.9389963329578598,1
2174,0.6651018268508005,0.9390319871010101,1
2175,0.6697804383170767,0.939046760292571,1
2176,0.9207789170928556,0.9390537800937935,1
2177,0.6112163025821727,0.9390681923458675,1
2178,0.5614161588292131,0.9391272263169198,1
2179,0.5390857414484708,0.9391955130685283,1
2180,0.5895724336860617,0.9392789934231874,1
2181,0.7237951616477953,0.9395052773289769,1
2182,0.9234093992361639,0.9397305477421399,1
2183,0.6591617904101196,0.9402723867098659,1
2184,0.6357319253727205,0.9403057506983974,1
2185,0.5475480385112798,0.9404475186917687,1
2186,0.9026801109534419,0.9406516252677641,1
2187,0.8814395566456843,0.9407755724686773,1
2188,0.4961295978016147,0.9408421961529586,1
2189,0.4035284219811548,0.9412879364421006,1
2190,0.8605799712987323,0.9415488652456022,1
2191,0.7406982762956147,0.9420138006704794,1
2192,0.49809079251937494,0.9420429523439721,1
2193,0.9391234711481845,0.9423479046282713,1
2194,0.8042083185268875,0.9425495545421645,1
2195,0.933522556209813,0.9427473318195136,1
2196,0.7539317040764182,0.9428059948965445,1
2197,0.6537157935187057,0.9429062382120557,1
2198,0.43323573899231993,0.9434946469251412,1
2199,0.6501710129655586,0.9435545742157538,1
2200,0.5441260138866166,0.9435925473236747,1
2201,0.6964610862852636,0.9436291262348822,1
2202,0.8540061478637515,0.944046447395011,1
2203,0.7506144206731349,0.944180660571985,1
2204,0.7381100927677998,0.9442132458413707,1
2205,0.924169279959488,0.9442690523015138,1
2206,0.6083898849333094,0.9444282660824225,1
2207,0.6479437679178425,0.9445041982078485,1
2208,0.6592909707079566,0.9448027361377361,1
2209,0.6196872651363072,0.9452579427685678,1
2210,0.4601372693443011,0.9456063795402594,1
2211,0.615424102062602,0.9457758708731929,1
2212,0.6199545856451388,0.9460500736350168,1
2213,0.944423417045899,0.9461215819371586,1
2214,0.6198820766365937,0.9461402117910068,1
2215,0.8911918159820189,0.946274655911388,1
2216,0.5207978567947935,0.9465559961717298,1
2217,0.9336315163090476,0.9467971132245093,1
2218,0.6640022460704305,0.9469921931767473,1
2219,0.6327527109738049,0.9469936575211509,1
2220,0.4009535583721807,0.9471110238290489,1
2221,0.8211613218746536,0.9471577743184083,1
2222,0.854668705906681,0.9473720156679923,1
2223,0.6826535783977483,0.9474718644393143,1
2224,0.6244462920303413,0.9477205909693925,1
2225,0.8375541888274584,0.9478430672294913,1
2226,0.9466497061149591,0.9478555476969763,1
2227,0.6954529441908555,0.9480795253109282,1
2228,0.6366259887087913,0.9480824089258013,1
2229,0.6736812052097201,0.9480900065380711,1
2230,0.4127773753132773,0.9482873146327845,1
2231,0.6164487683781791,0.948464645876006,1
2232,0.6472411497432482,0.9485281448124555,1
2233,0.5308696543344289,0.9487721588296935,1
2234,0.8092840323457287,0.9490119680735882,1
2235,0.6151421365086599,0.949087877824435,1
2236,0.7965744635489875,0.9491244338414117,1
2237,0.523131233101589,0.9495217915430102,1
2238,0.9319781373339804,0.9496428571537849,1
2239,0.7943885858148753,0.9498718400251647,1
2240,0.7065885651836331,0.9499331286962256,1
2241,0.5060000043757612,0.9500316542760628,1
2242,0.8406622964502185,0.9501575992696946,1
2243,0.6838056802751395,0.9502635162803111,1
2244,0.6674342899842938,0.9503241289723126,1
2245,0.7237914372058845,0.950509878505365,1
2246,0.6111257593439706,0.9506498527662494,1
2247,0.9383448264484223,0.9506697851663275,1
2248,0.7064620885271513,0.9508192219401468,1
2249,0.6093500897306166,0.9508542969647672,1
2250,0.755655829667881,0.9510711860022832,1
2251,0.8968991935300666,0.9511479696503783,1
2252,0.5660363878164316,0.9511940578674014,1
2253,0.6398737960479242,0.9511955304869241,1
2254,0.6635053536576536,0.951216227224134,1
2255,0.47635354321155443,0.9513152458176111,1
2256,0.5149453678834911,0.951495964545658,1
2257,0.7214790062612135,0.9515104646020333,1
2258,0.6455673005301239,0.9515866483637792,1
2259,0.6106217782168255,0.9519872284947264,1
2260,0.608138729146107,0.9523816238751882,1
2261,0.8019631352367044,0.952396193312092,1
2262,0.8851026444584194,0.9524249577715735,1
2263,0.44363595088389807,0.95276740452087,1
2264,0.5230331496493148,0.9528184370800524,1
2265,0.4376688582346734,0.95287756846233,1
2266,0.7674515103623121,0.9528799585799134,1
2267,0.5149137099982048,0.9531104385168275,1
2268,0.6196872651363072,0.953170370432152,1
2269,0.6370543882663641,0.9531743291146755,1
2270,0.6889273850357472,0.9536251008635708,1
2271,0.757210766743773,0.9537000554517642,1
2272,0.5214875795687208,0.9537303970549432,1
2273,0.5057368444277118,0.9540011793322709,1
2274,0.7602865855536309,0.9542715382828112,1
2275,0.9337834161092606,0.95443654478042,1
2276,0.814141518143104,0.9544903438464746,1
2277,0.6626738806350566,0.9546321388090518,1
2278,0.5706168274809744,0.9550653232607296,1
2279,0.5006860802631969,0.9551136023059011,1
2280,0.5349890275225238,0.9552233792566297,1
2281,0.4716413074319161,0.9553563970663165,1
2282,0.9327471378529782,0.955407478800117,1
2283,0.6669178935027769,0.95567648224819,1
2284,0.409795740314403,0.9560589810128821,1
2285,0.5313503149772645,0.9564716193823827,1
2286,0.7348403570285028,0.9564844109546797,1
2287,0.8135881498596252,0.9565295541718638,1
2288,0.7407893234623071,0.9565732207076556,1
2289,0.5667474952770186,0.9566346743970858,1
2290,0.783325728093125,0.9572332873027988,1
2291,0.8380819477873886,0.9574996072421076,1
2292,0.6778568186078883,0.9576314464463762,1
2293,0.6766579559769159,0.957832779047026,1
2294,0.7624151357038772,0.9582432968840802,1
2295,0.8042975959785351,0.958303982118393,1
2296,0.6396707381077056,0.9585617495575227,1
2297,0.8939686533869098,0.9587484991289944,1
2298,0.8383502297916366,0.9588230453263021,1
2299,0.6303267535770337,0.9588710489723486,1
2300,0.6157934577369627,0.9589016720048158,1
2301,0.7747161123439922,0.9590793746697412,1
2302,0.6937437224786182,0.9592060363627669,1
2303,0.48307232570268255,0.9592339403658758,1
2304,0.7351692369453643,0.9593740781774053,1
2305,0.5601760352468256,0.9595250106211339,1
2306,0.7471692119530567,0.9596227928011414,1
2307,0.8367873456086179,0.9599275937459523,1
2308,0.5399095656136055,0.9599492426383431,1
2309,0.7402896786727435,0.9600566110236571,1
2310,0.6084820219295328,0.9601387382632868,1
2311,0.5368912670905314,0.9601461332385914,1
2312,0.5998628847722366,0.9601587590446108,1
2313,0.8122985825458725,0.9601977535354709,1
2314,0.6158715215896682,0.9602414930343879,1
2315,0.4752526196017335,0.9602688412829621,1
2316,0.5390026379378503,0.9602909159522781,1
2317,0.7612854742841996,0.9604092353863574,1
2318,0.8044326018839011,0.960430018878277,1
2319,0.6354820259267505,0.9605299161498226,1
2320,0.8389208398321137,0.9605591085216327,1
2321,0.8048636361263334,0.9610131049450417,1
2322,0.5060220772999723,0.9610231320869312,1
2323,0.5355452202975142,0.9610388218704198,1
2324,0.6247502146937046,0.9615376448330971,1
2325,0.7391384968867103,0.9617209372797357,1
2326,0.7326916011745228,0.9617989829358223,1
2327,0.5694764430092958,0.9623280931844681,1
2328,0.6949141285298319,0.9623687747736623,1
2329,0.6369305495818526,0.962370844336726,1
2330,0.5390065809479786,0.9624292610973203,1
2331,0.6354346344535817,0.9625650253664098,1
2332,0.8842250841437441,0.9627626639444362,1
2333,0.5818441299034524,0.9629787808603527,1
2334,0.7676075361136081,0.9630683782650652,1
2335,0.6990228257599954,0.9631062096782464,1
2336,0.6393124217370024,0.9631069111264333,1
2337,0.6738127381448863,0.963651257023065,1
2338,0.6410548542095953,0.9637432107204242,1
2339,0.5381616257487065,0.9638065322735279,1
2340,0.5808447296774272,0.9638615390425432,1
2341,0.6749835084577296,0.9638634387394118,1
2342,0.616544651258084,0.9642633660013121,1
2343,0.4512080515262714,0.9643160591863325,1
2344,0.5610802569473426,0.9647489602315958,1
2345,0.5758571326021649,0.9650223088385665,1
2346,0.8609632659548054,0.9650322352357885,1
2347,0.9163427795077407,0.9654240532333526,1
2348,0.5925988176730742,0.9654355201615651,1
2349,0.5299520709972161,0.9654367368663629,1
2350,0.520710525792968,0.965557593948095,1
2351,0.31879524113236046,0.9655966327342335,1
2352,0.558462548171962,0.9659671866376426,1
2353,0.5480655744972205,0.9660973240605816,1
2354,0.6238859341427881,0.9661728363176181,1
2355,0.6821690077919127,0.9662952911198378,1
2356,0.5257943152449587,0.966501914860232,1
2357,0.5243034637778257,0.9665399598309418,1
2358,0.7300573121411338,0.9666710336169356,1
2359,0.635881262903113,0.966889285617689,1
2360,0.7091054566002831,0.9669441428295928,1
2361,0.6116128373478497,0.9673568139151864,1
2362,0.5630636219255031,0.9675327529021946,1
2363,0.8207338035172156,0.9676105258888767,1
2364,0.6348965897549532,0.9680006513479015,1
2365,0.7750904375129001,0.9681122807107272,1
2366,0.6068517590023249,0.9683375010141226,1
2367,0.7558853644905347,0.9683501161241722,1
2368,0.6608153561242286,0.9684384739538816,1
2369,0.6032939561319933,0.9684936172634258,1
2370,0.5391500364789891,0.9685768064467958,1
2371,0.5724974008081679,0.968675249680717,1
2372,0.8019631352367044,0.9686830368256142,1
2373,0.8730978700797636,0.9687342715025928,1
2374,0.6896363652120322,0.9687767737780626,1
2375,0.8306445783783514,0.9691480697122976,1
2376,0.5509433562392063,0.9694216880017406,1
2377,0.5573539101135905,0.9694498812858903,1
2378,0.7612854742841996,0.9695145162127706,1
2379,0.6972251117394053,0.9696751988140521,1
2380,0.5885513813046221,0.9697205496684779,1
2381,0.5489197508825073,0.9697263168082445,1
2382,0.8906854169042969,0.969762889800493,1
2383,0.4572465973450386,0.96977863675884,1
2384,0.7431838106365728,0.9697812789645978,1
2385,0.9211109334232349,0.9698577521288676,1
2386,0.6723973009480246,0.970044339089848,1
2387,0.8748007576969222,0.9701348789027623,1
2388,0.9675028680001866,0.9702251342090205,1
2389,0.7574629042360715,0.9704828319899074,1
2390,0.6794303455097214,0.9705355041521825,1
2391,0.6072374357521005,0.9706053310833496,1
2392,0.5839539910977855,0.970690051974256,1
2393,0.8994174714043269,0.9707014749073827,1
2394,0.4402651367061914,0.9709814375028721,1
2395,0.5380436573823517,0.971086532517425,1
2396,0.6005494394943796,0.9711024684767976,1
2397,0.5637045832114278,0.9712067507147765,1
2398,0.8122985825458725,0.9712338050144274,1
2399,0.6100740088500555,0.9712602805899363,1
2400,0.6488992143061554,0.9712619290332878,1
2401,0.960960157308885,0.9713353950317566,1
2402,0.5355968374042578,0.9714548383951987,1
2403,0.6469629452133036,0.9714863657392551,1
2404,0.8656672125057637,0.9719307490146014,1
2405,0.5238248285680017,0.9719510995069599,1
2406,0.6764338282931467,0.9721381672837351,1
2407,0.6226000791089894,0.9722408956486948,1
2408,0.5573942054469756,0.9722419886467794,1
2409,0.5115237559803474,0.9726580277458362,1
2410,0.7133531243631012,0.9726892218311705,1
2411,0.4374673747487927,0.9729807921626465,1
2412,0.46585379899713075,0.9729868011010854,1
2413,0.6803637156646447,0.9729903286039387,1
2414,0.6607948208137296,0.9733427524708209,1
2415,0.6647108453106186,0.9735694381772582,1
2416,0.5085653821453198,0.9737244223234556,1
2417,0.5733493367772519,0.9738358940999303,1
2418,0.5304843293887516,0.9740105314759819,1
2419,0.5466282383803541,0.9740728546538964,1
2420,0.6090392488516819,0.9740746958431726,1
2421,0.7189021942864582,0.9743001152021035,1
2422,0.4101210453243218,0.974318354731562,1
2423,0.5583315155240357,0.9743951934074948,1
2424,0.5437610608827608,0.9745983673456626,1
2425,0.7455637681653745,0.9748709070827232,1
2426,0.5360057671035862,0.9748893422200596,1
2427,0.5141868537990555,0.9750888784224735,1
2428,0.6024580559840778,0.9750925850431552,1
2429,0.8161204325473377,0.9751759355404497,1
2430,0.4534066983386529,0.9752002794918823,1
2431,0.6333641459593429,0.9752468389580958,1
2432,0.5714192155197654,0.975341834239057,1
2433,0.8307710710749754,0.9753688528669285,1
2434,0.696720208001714,0.9753694802419194,1
2435,0.871363744729089,0.9753963980696922,1
2436,0.5321973371988675,0.9755566226102194,1
2437,0.6544752541030809,0.9757558766651253,1
2438,0.5960596413053391,0.9757997624912284,1
2439,0.7759164409853827,0.9758631466671446,1
2440,0.6511882969550385,0.9763375044170014,1
2441,0.6164162500967236,0.9764916340653097,1
2442,0.8728375458189811,0.9765661296585458,1
2443,0.8273480756286614,0.9767271076741676,1
2444,0.6674342899842938,0.9767521066412679,1
2445,0.44110055277031124,0.9767561335287014,1
2446,0.6659024690592517,0.9767756251238654,1
2447,0.626336167384492,0.9773782461997109,1
2448,0.5619583973953737,0.9775100591677613,1
2449,0.7517118634641992,0.9775122900747668,1
2450,0.7351692369453643,0.9776536222121306,1
2451,0.7169326236125294,0.9776589939886428,1
2452,0.514214400191119,0.9779187542171628,1
2453,0.7351539237591799,0.9780181422553778,1
2454,0.560851454099774,0.9785580074686991,1
2455,0.625995584235926,0.9788015288326803,1
2456,0.6289472191327738,0.9788930130807274,1
2457,0.6389012549924468,0.9789189614746182,1
2458,0.667226555079518,0.9791722203660718,1
2459,0.5231377227881143,0.9792224001628906,1
2460,0.5601964974725095,0.9793756981134296,1
2461,0.6403646051961768,0.9794555621195252,1
2462,0.5029599826113177,0.9794733214078195,1
2463,0.507126753489886,0.9796460155801838,1
2464,0.6010430311705711,0.979717262555905,1
2465,0.8018996609959795,0.9797699904428926,1
2466,0.6858947043607349,0.9799828463432706,1
2467,0.5060497139994534,0.9800313534986363,1
2468,0.7103598657198731,0.9800350408831348,1
2469,0.5894410407417324,0.9800482127218824,1
2470,0.6400004959834866,0.9800677852828639,1
2471,0.7611959653992634,0.98018585049775,1
2472,0.5679507782640763,0.9802513049677024,1
2473,0.6550343740491108,0.9803609395656258,1
2474,0.4829010329017731,0.9804598984758947,1
2475,0.5868712764591261,0.9804601466296643,1
2476,0.49053725964177464,0.9805110265853504,1
2477,0.6324253789315064,0.9805415938411091,1
2478,0.8786146623294048,0.980648585036352,1
2479,0.7228065073977574,0.9808853205514954,1
2480,0.7594485341048661,0.9809427559044523,1
2481,0.7129207849479628,0.9809791968888083,1
2482,0.8494592333155806,0.9810158586279997,1
2483,0.6807025677123578,0.9812633398519047,1
2484,0.7956420087587647,0.9814185446263882,1
2485,0.5631728570661498,0.9815344693107226,1
2486,0.6964436517473572,0.9815662161824814,1
2487,0.5061173930322298,0.981738736343777,1
2488,0.7305092528061384,0.9818883406420091,1
2489,0.7051187291317452,0.982027720693803,1
2490,0.8521584364685479,0.9820909796946776,1
2491,0.6266324561493133,0.9821221696339514,1
2492,0.5961864730557147,0.9822847522095111,1
2493,0.9535392664597738,0.9824314014433767,1
2494,0.6751571053826951,0.9825861668000722,1
2495,0.5709376840108004,0.9826708337289234,1
2496,0.5843138167901731,0.982694652057175,1
2497,0.594937306705599,0.9827006129827782,1
2498,0.6840524626383484,0.9829842086838847,1
2499,0.6263940353711229,0.983001933609092,1
2500,0.6151421365086599,0.9830100645991088,1
2501,0.48577911253213313,0.9830290464833739,1
2502,0.5706260020279336,0.983229971822054,1
2503,0.5600436397924613,0.9832607145809457,1
2504,0.5862315280239081,0.9832731759944854,1
2505,0.5959585910652905,0.9833845566708789,1
2506,0.46121470603758696,0.9834356992382267,1
2507,0.4909705241050426,0.9835050481565079,1
2508,0.4773375135245138,0.9838831207780172,1
2509,0.5508143225540624,0.9839416811819459,1
2510,0.4741424481178327,0.9841099149257824,1
2511,0.4474609413881808,0.9841770727869431,1
2512,0.9244249959804688,0.984219075218819,1
2513,0.8097105383404196,0.9842287915859753,1
2514,0.6784505869026205,0.9842362176569197,1
2515,0.7617411743219829,0.9843285963629423,1
2516,0.6071892380747994,0.9845918346187876,1
2517,0.48808381387915867,0.9846017039667946,1
2518,0.5365372184471625,0.9846155732903544,1
2519,0.6438128808511532,0.9846664845988177,1
2520,0.5498321438317854,0.984873079053635,1
2521,0.36415210238461704,0.9849754056043887,1
2522,0.6054939964429079,0.9851701060631327,1
2523,0.7944128206222927,0.9853765276336961,1
2524,0.8384560146963056,0.9856058859050891,1
2525,0.6059327526704361,0.9856104957802785,1
2526,0.81920662490089,0.9856943255412476,1
2527,0.6852109156919294,0.9857077406207194,1
2528,0.5446402752146846,0.9857743985479274,1
2529,0.5499059015224232,0.9859354673779405,1
2530,0.4278851488057479,0.9860497988058826,1
2531,0.6636811713559754,0.9861152483746469,1
2532,0.4888096906963628,0.9863986862287434,1
2533,0.6782734211874,0.9866276171540274,1
2534,0.4590938898297693,0.9870981287721393,1
2535,0.5958480315430374,0.9872049464815714,1
2536,0.5139244852452433,0.9873148501644947,1
2537,0.46054418499600247,0.9874726669703793,1
2538,0.5074734609097117,0.9876526076375239,1
2539,0.6112422798534424,0.9879751795506034,1
2540,0.5839143195169769,0.988201030416427,1
2541,0.5825731536997099,0.9882380608293808,1
2542,0.5857695424810816,0.9883224638956001,1
2543,0.6292524002657508,0.9883638019108206,1
2544,0.6021575115299073,0.9883990871541514,1
2545,0.8523088481518472,0.9887276846765496,1
2546,0.36740170604570976,0.9888587261242172,1
2547,0.8560022860986999,0.9890227468995503,1
2548,0.8211613218746536,0.9890627125755237,1
2549,0.4435706940885993,0.9891088840250679,1
2550,0.5209612600678083,0.9891999671009283,1
2551,0.5412414390826452,0.989220602693602,1
2552,0.8041333865954667,0.989261999708058,1
2553,0.5278013641864645,0.9895922858008295,1
2554,0.7240215607953291,0.98969217624059,1
2555,0.531295272795601,0.9898274971389246,1
2556,0.7353847624152784,0.9898850447580293,1
2557,0.6149236570409473,0.9899438880193009,1
2558,0.5429817755824745,0.9901188148072431,1
2559,0.6323837824021309,0.9902142419428307,1
2560,0.6593654294256543,0.9902178242872323,1
2561,0.9011382002047549,0.9903711197301452,1
2562,0.5768022133037743,0.9905859829674842,1
2563,0.6939511529223301,0.9908220106416946,1
2564,0.5719883000361587,0.9908456837663739,1
2565,0.7547420202528606,0.9909209819415287,1
2566,0.5353177033460201,0.9909972541814013,1
2567,0.7887246400235186,0.991477067699745,1
2568,0.5353849066011092,0.9917162316137226,1
2569,0.5753085393072831,0.991738873563966,1
2570,0.6157936142155522,0.9919526237336229,1
2571,0.6056684225693967,0.9919924132548661,1
2572,0.49298768992607245,0.9921602432835627,1
2573,0.5619659821323663,0.9923521053828525,1
2574,0.5312547500390329,0.9924308642931231,1
2575,0.6384982347021333,0.9926278459628415,1
2576,0.5381266475782305,0.9935933446948453,1
2577,0.5264653279388245,0.9938521389170479,1
2578,0.5130912560392701,0.9939787658511473,1
2579,0.6827189254655489,0.9940393296486323,1
2580,0.5727067115410047,0.9940566718035215,1
2581,0.5644073615416282,0.9946379926898395,1
2582,0.8117843160252333,0.9946705490658839,1
2583,0.5713339238225679,0.9948958936705257,1
2584,0.5663524766036678,0.9949939772758677,1
2585,0.5638821784586325,0.9950201173447302,1
2586,0.8115300192608571,0.9950695814888144,1
2587,0.577770869587917,0.9950903132651467,1
2588,0.55862299724961,0.9953317586988268,1
2589,0.6005494394943796,0.9953492874485794,1
2590,0.5664933028042377,0.9954040600190068,1
2591,0.6056627197410827,0.9954284387225832,1
2592,0.5908980703302508,0.9956121629261713,1
2593,0.5524454246182564,0.9957030502002931,1
2594,0.5172803775326344,0.9957701799969022,1
2595,0.5660516030352308,0.9957906046400153,1
2596,0.49823009908020666,0.9959112584651331,1
2597,0.6138602633465033,0.9959500303478981,1
2598,0.46535988797752437,0.9959811826066515,1
2599,0.6632253972019989,0.9960830026227127,1
2600,0.48177344444779147,0.9960981864042485,1
2601,0.5443366778535328,0.9962841306325724,1
2602,0.5353065449216883,0.9963967400044619,1
2603,0.5780544513295289,0.9964545391006026,1
2604,0.5495028335111354,0.9964941272415604,1
2605,0.6041344139420374,0.9965348251303907,1
2606,0.5557879015608355,0.9967262778256474,1
2607,0.5914406564812194,0.9968854314829634,1
2608,0.5326315444393146,0.9969674310179808,1
2609,0.5113533913045865,0.9971485541317107,1
2610,0.6837685803221103,0.9972959381732517,1
2611,0.512083264072604,0.997366729317201,1
2612,0.5749209138821223,0.9974794561746267,1
2613,0.5965065637492484,0.9975968911836134,1
2614,0.4736412315133858,0.9978143294381527,1
2615,0.5399546191176006,0.9978351139219261,1
2616,0.7644768086886563,0.9978984699381852,1
2617,0.5606591974177307,0.9979548834069412,1
2618,0.5258665258130261,0.9979612435081159,1
2619,0.5597164705134868,0.9981122863969581,1
2620,0.5453461612111322,0.9981459997806457,1
2621,0.5723332309758918,0.9983013741353641,1
2622,0.6059176438431236,0.9983029813106485,1
2623,0.562699221632772,0.9983104155452847,1
2624,0.5190283222802338,0.9984040383118764,1
2625,0.5221372939186554,0.9984566850006513,1
2626,0.5234046446303869,0.998711095211515,1
2627,0.5347730469947116,0.9987330839634393,1
2628,0.5615763006494708,0.9987648087650642,1
2629,0.4842608023657905,0.9988364684160568,1
2630,0.5391977553919949,0.99883938526977,1
2631,0.4844943802443422,0.9990590428663839,1
2632,0.5392720046310276,0.9992577897186664,1
2633,0.554726693330632,0.9994298480018876,1
2634,0.5060532498100715,0.9994907622521604,1
2635,0.5136240638831762,0.999495388114272,1
2636,0.5331377356016057,0.9995526004855175,1
2637,0.5240586011173842,0.999744722027146,1
2638,0.5172543332775014,0.999806860745372,1
2639,0.5230016921700142,0.9998424482956901,1
2640,0.5150272923876468,0.999902008318338,1
2641,6.39736213647879e-06,inf,0
2642,0.5030579535724891,inf,1
2643,0.5031788630489018,inf,1
