,Birth,Death,Dimension
0,0.025193578492556212,0.02685616707592353,0
1,0.007065732849377504,0.03122927394892161,0
2,0.0166641868337688,0.050493206422299486,0
3,0.047524201023301016,0.05200867147606658,0
4,0.049960372819382926,0.05937518856391055,0
5,0.03258785707086964,0.06579213517733151,0
6,0.0559400446686672,0.06631786225379432,0
7,0.0530273384541613,0.08164193988213875,0
8,0.04602927706260984,0.08626398022454751,0
9,0.07806744055930626,0.0943261013572394,0
10,0.03604503093737044,0.09574584480497805,0
11,0.0716706743299087,0.0984156064270928,0
12,0.07746695465603015,0.09869396820866994,0
13,0.0552939085863402,0.09913362946894178,0
14,0.0801770618622687,0.10727650824358359,0
15,0.05503282830638545,0.10943305789770541,0
16,0.0947056619618174,0.11284238667627522,0
17,0.051933702937338566,0.11598983306197819,0
18,0.014265305861419164,0.11891933430332735,0
19,0.12315391266532316,0.12674100369281205,0
20,0.02480902158065801,0.12744732246778256,0
21,0.06341924828838386,0.12892553147762964,0
22,0.12932401263636562,0.13006272791975093,0
23,0.042683673912501496,0.1348490023857869,0
24,0.09077286371787563,0.13757015562784614,0
25,0.07115450625468966,0.13867301883803784,0
26,0.10080627424223054,0.14096881899835145,0
27,0.05602436879916406,0.14230251764383628,0
28,0.06127894899993436,0.14283291724620373,0
29,0.07776212246243974,0.14549247620188588,0
30,0.061606345006329666,0.14587753271794834,0
31,0.02390743138205087,0.15208745922019973,0
32,0.018473632991881206,0.15208745922019973,0
33,0.015472368569696804,0.15294698448256505,0
34,0.09358796986886042,0.15334849191428734,0
35,0.14545826026680886,0.15706912405452933,0
36,0.10939667700545241,0.15743406953976313,0
37,0.13940940017384895,0.15746251935619648,0
38,0.07666066220631307,0.1661781116052008,0
39,0.06338496257484993,0.16794442179552282,0
40,0.08049396998367131,0.16828577964951696,0
41,0.08906105396252761,0.17090014698485712,0
42,0.1490341790304207,0.1726345681260395,0
43,0.12543417358704356,0.17411461573538634,0
44,0.0744660076530288,0.17433240360938707,0
45,0.110221229912977,0.17515529534898067,0
46,0.13265249140759905,0.17547041925030404,0
47,0.12892431656229653,0.17594186474071816,0
48,0.09630459599284924,0.17774867155661633,0
49,0.05623501783144913,0.18050223377187913,0
50,0.06836430747696154,0.18144162536718356,0
51,0.11501336626705994,0.18415748423282874,0
52,0.038592589643579034,0.18575961009330533,0
53,0.10487748288556165,0.1858985023745049,0
54,0.13162667421785212,0.18674391823040026,0
55,0.07741635292747562,0.1871411779564175,0
56,0.06367632926039635,0.18854615493231264,0
57,0.05250670124343515,0.19377142180063323,0
58,0.05198505451961177,0.19415723770014348,0
59,0.16353041956644787,0.19612456603245465,0
60,0.18456716030019238,0.19700930910592518,0
61,0.15944412107682682,0.1975155218798792,0
62,0.052499947546818415,0.19788196005592396,0
63,0.09739872917944292,0.19904254837979596,0
64,0.07919923073450608,0.20002674524852304,0
65,0.15540169259557268,0.2014854112014609,0
66,0.0998214554699991,0.20308889894646354,0
67,0.05859661905335789,0.2051209509046461,0
68,0.01544041679348096,0.20726598459789614,0
69,0.13078437054856884,0.20726598459789614,0
70,0.04813594753852479,0.20907656699259247,0
71,0.012770487848797307,0.20998965727481866,0
72,0.1469083646714493,0.2111784778718,0
73,0.1842879251343872,0.2128825273922531,0
74,0.07907980521900304,0.21587780628859243,0
75,0.035170466019217805,0.2196952905105488,0
76,0.1981297592861886,0.22117507036932105,0
77,0.17615812753544924,0.22346370285608796,0
78,0.04910256255612977,0.23034694830788005,0
79,0.11062764985015627,0.2314570595679225,0
80,0.1460088090015168,0.23165663368896738,0
81,0.18254169735042458,0.23269891065858828,0
82,0.17936561005120855,0.23397102466690634,0
83,0.18090392109827313,0.23403951309295867,0
84,0.07999214904773633,0.23536410221913462,0
85,0.05001034661840087,0.2355789864419816,0
86,0.2291078343874714,0.2364326131372515,0
87,0.21056145836515427,0.2368166673218013,0
88,0.18134710261032738,0.23736582059199252,0
89,0.03871795436289982,0.23931271306117596,0
90,0.19684822315859685,0.24022878319747565,0
91,0.12125907871346941,0.24082515233027513,0
92,0.13595528898141396,0.24272231394437427,0
93,0.1338598706683083,0.24448276568385463,0
94,0.16600149531274222,0.24499870621261233,0
95,0.13659495474534222,0.24701579897121417,0
96,0.16988838304995135,0.2479575875297243,0
97,0.14522226706982055,0.2479575875297243,0
98,0.04163741142910915,0.247964932449541,0
99,0.15348571588097226,0.24849716978063952,0
100,0.027960460517758468,0.2498812523221372,0
101,0.16567009847074943,0.25267872202855235,0
102,0.03095108373692057,0.2538165679779433,0
103,0.24796906978914823,0.2544753419058057,0
104,0.03339491455507082,0.2545605573697163,0
105,0.03401895497663565,0.2548913692234218,0
106,0.1955161970078726,0.25489253929062095,0
107,0.18926297115538415,0.2558219099376786,0
108,0.06185896971682192,0.25628051442401834,0
109,0.12627632183140303,0.25782351739212983,0
110,0.04508515659982515,0.25901820639564244,0
111,0.009326975347053956,0.25927138574508923,0
112,0.10858948709072658,0.2602372666743299,0
113,0.050868484314423146,0.26045167753589415,0
114,0.11332476349665355,0.2628811652082428,0
115,0.0644536697793372,0.26324302352608797,0
116,0.12608398026917644,0.2657922013383689,0
117,0.05342135625826616,0.2657922013383689,0
118,0.03441513103989846,0.2678725417766207,0
119,0.1688796180506661,0.2689711806477372,0
120,0.044988401278909684,0.26957951605722674,0
121,0.19321381583121822,0.2699275227400263,0
122,0.26003124414310763,0.2710830566191077,0
123,0.03645002765235106,0.2745815030970308,0
124,0.18533143769941418,0.2765885050427993,0
125,0.16048406095277734,0.2765886290501519,0
126,0.015574938758452284,0.27851380372357226,0
127,0.21814950171893677,0.2787419742060312,0
128,0.25636208520295345,0.2802026404096427,0
129,0.25237902349380126,0.28080551083081595,0
130,0.033020537295906705,0.28084081467818134,0
131,0.23417049097137999,0.28104290431308354,0
132,0.16013046790705,0.28179644233492984,0
133,0.11435368027760517,0.2821268921262665,0
134,0.09801689800447932,0.28264241765143416,0
135,0.2669056841017454,0.284118702370602,0
136,0.042513461575377054,0.28458446475537313,0
137,0.11784266666641952,0.2854629304951869,0
138,0.2673308244068523,0.2880132309936376,0
139,0.06296504035625194,0.28814810538747226,0
140,0.054401639162167004,0.28833714943683053,0
141,0.22008968352627367,0.28976212687426794,0
142,0.10525939989000987,0.28998750195312106,0
143,0.04013580014886642,0.290764843178287,0
144,0.17575618508780666,0.29408288528936255,0
145,0.09566091786652564,0.29527857653197087,0
146,0.10648353280797018,0.2955739508325703,0
147,0.039661670436259344,0.2960298324757835,0
148,0.23013164026597754,0.29716652394292353,0
149,0.031101829195871344,0.2972943253226066,0
150,0.17152279296702477,0.29790701065738723,0
151,0.11824422904396603,0.2981845308705936,0
152,0.2715623486834917,0.299555109974849,0
153,0.26465750229781093,0.30019843059403495,0
154,0.2988418898473568,0.30037742921623045,0
155,0.03374179013895173,0.3013275662498558,0
156,0.15651126861511966,0.3014733896490732,0
157,0.02062920106773891,0.3017236242105231,0
158,0.10955441829035406,0.3030127463191433,0
159,0.007037702503458143,0.3031450032813249,0
160,0.05712488708749608,0.3040614628068212,0
161,0.06752106776024647,0.3040883671423702,0
162,0.14390814042248024,0.30467891546919024,0
163,0.13611520937928112,0.3080330738315994,0
164,0.2663716203020021,0.3088514233226882,0
165,0.09060099545311662,0.31052766423345257,0
166,0.012783049405194369,0.3107540500305299,0
167,0.24184637704119427,0.3107540500305299,0
168,0.16058745819551512,0.31286883685424394,0
169,0.20124044624454196,0.3139723295642568,0
170,0.024543258921626454,0.315888520709496,0
171,0.04824347754613334,0.3160000379566531,0
172,0.18787236950868824,0.31601205478406524,0
173,0.28325961513557063,0.3161369420621257,0
174,0.07597428093787706,0.31627967499153853,0
175,0.3018909197553705,0.31632641708243003,0
176,0.13892421612021277,0.31693131885647463,0
177,0.006696299105894199,0.31822969012904767,0
178,0.20320328460786719,0.3187284264434327,0
179,0.06430598074467075,0.323330149400326,0
180,0.06329781141814361,0.32448430609321255,0
181,0.281236941454162,0.3244989938037728,0
182,0.04448624776809784,0.3250271999567631,0
183,0.023402798687689907,0.32514875951416844,0
184,0.1672722401350114,0.32584521216057716,0
185,0.09798839715976537,0.3273319275945551,0
186,0.04258328546444323,0.3276382311107091,0
187,0.04205068400856504,0.3277217555475601,0
188,0.050008983736134494,0.32796105238495343,0
189,0.319391340190449,0.32818811635235756,0
190,0.16936047772020857,0.32860306303049647,0
191,0.04436209611960629,0.3307018211856796,0
192,0.07177244485507173,0.33109456385932756,0
193,0.02082112421596649,0.33109456385932756,0
194,0.25807288673437223,0.331182776984827,0
195,0.16623761670249826,0.33119018596556804,0
196,0.06205484430840569,0.3315722448791243,0
197,0.08464291472889252,0.3330103561273311,0
198,0.04022052279637345,0.3333940980352693,0
199,0.16595972159075,0.33492924300673166,0
200,0.05761538924016252,0.3351495904909644,0
201,0.06612546161301269,0.33669535258118743,0
202,0.24990626927323012,0.3388473769866429,0
203,0.01971187541215269,0.33897670977962846,0
204,0.20268610041927115,0.33923606798897754,0
205,0.22380846725375236,0.339907189317327,0
206,0.21635774593369428,0.34166222077352526,0
207,0.2448284127998288,0.3419092503167238,0
208,0.14505362146671397,0.34333820044662966,0
209,0.05923574191542924,0.3435282213513776,0
210,0.1429278066831179,0.3438272753439896,0
211,0.04558667201632571,0.34387954079594885,0
212,0.09500830825921491,0.34461193058972595,0
213,0.18076949066603665,0.34479683951121043,0
214,0.03272928279778797,0.34593167349674914,0
215,0.012600394090193756,0.34596494679534084,0
216,0.05267752583023255,0.3467142470667527,0
217,0.024962180533708578,0.3469726553434377,0
218,0.009885936253832606,0.3471349693238086,0
219,0.03487554297567619,0.34717468853477473,0
220,0.03125402995364035,0.34739226708093685,0
221,0.24145228453171064,0.3484672074615731,0
222,0.19612800327247149,0.3484672074615731,0
223,0.17727566328253597,0.3488178899259158,0
224,0.19280648013197466,0.34984251772818054,0
225,0.22452503661060885,0.35074840867109347,0
226,0.03118198248006432,0.3517967352095629,0
227,0.20861578432267058,0.3524395856235242,0
228,0.19547629968784486,0.3529571030252372,0
229,0.026730111566851678,0.3531243458862733,0
230,0.3008816439974016,0.35486974417000716,0
231,0.20404175013695625,0.3553940442416418,0
232,0.14189361859584582,0.35626826749740803,0
233,0.05622172762319799,0.35633002221433685,0
234,0.05966527783048148,0.3565234503610606,0
235,0.12658560729314894,0.35652884701937626,0
236,0.03844970424217731,0.35680405460529485,0
237,0.1559365213476266,0.3576572934867376,0
238,0.18641239011813404,0.35766048555475727,0
239,0.08241090832101705,0.3586935948390074,0
240,0.12658668749064383,0.3631217982165056,0
241,0.22113654229114466,0.36407547759126635,0
242,0.05294056359804489,0.36621911964754084,0
243,0.29320000295792636,0.36693886230985884,0
244,0.24741551187590982,0.36735759433077386,0
245,0.1451161217694682,0.36741660958347955,0
246,0.021923814779287953,0.3679601648484848,0
247,0.007759726008693568,0.3691361215844189,0
248,0.23393928975841172,0.3703327361455674,0
249,0.35777698471525843,0.3703659433817388,0
250,0.01378811437803762,0.37216950634362256,0
251,0.03445712952981328,0.3723851239146251,0
252,0.08611590903170241,0.37300108579587854,0
253,0.06675756892829121,0.37300108579587854,0
254,0.2910993127802878,0.3742197497332087,0
255,0.13789282799924474,0.3742861369243017,0
256,0.03941709767312562,0.374371124600942,0
257,0.006637235810822095,0.37454100854531625,0
258,0.02180910374882805,0.3748462175738777,0
259,0.16675124297068333,0.37661818721955764,0
260,0.32030028943161737,0.37785714482862953,0
261,0.19277129178077412,0.37785714482862953,0
262,0.14533708695904068,0.3781818590789827,0
263,0.10869409943752073,0.3782138833392661,0
264,0.18335006693088274,0.3785554887029624,0
265,0.0066393976432589374,0.3786080719780821,0
266,0.0548820761699651,0.3794971631733376,0
267,0.06523424724710081,0.37979800854358026,0
268,0.3626338817877456,0.3804636840424468,0
269,0.14295277169502574,0.38048888918763935,0
270,0.023913942470771832,0.3806527713753374,0
271,0.1453459027958861,0.3808137780059174,0
272,0.15555383247343024,0.3809331349766827,0
273,0.06611365767886257,0.3811784992428867,0
274,0.20656344735173204,0.3815273752333901,0
275,0.10819373994849402,0.38170113189667665,0
276,0.35115613470452434,0.38213421843249207,0
277,0.07898754715115619,0.3836430593713115,0
278,0.012779026662834592,0.38379507302901994,0
279,0.01732940681064543,0.38397228260232197,0
280,0.10237502352050287,0.3843036525059276,0
281,0.3053111488406406,0.3845206485796676,0
282,0.2045839285719605,0.3845206485796676,0
283,0.1117698378440003,0.385086157539807,0
284,0.0158920408233163,0.38581801121449144,0
285,0.1590000192238068,0.3861919217710471,0
286,0.02291389834674462,0.3895109372857942,0
287,0.12427916653164472,0.39061784186450954,0
288,0.21805865747946107,0.3906267558431744,0
289,0.04962068551643528,0.3906649890219239,0
290,0.2908733373157565,0.3913959366686237,0
291,0.35438180374453476,0.39176483360893843,0
292,0.3252046714656369,0.392371810729938,0
293,0.36054717891179533,0.392371810729938,0
294,0.015306345778281494,0.3925225562767529,0
295,0.03654123887608729,0.3925786017670032,0
296,0.20420216159964721,0.3929711702372609,0
297,0.04041486486472756,0.39324694102121294,0
298,0.08089678743098738,0.3934975611461342,0
299,0.18461868528470426,0.3943030464036563,0
300,0.05482752525737067,0.3945274741640935,0
301,0.003073757115209519,0.3947037920778935,0
302,0.049924850355802186,0.39476705201347473,0
303,0.03611017981702569,0.3952461765284089,0
304,0.11312645932197207,0.396109055594868,0
305,0.1971062353654125,0.3961283244358388,0
306,0.09735898395458364,0.3968660530612743,0
307,0.13789288835950197,0.3986533945465135,0
308,0.035803075702874665,0.40057306818371785,0
309,0.1820081024582011,0.4025961595749493,0
310,0.40074998853328425,0.40322245845181925,0
311,0.29143098292046254,0.40376789094617915,0
312,0.04708102514135348,0.40398082801661594,0
313,0.18235189592752488,0.40641079180226214,0
314,0.0020112148460430523,0.4065795736739045,0
315,0.2183939667815511,0.4070415058198624,0
316,0.11953737553741506,0.4070813299061038,0
317,0.10821612107401424,0.4082067008779474,0
318,0.034949074400962066,0.4087949959205027,0
319,0.2947598340319132,0.40891143947289954,0
320,0.12855139194106058,0.40918522750516984,0
321,0.22276970402711727,0.4105428316692935,0
322,0.2572155361828844,0.41123864335241034,0
323,0.06465955539229717,0.41135224163040995,0
324,0.14736262053838134,0.41191706868770894,0
325,0.003516206772417263,0.41262125012575845,0
326,0.015676537543043767,0.4130583067941981,0
327,0.019297508253032003,0.41465304578717477,0
328,0.0042944436738602265,0.41480418293888743,0
329,0.32317039733231145,0.4160639492310222,0
330,0.002574396095719522,0.41647834012222995,0
331,0.02478090695957258,0.4165058062754635,0
332,0.010490264757549661,0.4165539722015098,0
333,0.18422973768309503,0.4166122489580183,0
334,0.02641368643481079,0.4168812193552579,0
335,0.16041345313949973,0.41698672582836704,0
336,0.1573095557373827,0.41733318888030235,0
337,0.09528158235588613,0.4179263928895789,0
338,0.04449767864300924,0.41824424109686187,0
339,0.283404451640892,0.41835730859280773,0
340,0.17132022527708857,0.418784579707295,0
341,0.01502790825969269,0.4188045459831822,0
342,0.010938788574160085,0.41895419943214607,0
343,0.06790963864627009,0.41931019564870986,0
344,0.0962248510380389,0.4205378528070963,0
345,0.35718897456720955,0.42085334285074627,1
346,0.0978645373413316,0.4209270091018559,0
347,0.19773888113785565,0.42129775928371427,0
348,0.31391332221099444,0.42162553827056715,0
349,0.028625726386264483,0.421933597035265,0
350,0.40023941261596274,0.42212717798692556,0
351,0.15903654172726645,0.42250220068565103,0
352,0.41169838697552974,0.4236412979229295,0
353,0.041811908791775654,0.4236412979229295,0
354,0.274970203587263,0.42470629240727964,0
355,0.05088390502775453,0.42504344227030244,0
356,0.010208559477281498,0.4259512045995363,0
357,0.0677838787843279,0.4261280901988901,0
358,0.2570600194399748,0.42653467474292184,0
359,0.31444276613508304,0.42725176516330754,0
360,0.06760813231855733,0.42812873685075814,0
361,0.17248185123780257,0.4289477034694664,0
362,0.23755330444057554,0.42900850583467176,0
363,0.18921958781429604,0.42927299454334067,0
364,0.11173669901209116,0.4299177311835791,0
365,0.23280505106764404,0.43009521740053536,0
366,0.05660185410271101,0.43028224447292784,0
367,0.010059866918889715,0.43200134331744444,0
368,0.028114139384051273,0.43273262491832165,0
369,0.4223867849785423,0.4331771774330132,0
370,0.008156394094956165,0.43427065260164854,0
371,0.22827400682590315,0.4361153807880088,0
372,0.004592457246800796,0.437874340599149,0
373,0.2682881591238261,0.4382298025889323,0
374,0.11883966392388956,0.4416236622463644,0
375,0.008916943774485153,0.4417003617054315,0
376,0.0034804344770046347,0.4417286235595467,0
377,0.39474321870369466,0.4420846645100309,0
378,0.00478325677268665,0.44226230696355906,0
379,0.15534164567624598,0.442926954885402,0
380,0.09140539800940428,0.44322643428957,0
381,0.13386008869586896,0.4436950340067759,0
382,0.03209813033285325,0.44651143485011013,0
383,0.048394743613278335,0.44654209889481733,0
384,0.04175627389199421,0.4468447653993486,0
385,0.16992628673780075,0.4478845210297059,0
386,0.0451671427848076,0.4480460927960789,0
387,0.17468917716925625,0.4484768733841672,0
388,0.020281541913297674,0.4492352182747579,0
389,0.030725632405360526,0.4493959151965905,0
390,0.0257089679626612,0.4495609987560645,0
391,0.1032343441747553,0.45032057514265666,0
392,0.1356456925047681,0.4505557628167107,0
393,0.04044208869728405,0.4506660666619533,0
394,0.08275117008713462,0.45134681469340976,0
395,0.06691121424319557,0.45157218250273856,0
396,0.11585324250983109,0.45304802543154565,0
397,0.03464804433812951,0.45484868477342477,0
398,0.3658984340867023,0.45581558569331726,0
399,0.3237169815340881,0.455983244005145,0
400,0.045479949596555436,0.4560562500782541,0
401,0.009515898327971617,0.45716649301682666,0
402,0.11257630832630039,0.45716649301682666,0
403,0.023724487176513875,0.4583229002582676,0
404,0.39451051035574447,0.45886657106197004,1
405,0.14565107587062798,0.4590111517637323,0
406,0.12596114994175,0.45953407668654056,0
407,0.13239532150260735,0.46027336421846443,0
408,0.0011878061973246146,0.461351739410105,0
409,0.3023952725341291,0.4619062696506233,0
410,0.04536625189684673,0.4620269882110888,0
411,0.04185637996645719,0.46212670774125186,0
412,0.009983491916670917,0.46212670774125186,0
413,0.009095958584609432,0.4644291285294211,0
414,0.0577121148992944,0.46548120315854524,0
415,0.11907453020432013,0.46801227159976533,0
416,0.030241500227543905,0.46801227159976533,0
417,0.001147960519756186,0.46839815183439293,0
418,0.012788256095007222,0.4689535950360896,0
419,0.08576840785231132,0.4699042210554506,0
420,0.31584816930850235,0.4702127686879145,0
421,0.026896010942301984,0.4705555111680465,0
422,0.0014491352869194785,0.4705555111680465,0
423,0.17621589911479996,0.4705724649675541,0
424,0.0030397294008117637,0.47193967966178596,0
425,0.0010022473151221067,0.4725277790650333,0
426,0.009346902220821796,0.4735979852531631,0
427,0.4410050604402401,0.47459826719374576,1
428,0.06044835600126697,0.4746187896284194,0
429,0.44391206367953207,0.47522963463833434,0
430,0.2541274173469613,0.47529180205020305,0
431,0.13204601188688037,0.4753721185526464,0
432,0.024712879748180705,0.47581146347778713,0
433,0.26910845545780115,0.47618458090512694,0
434,0.0008849457049363574,0.4770239125426734,0
435,0.026198217965442416,0.47714199365388665,0
436,0.31482089893364307,0.47730138020900303,0
437,0.006501687485868213,0.4777708575097558,0
438,0.040063390675875055,0.4786728533323409,0
439,0.1428606383083837,0.47963981419292734,0
440,0.07036084315663804,0.4797012104627243,0
441,0.39140991209123777,0.4797012104627243,0
442,0.006511367416146885,0.4816045191474151,0
443,0.17658716690923137,0.4837285014001953,0
444,0.0489328376167848,0.48377621893556255,0
445,0.0010453450123830699,0.48497609251784535,0
446,0.054020715342211534,0.48585165818886744,0
447,0.015803699821913653,0.48618665516981774,0
448,0.004939285617495015,0.48673329262141285,0
449,0.03828450552788887,0.4868502303159078,0
450,0.16307177028735131,0.4870793989644102,0
451,0.03323417989116473,0.4882263966169619,0
452,0.05786828089345353,0.48867934295618753,0
453,0.1061153811910237,0.48899639461660027,0
454,0.045958114805212946,0.4901705621749227,0
455,0.03139761509588268,0.4901717202240783,0
456,0.0989326502809611,0.49167562696590383,0
457,0.01802729430058092,0.49381049807491606,0
458,0.06888887501802021,0.4951281028813239,0
459,0.12351641373126476,0.49526131489737624,0
460,0.00129250674283099,0.495794918567816,0
461,0.0046602837958731325,0.49596405624424655,0
462,0.3139723295642568,0.496268376868515,1
463,0.29550845983528584,0.4998035156770666,0
464,0.13735457806077378,0.5007047522465758,0
465,0.08456384266539285,0.5024042584701052,0
466,0.40788241676140113,0.5029774697949971,0
467,0.0016616596792666805,0.5030252408763174,0
468,0.23372539312152318,0.5035416626947556,0
469,0.20280155471389893,0.5045502379909256,0
470,0.046502369743906424,0.5046687313481188,0
471,0.30556843731130523,0.5048575401527519,0
472,0.5006422065092879,0.5050470913576403,0
473,0.02986895585591287,0.5059491072371195,0
474,0.26220076362234346,0.5090063290487896,0
475,0.1674897135365897,0.5117962651691337,0
476,0.09762181462638553,0.5129925415335783,0
477,0.003842702473822901,0.5131110380308997,0
478,0.012754176223943592,0.5132539532107232,0
479,0.17708253617426017,0.5148615288413013,0
480,0.4866742030844554,0.5155230142086868,0
481,0.2107560552045249,0.5183853473765335,0
482,0.07340398550417848,0.5185545371927811,0
483,0.5121109857942938,0.5210400868598595,1
484,0.39474097223734705,0.5210645383036934,1
485,0.02955383883244922,0.5214815405958685,0
486,0.009302417230761417,0.5247376294642364,0
487,0.48735510101129875,0.5281696492478101,1
488,0.23533840771491576,0.5336455691267408,0
489,0.11473375855757173,0.5342919648576353,0
490,0.21740023827499566,0.5356816987049111,0
491,0.181078890098317,0.5389131135009237,0
492,0.14133669241655,0.5444282197928655,0
493,0.011104266900504256,0.544740935495638,0
494,0.18735497300042703,0.5483964701876085,0
495,0.3691361215844189,0.5492402159532391,1
496,0.018781912845939885,0.5492745199177022,0
497,0.015188982412845609,0.5496853045893942,0
498,0.09648181889912821,0.5510466416294503,0
499,0.02153003580974544,0.5519450666463819,0
500,0.138857355431117,0.5534432058335422,0
501,0.3207102835537947,0.55480928433434,0
502,0.44907640379930314,0.5550215059488145,0
503,0.028673815734090224,0.5550215059488145,0
504,0.1443352023235922,0.5630484968288098,0
505,0.4433083584097467,0.5676330708173024,0
506,0.42226476517573563,0.5691165559426636,0
507,0.004433258735623169,0.5692118587801791,0
508,0.09433481907083263,0.5700736150283207,0
509,0.5535897773349272,0.5732869923049148,1
510,0.557707786410325,0.5757585881382714,0
511,0.5452892640985607,0.5787678467411881,1
512,0.10829848301861567,0.5798899837947536,0
513,0.13216133409831898,0.5842397942214372,0
514,0.4063409829186845,0.5863449131699747,0
515,0.5487003482787645,0.5873909520679037,1
516,0.5801662901887332,0.5932835611371191,1
517,0.42271522649022597,0.594475731750444,1
518,0.5078820655948758,0.5989728706789064,0
519,0.15586070813450248,0.6035114485030962,0
520,0.3565234503610606,0.6095707845027918,1
521,0.3958635658281071,0.6163483719393803,0
522,0.6085404833161812,0.6178629214049939,1
523,0.5633742448964683,0.6188883175669337,1
524,0.5960272151037668,0.6203762531024593,1
525,0.09900241846526536,0.6220307526744137,0
526,0.5963430633802022,0.622109581026659,1
527,0.5724701202194135,0.6235861647599371,1
528,0.5918912864776514,0.6241918131205376,1
529,0.47618458090512694,0.624925820670671,1
530,0.2738612191406866,0.6295359041595174,0
531,0.4449239641197671,0.637691870386285,1
532,0.509080041662114,0.6384777808222301,1
533,0.5928680848510676,0.6396952854369539,1
534,0.08227133373685724,0.6416861012807462,0
535,0.38587968856642363,0.6424466954078019,1
536,0.6378165817058975,0.6433252240599281,1
537,0.5718180854288968,0.6462823468288907,1
538,0.5111818323987591,0.6505930255175187,1
539,0.4711622321755936,0.6509148878442075,1
540,0.5193842193152564,0.6531448786988436,0
541,0.24136735270014686,0.656348038647869,0
542,0.42786678126977007,0.6566682027488681,0
543,0.5759076994384176,0.6577589499649386,1
544,0.6107838349866648,0.6581718476054218,0
545,0.6425285332464613,0.6599096465998753,1
546,0.28554860197647913,0.6644307309187796,0
547,0.022177444498163168,0.6654418624327156,0
548,0.3252623058974311,0.6678063974448825,1
549,0.6073992782684173,0.6713535015453133,1
550,0.5726623556022352,0.6721450950551169,1
551,0.6441583319170675,0.6752957823317858,1
552,0.4855467066505904,0.6778706683885098,1
553,0.5361779829479488,0.6791877678643488,1
554,0.619190822571841,0.6811137574691348,1
555,0.634526747874651,0.681723421714628,1
556,0.5945480444745803,0.6819097061419586,1
557,0.633078058236989,0.6873209687320957,1
558,0.5906546518244759,0.6918543122276474,1
559,0.5668662849832673,0.6918973282742046,1
560,0.47706650045664944,0.6932558313634647,0
561,0.5434134358314081,0.7005355622063102,1
562,0.5655282173082449,0.7014047694806513,1
563,0.5928680848510676,0.701569013467751,1
564,0.609189291437164,0.7044966900298363,1
565,0.5827058263911273,0.7067748987979089,1
566,0.03460352086639562,0.7099045187021868,0
567,0.5073551750785064,0.7110713831224678,1
568,0.598749484407701,0.7128589451207686,1
569,0.5712662535794047,0.7134712094846078,1
570,0.6610030693915196,0.7136009394926915,1
571,0.6828467014235673,0.7141733503803248,0
572,0.5232236314045595,0.7150955381395222,1
573,0.6981327057043126,0.715663953190961,1
574,0.6542772282882435,0.7187835531157536,1
575,0.6729064463060594,0.7209448424775049,1
576,0.6564567306756726,0.7218326786183089,1
577,0.373122857486364,0.7219669969002074,1
578,0.3960874961709252,0.7221007112309369,1
579,0.5937362795588259,0.7236664080457053,1
580,0.4084664006933172,0.725216039467494,1
581,0.28475041559750225,0.7261609987297964,0
582,0.5636618654089522,0.7268652109903201,1
583,0.660456668953889,0.7279989012956862,1
584,0.7228965018167132,0.729426237739907,1
585,0.6648855478737761,0.7303108963232728,1
586,0.716113724906199,0.7328535444188085,1
587,0.6894657977798571,0.7335503052365981,1
588,0.546710916343369,0.743154901224302,1
589,0.3131101748045235,0.7437315594365987,1
590,0.6507155985389022,0.7450856672783438,1
591,0.32212488929183347,0.7457458695106601,1
592,0.7362004346667169,0.7468833538532975,1
593,0.5965816176837576,0.7475968131471741,1
594,0.6341339011057764,0.74787673459456,1
595,0.5061681093691083,0.7480015393590055,1
596,0.544790755205808,0.7489510005429746,1
597,0.6079531748808336,0.7496882093118616,1
598,0.4969252588495895,0.7498547611549518,1
599,0.5744631878763343,0.7524867736975525,1
600,0.7334494822453237,0.7546647091797742,1
601,0.6614584080486828,0.7559342259104991,1
602,0.7440694668005822,0.7572925627108396,1
603,0.7156204277980422,0.7587022843844505,1
604,0.7188038763861665,0.7596353230856645,1
605,0.7314819723315943,0.7601891606990618,1
606,0.726934749963491,0.7621663399740491,1
607,0.6287366596479679,0.763508680098993,1
608,0.6961509297902851,0.7647118318449345,1
609,0.46899977611008925,0.7653094035666465,1
610,0.5908599671093171,0.765829873900515,1
611,0.6073992782684173,0.7690816045356008,1
612,0.62352105647902,0.7693072018268053,1
613,0.3523080721457633,0.769626186341021,1
614,0.6104043002663843,0.7714325857368348,1
615,0.5497747575536805,0.771936823702871,1
616,0.735316396669949,0.7726890084976936,1
617,0.4961921029822365,0.7743888652119602,1
618,0.588905134018858,0.7752270666283052,1
619,0.7623426993135476,0.7758721496902945,1
620,0.7611072318699386,0.7759194848100608,1
621,0.7691850439391718,0.7768010407593676,1
622,0.6083683448673814,0.7786691602745685,1
623,0.48955063219286665,0.778968085448473,1
624,0.6680387764847896,0.7791299331188031,1
625,0.6269425333214773,0.7814011364434633,1
626,0.7763949688224834,0.7830629399705962,1
627,0.6496496532699272,0.7852782095454397,1
628,0.6506954732893035,0.7860476678448377,1
629,0.7089444895869977,0.7868023705448824,1
630,0.5307082152264465,0.7872377464802962,1
631,0.34852764497189326,0.7886963336152747,1
632,0.7718295222130198,0.7895621700506192,1
633,0.6680392701923676,0.7897027758282227,1
634,0.5751914123455004,0.7904115328569279,1
635,0.5385089596053667,0.7927631438735891,1
636,0.616056645197851,0.7990838530725982,1
637,0.6713860685338886,0.7997727421218732,1
638,0.7753207214448963,0.8010498377940699,1
639,0.7504635678718632,0.8011919039877644,1
640,0.5859230618201001,0.8040960609791411,1
641,0.6912673433803255,0.8055221608906842,1
642,0.6471473514390726,0.8095510785144168,1
643,0.5893578091023354,0.8104360556073866,1
644,0.41378209153108714,0.8116128235933787,1
645,0.5150078500956422,0.8118215362825741,1
646,0.6160353894813708,0.8122499637871892,1
647,0.5996404920358392,0.8131133478661677,1
648,0.5105347457553536,0.8140873355435175,1
649,0.7128458768872744,0.8141321700149712,1
650,0.5317494361166946,0.814745667371574,1
651,0.7741791129476076,0.8170258190089816,1
652,0.5406064281579782,0.8187909836283962,1
653,0.7313272771070846,0.8194740161179259,1
654,0.6996717433651455,0.8201926393017664,1
655,0.8059252275376119,0.8209311584245332,1
656,0.8132262061187202,0.8217563073869519,1
657,0.5116878809169917,0.8231727914329513,1
658,0.8002679100618131,0.8241453634208202,1
659,0.6614515743405343,0.8243765677203433,1
660,0.7972262366010918,0.8272304898122984,1
661,0.6879657152839213,0.8273548055177138,1
662,0.5254408100801481,0.827670202381653,1
663,0.4450194825451991,0.8285408699689505,1
664,0.5676863416808194,0.8285766841672632,1
665,0.7386043551365582,0.8304939296282509,1
666,0.7017523299863608,0.8315928072285061,1
667,0.5918912864776514,0.8351607415124993,1
668,0.717220962111351,0.8356493118872965,1
669,0.668678696822798,0.8358618105221799,1
670,0.6997077144368807,0.8361621630835558,1
671,0.5458206988125525,0.8372073300921379,1
672,0.5242195721277859,0.8373711193306657,1
673,0.7965720950286823,0.8374481548671755,1
674,0.5065251274210416,0.8375106283641554,1
675,0.716113724906199,0.8375568796520454,1
676,0.8185548082746409,0.8398693255591823,1
677,0.6315733639598621,0.841199124260104,1
678,0.7854516051265049,0.8413783984179047,1
679,0.6751396031418825,0.8415395225149027,1
680,0.5530100971274519,0.8430979624415794,1
681,0.7238462320116968,0.8434598131594612,1
682,0.7144160165682133,0.8434978965286564,1
683,0.6079325235560451,0.8439823611277996,1
684,0.5570408976642476,0.8440999251012373,1
685,0.5994896603132426,0.8448977721534868,1
686,0.6564736365900563,0.8458069531929251,1
687,0.5745278597329867,0.845968550811902,1
688,0.7160759199841767,0.8474741492774612,1
689,0.6728241790100582,0.8477041679758673,1
690,0.8183638233683971,0.8480652848559581,1
691,0.6691594899861144,0.8495068213075387,1
692,0.6840340014600429,0.8498838968453455,1
693,0.77355151513734,0.8500366894829963,1
694,0.676692947655648,0.8500869928345626,1
695,0.609189291437164,0.8502105594427702,1
696,0.6637753979422584,0.8503007828044679,1
697,0.767094969185601,0.8507065156346644,1
698,0.7365938977831256,0.8510164406769128,1
699,0.5890546363933149,0.8517588523366985,1
700,0.5051150356101802,0.8519993754572556,1
701,0.4842461800123573,0.8529113492271673,1
702,0.7178228986443913,0.8538119826555653,1
703,0.8076266775145506,0.853814804275826,1
704,0.7194266604602502,0.8545856376933517,1
705,0.48753382149996927,0.8546328765608401,1
706,0.7352664400704284,0.8557553335331248,1
707,0.6447906027254147,0.8562816671546565,1
708,0.7431579536654045,0.856791568362558,1
709,0.581436069300547,0.8568823384583029,1
710,0.4510077841691962,0.8569347250482758,1
711,0.606960341601996,0.8577879806418786,1
712,0.8029861974705522,0.8580579360136458,1
713,0.703517386126266,0.8581844831312397,1
714,0.3756866368533365,0.858257544340846,1
715,0.48069511369018714,0.8593651803819093,1
716,0.7685310562423676,0.8599631723133556,1
717,0.6402288726310988,0.8622985381973183,1
718,0.7640054058874448,0.8626046167618943,1
719,0.6261780293310112,0.8629999203515633,1
720,0.5975504086097506,0.8630077319207515,1
721,0.8074718297487955,0.8637590008209446,1
722,0.683021895452062,0.8643581984898098,1
723,0.5258799996238521,0.8644759337790495,1
724,0.7770064070488719,0.8653014422888007,1
725,0.6206652056276645,0.8656986672294354,1
726,0.7481401526460635,0.8666347830381415,1
727,0.8038049167400053,0.8667965543479694,1
728,0.5477486905084573,0.8670666258538259,1
729,0.816331231320663,0.8671265867617127,1
730,0.7886580576605754,0.8671961509988826,1
731,0.7747754987270196,0.867303735778359,1
732,0.5068679364556496,0.8675031683328935,1
733,0.6981327057043126,0.8685500313805126,1
734,0.480310445892808,0.8687252483685057,1
735,0.6043339613809839,0.8733843868308319,1
736,0.6158610473371687,0.8734506159269271,1
737,0.6505834500934903,0.8742997135103022,1
738,0.7079365188396779,0.8744947640648332,1
739,0.5063537408531446,0.8755218379426167,1
740,0.7161455881616535,0.8757234361035724,1
741,0.6840229484944472,0.87576982216797,1
742,0.8333105189977226,0.8764711932166357,1
743,0.7445206280589304,0.8766352485815423,1
744,0.619052607714124,0.876694257909773,1
745,0.7478379081989598,0.8767568878658227,1
746,0.6588267847898408,0.8769080587028262,1
747,0.6008364907760017,0.8770585662379459,1
748,0.748445842915627,0.8777704608187861,1
749,0.7182462547983893,0.8779704696428702,1
750,0.6832910534436578,0.8783701664565847,1
751,0.8569427085431399,0.878425690157736,1
752,0.7094837328767365,0.87921004378355,1
753,0.8284802639126249,0.8795864712638812,1
754,0.6153809936856995,0.8802130121706251,1
755,0.6417658510555441,0.8808623926030572,1
756,0.6765235860544752,0.8818365001180237,1
757,0.7414280642174804,0.8822488900313905,1
758,0.6814810270896744,0.8831518364470471,1
759,0.429763689926559,0.8832096650026172,1
760,0.8299719524582362,0.8839408534617733,1
761,0.6284987106374353,0.8843746458118878,1
762,0.73746601508525,0.8859213556728773,1
763,0.6331121302797791,0.8859275407662515,1
764,0.6624772052935396,0.8864293917956728,1
765,0.7032702347829627,0.8867480769574339,1
766,0.7514392853361859,0.8870188527692211,1
767,0.887209700959025,0.8872558342256276,1
768,0.6484401298934881,0.8879724608216719,1
769,0.4981807916093376,0.888035304113424,1
770,0.8272079449440275,0.8885623833426692,1
771,0.44913659638943193,0.8894632401307021,1
772,0.7223460598039667,0.8898135138289884,1
773,0.721479507296638,0.8898699945081159,1
774,0.5071756908500008,0.8902755107545953,1
775,0.8273473093326297,0.8908530870334609,1
776,0.3482040080648009,0.8911736038751213,1
777,0.7422675802058204,0.8913701754371922,1
778,0.7481856902518276,0.8921674107865222,1
779,0.49906503477779907,0.8924902663691255,1
780,0.6448600755610389,0.8934399036990581,1
781,0.5806794702746294,0.8939382149301678,1
782,0.6987223170025231,0.8946160489048851,1
783,0.8252812271740778,0.894724397672311,1
784,0.7335681219628435,0.8951736601863627,1
785,0.6942058568956999,0.8951889153415482,1
786,0.688994143882281,0.8954958949168292,1
787,0.8655974525261246,0.8965137261829484,1
788,0.6415361113143491,0.896603999304293,1
789,0.46909592385208443,0.8974851723263493,1
790,0.7175691114023385,0.8976170325545678,1
791,0.7453239560892575,0.898018581316454,1
792,0.7331619747681675,0.8983848312280377,1
793,0.6645503399768281,0.8993036499045928,1
794,0.5916612355847928,0.8994509151466209,1
795,0.4853590421148949,0.8996324305550223,1
796,0.6336632509450004,0.8997591359781295,1
797,0.6627687673228368,0.8998916908271061,1
798,0.5346222654304403,0.9008655982827988,1
799,0.8770226253254918,0.9013718834090902,1
800,0.6838418644364793,0.9014031788120934,1
801,0.7854516051265049,0.9015679422840411,1
802,0.7874236650167333,0.9021832381862532,1
803,0.5633742448964683,0.9028515228434734,1
804,0.8603136946835732,0.9029603220309972,1
805,0.7463280494307916,0.9037291643433434,1
806,0.7222979774680078,0.904590609519127,1
807,0.7220732034728375,0.9050091887169408,1
808,0.4417286235595467,0.9051272512918912,1
809,0.7418671111888226,0.9061721840648131,1
810,0.7250836917507866,0.9061789391621707,1
811,0.7952184764867308,0.9062150048639347,1
812,0.5717367141055479,0.9065235421379786,1
813,0.8766258587506698,0.9073565365002025,1
814,0.547332947411205,0.9080078077435069,1
815,0.782925422141898,0.9082826337462109,1
816,0.7718295222130198,0.908323337696212,1
817,0.6167611993531138,0.909680171833171,1
818,0.6581718476054218,0.9097149607162768,1
819,0.7773478176042405,0.9097918298697818,1
820,0.5915671174750806,0.909853644428522,1
821,0.5674638493020114,0.9099909256494138,1
822,0.5129925415335783,0.9102060438512583,1
823,0.8936192946052057,0.9122580910075125,1
824,0.5693167627230326,0.9124288759060251,1
825,0.5415024073987936,0.9128430601645283,1
826,0.8888807728318003,0.9129061325205106,1
827,0.5805844619652282,0.9132043632215977,1
828,0.9053181140321361,0.9132786168000097,1
829,0.6650674384453575,0.913317973772468,1
830,0.5931664467268444,0.9143505963099039,1
831,0.8090733592696397,0.914451154972482,1
832,0.41840032662606597,0.9155488151636764,1
833,0.8955506230802601,0.9157338233720038,1
834,0.6136955033758161,0.9159419901332873,1
835,0.6120798486344985,0.9160448974991914,1
836,0.5159327006350449,0.9163048238891766,1
837,0.872200866554922,0.9164538292890703,1
838,0.47098699599559046,0.9164717937507716,1
839,0.5619304996264232,0.9167156949628088,1
840,0.6879657152839213,0.9172244782337321,1
841,0.5188125387072587,0.9173586198808812,1
842,0.7792838411624559,0.9175034584193877,1
843,0.5972854131455542,0.9176885295625002,1
844,0.821071205510356,0.9180623869042723,1
845,0.429733352822696,0.919398166910309,1
846,0.6295359041595174,0.91966943098667,1
847,0.7657545156436824,0.9198884349198393,1
848,0.49618920261585897,0.9198931638213058,1
849,0.7822569425781771,0.9202304574906789,1
850,0.5856127462244128,0.9234298811187744,1
851,0.6982986899266399,0.9237314779192769,1
852,0.6062996343323607,0.923964200734834,1
853,0.5592199147356494,0.9240339680782308,1
854,0.5949527984695374,0.9242482370553065,1
855,0.5485657372668229,0.9243926664954153,1
856,0.6686748619842462,0.9244732819429239,1
857,0.5361779829479488,0.9245597251396055,1
858,0.45480289696096,0.9253878093717299,1
859,0.5662808068655255,0.9255370710413261,1
860,0.5332730459803153,0.9264350930925273,1
861,0.6719228249859258,0.9271528822080587,1
862,0.5851959772570108,0.9273695060581381,1
863,0.7424563298004068,0.9278899528814679,1
864,0.6947784882368951,0.9279155481871794,1
865,0.6109804740649614,0.928051218709216,1
866,0.7022329668204079,0.9280566594531936,1
867,0.42463130313467534,0.9286112182402537,1
868,0.5665375195762233,0.9286669123666591,1
869,0.7530480215730195,0.9296312210431813,1
870,0.7594973398343673,0.9312024621801926,1
871,0.5759813582282308,0.9313547461179581,1
872,0.4707586095919186,0.931371476575881,1
873,0.8550957371518213,0.9318916232881091,1
874,0.8675546175097709,0.9329106933493739,1
875,0.7031651682810961,0.9332108799766352,1
876,0.5675868867201702,0.9338748385473874,1
877,0.7436957637219928,0.9358489268704511,1
878,0.7694593309382214,0.9359777481404153,1
879,0.5325890539251839,0.9360848178122687,1
880,0.6808026507253628,0.9363032198251297,1
881,0.529373778218944,0.9364546022716923,1
882,0.6688934918397575,0.9369113308158262,1
883,0.9061780684230871,0.9371542117565894,1
884,0.7625620725232815,0.9375397963906941,1
885,0.621520574268042,0.9375555261789495,1
886,0.6425120895097107,0.9383484053619884,1
887,0.6624772052935396,0.9392505913812934,1
888,0.3686086013789929,0.9392927178369749,1
889,0.4733463304468981,0.9394341967243447,1
890,0.71972425788927,0.9399127797136054,1
891,0.5972854131455542,0.9399394460104434,1
892,0.6839317746032356,0.940213119700426,1
893,0.8997863346984083,0.9402959295441758,1
894,0.6502694540696362,0.9414172089554512,1
895,0.8843457986863118,0.9416460287637218,1
896,0.6938472684755258,0.9418974391591561,1
897,0.5448685593018586,0.9423057557861356,1
898,0.6921394161461689,0.9424235006794259,1
899,0.5950472250784533,0.9426192249050658,1
900,0.6742607048496372,0.9426434958489768,1
901,0.4618151504599125,0.9427097097227576,1
902,0.5500091319677873,0.9432605891027611,1
903,0.6580806846931802,0.9435554123387225,1
904,0.906286326503164,0.9440211947666755,1
905,0.5053417257713319,0.9443355143892153,1
906,0.61472216048745,0.9447266256399669,1
907,0.7340790774498511,0.9451210579639788,1
908,0.5252305127960677,0.9451344412193028,1
909,0.7109228890825872,0.9452267271804843,1
910,0.865483902270912,0.9456188741064953,1
911,0.6891147514123344,0.9456293599156342,1
912,0.5750843166143284,0.9461098303763216,1
913,0.6029289882571167,0.9472301297029203,1
914,0.7339948322260008,0.9473875325794026,1
915,0.909936519093665,0.9476654099188677,1
916,0.6785098961743834,0.948077454216385,1
917,0.7003978554532567,0.9481522889968766,1
918,0.86875742155753,0.9482200634043856,1
919,0.4493959151965905,0.9485602219215284,1
920,0.4389056465201219,0.9495128337469474,1
921,0.5874139177204074,0.9495936187103514,1
922,0.558282304719911,0.9497607353363069,1
923,0.6545712576174,0.9501820247617156,1
924,0.579401674746008,0.9503696196180613,1
925,0.7550026134044205,0.9504493008469492,1
926,0.528346444229064,0.9507999605512804,1
927,0.6561379737142193,0.951279434023794,1
928,0.5962873119265155,0.9515513610972006,1
929,0.6328371485888598,0.9519548252033523,1
930,0.6104043002663843,0.9522716569564963,1
931,0.7421884224744902,0.9525976262740772,1
932,0.6926820698814956,0.9526227025507754,1
933,0.4797443026351198,0.9529055839174267,1
934,0.7114682638693689,0.9529058803420809,1
935,0.8993730159663079,0.953045118695436,1
936,0.6585191532387417,0.9531270937064485,1
937,0.5705309237919282,0.9534696684132362,1
938,0.5434326757085537,0.9536619977728044,1
939,0.8934857004745839,0.9549154149086929,1
940,0.670152337438707,0.9550083890869779,1
941,0.7074844205800777,0.9553254911240445,1
942,0.8496869567944996,0.9559793202594928,1
943,0.5059491072371195,0.9564701866656956,1
944,0.7090560266463619,0.9566816195879413,1
945,0.7730556781141791,0.9568612424293372,1
946,0.5956197867877202,0.9568837846217694,1
947,0.6661390207674445,0.9569455101911839,1
948,0.6072783273544238,0.9574767550015121,1
949,0.9564233559407599,0.9574901188324855,1
950,0.8995711425364392,0.9582218613012008,1
951,0.7339187676616831,0.9582769132291518,1
952,0.7488439970372661,0.9594433549079462,1
953,0.7296607626968107,0.9601250027745709,1
954,0.6420022832575897,0.9606585476768535,1
955,0.5279826354680344,0.9614602853853499,1
956,0.5454303573318011,0.961465535788701,1
957,0.6505005393441945,0.9621335808282571,1
958,0.6239850997076617,0.9624120724433817,1
959,0.9385751921581422,0.9625607825866596,1
960,0.5285176964091249,0.9627687378840698,1
961,0.4104234644514414,0.9639403702115774,1
962,0.7976951102618115,0.9639553484054626,1
963,0.42271522649022597,0.9639555555864775,1
964,0.7445222248203807,0.9640463369531838,1
965,0.60652553896242,0.9641842689002137,1
966,0.5836971748506227,0.9650722907900079,1
967,0.6365392784410592,0.9659586444949587,1
968,0.6922721299269284,0.9659763794649152,1
969,0.5166025235897889,0.9660399303376088,1
970,0.62612667764768,0.9661808313754631,1
971,0.5393872527721751,0.9666037461183777,1
972,0.45480289696096,0.9666267424411874,1
973,0.6267893139678723,0.9671532560901308,1
974,0.6680244233001965,0.9672198393236806,1
975,0.6634778736312164,0.9673039314118272,1
976,0.7001188752364333,0.9680595643183281,1
977,0.6043084232142767,0.968174821580465,1
978,0.5973816935728254,0.968497382065923,1
979,0.5091923361505928,0.9689909089333112,1
980,0.5399512622862715,0.969294054966766,1
981,0.5692535593205316,0.969308735168216,1
982,0.6514358377816569,0.9699346113206101,1
983,0.5846261007887458,0.9711290428362751,1
984,0.6916123734242626,0.9711480053333164,1
985,0.6743839337889128,0.9727530432340338,1
986,0.5574369398319765,0.9728627781674836,1
987,0.5440090352038182,0.9729340163826714,1
988,0.732321881334086,0.973064586155449,1
989,0.767257961551843,0.9731539090909694,1
990,0.8171682185694,0.9733548412948437,1
991,0.6327636427335521,0.9736944275789317,1
992,0.7453239560892575,0.9747629144934112,1
993,0.5668097203392355,0.9749755950753465,1
994,0.7305613358408263,0.9753637733715143,1
995,0.5654300140797462,0.9761204216674063,1
996,0.5388499286152594,0.976124504963586,1
997,0.5942555343400594,0.9761691628002069,1
998,0.8559569707972491,0.9770787398660556,1
999,0.6631596101844193,0.9774938056534513,1
1000,0.6664083252622577,0.9776274810297538,1
1001,0.4951981139456695,0.9780511041921787,1
1002,0.5656762328529712,0.9786518413840838,1
1003,0.6851032626195762,0.9788878411284125,1
1004,0.5100663895919954,0.979384368434085,1
1005,0.5065024118926781,0.9798300445579152,1
1006,0.62612667764768,0.980157332487703,1
1007,0.38322572065709415,0.9803716300195832,1
1008,0.8302248932492726,0.9803930122208396,1
1009,0.5311507738354536,0.9804496740966417,1
1010,0.6392859898752581,0.9805040826782236,1
1011,0.6415230101766393,0.9806342979634003,1
1012,0.5512082470634729,0.9807551680540122,1
1013,0.4932326451662906,0.9808701104870765,1
1014,0.5085476665305935,0.9812297762801987,1
1015,0.5491080875436494,0.9813536265950726,1
1016,0.5677475328718643,0.9829473590644724,1
1017,0.6490530812852147,0.9831316862876665,1
1018,0.5178087337708509,0.9836024419136162,1
1019,0.5062232401953637,0.9847955534652294,1
1020,0.5283374379796251,0.9849709877046937,1
1021,0.5937362795588259,0.9850028294008724,1
1022,0.5677475328718643,0.9850509713594728,1
1023,0.6923117802192776,0.9850830039118403,1
1024,0.6518017965640678,0.9859916381737376,1
1025,0.6304000857312504,0.9863558731801051,1
1026,0.5571909595745489,0.9864694296268652,1
1027,0.5529738391922557,0.9874608894498095,1
1028,0.6664083252622577,0.9874616595797198,1
1029,0.5734312069964904,0.9875785008987316,1
1030,0.5592517055343739,0.9880505608490069,1
1031,0.674235393925981,0.9882172057617424,1
1032,0.5405952438914701,0.9882395408776705,1
1033,0.5073460899045772,0.9887558041455513,1
1034,0.5537273494092315,0.988878620107216,1
1035,0.515815715516848,0.9896008363368197,1
1036,0.5605750968506316,0.9901711393910309,1
1037,0.8977773459197969,0.9901853742106541,1
1038,0.6114580468155352,0.99028152113005,1
1039,0.5434134358314081,0.9912710129767317,1
1040,0.49056720942988785,0.9918322583707773,1
1041,0.8514331721865221,0.9921270773392996,1
1042,0.5277459671696414,0.9924861780961892,1
1043,0.5788428657694933,0.9926203539652214,1
1044,0.4702127686879145,0.9928047658037377,1
1045,0.5560890145975358,0.9928530456600068,1
1046,0.5711295306277956,0.9929242877794131,1
1047,0.4857554196261894,0.9931197119266101,1
1048,0.5381223361400442,0.9938000499646519,1
1049,0.7694052600790919,0.994060167774981,1
1050,0.4970127802604051,0.9940680056531608,1
1051,0.9087672494883077,0.9953160661491617,1
1052,0.5700259784297638,0.9954737355087112,1
1053,0.5022575065504375,0.9956870979498249,1
1054,0.49765508663776603,0.9959887580858563,1
1055,0.4389410593699544,0.9963016843001772,1
1056,0.493391691158947,0.9973639935123376,1
1057,0.5077721635084632,0.9975421533051699,1
1058,0.550691452451181,0.9976347238287373,1
1059,0.5029774697949971,0.9978921288074667,1
1060,0.5089816699636915,0.9979165704085771,1
1061,0.5254408100801481,0.9982913249781182,1
1062,0.5501054959687183,0.9985668854688589,1
1063,0.43610609271035794,0.998631792344587,1
1064,0.5867626298618869,0.9988830611358356,1
1065,0.843993333385752,0.9990072563880357,1
1066,0.5820609014900989,0.9994963061419149,1
1067,0.5150204551576215,0.9996853128243693,1
1068,0.509270917392259,0.9997935706339247,1
1069,0.0004837619599508125,inf,0
1070,0.48780437203605276,inf,1
1071,0.49180382285704416,inf,1
