,Birth,Death,Dimension
0,0.03248496479403684,0.04241026353361643,0
1,0.01055794710128144,0.04307575564178123,0
2,0.04124789131106066,0.044842109501930905,0
3,0.0434579563058195,0.05263106330236267,0
4,0.051311648438545965,0.05284405249068347,0
5,0.01152774118075639,0.06029637396469678,0
6,0.05144107367838979,0.061992777818833944,0
7,0.017758806882888445,0.06714527354640276,0
8,0.06811928658197153,0.07332290539252873,0
9,0.07462332030721353,0.07679520819975794,0
10,0.04258984006700428,0.07828378715483764,0
11,0.07758423135684689,0.07832200911753073,0
12,0.054122205568573056,0.07990653938859837,0
13,0.07614141258316509,0.0829157110627966,0
14,0.0681011769498403,0.08666504579968293,0
15,0.0760733786977178,0.08784930900442722,0
16,0.03657971738050558,0.08803882204491653,0
17,0.08890279774397514,0.08932151808119182,0
18,0.019073060724397295,0.09085573836332306,0
19,0.05937665845507378,0.09236466096209672,0
20,0.07604276791866793,0.09370729704048875,0
21,0.06936780102317597,0.09800644554684623,0
22,0.0634798255010518,0.10179042138651506,0
23,0.038025043473089104,0.101867418043745,0
24,0.07128115752684305,0.10238428942345679,0
25,0.07766325957208142,0.10525345987887713,0
26,0.10426482834928319,0.10715940747977759,0
27,0.03267873779254138,0.11021422311152329,0
28,0.058235627315987304,0.1115903305425221,0
29,0.11182327385588464,0.11454668240356991,0
30,0.030481776046169307,0.11454668240356991,0
31,0.045206304832610344,0.11552424494932456,0
32,0.06884868246655085,0.11719639248405433,0
33,0.09284132799279288,0.11850735941896351,0
34,0.024170614966357196,0.11869570626501147,0
35,0.09953776084235855,0.121152577563572,0
36,0.034658306261806104,0.12182392010120546,0
37,0.055527217588510425,0.12332350416216964,0
38,0.1212368886074644,0.12403929541293501,0
39,0.03149149205974966,0.1246386365370612,0
40,0.01961792381746641,0.1270141075235297,0
41,0.01185941608950869,0.12752074850071793,0
42,0.11755476396405962,0.12768997610381982,0
43,0.12332916351251944,0.1308041525517144,0
44,0.08154493002081753,0.13085449543107808,0
45,0.08007432632915068,0.13404354740743418,0
46,0.0192009335171891,0.13418683509759943,0
47,0.08601535515016612,0.1345650128786774,0
48,0.06427991587587001,0.1349547532779134,0
49,0.009573353427337339,0.13752204110973731,0
50,0.0643600232842566,0.13876773083577243,0
51,0.04125112410937071,0.13876773083577243,0
52,0.06569323984416242,0.1422109000889945,0
53,0.04362169921412529,0.14236259652773453,0
54,0.10767037098913979,0.14250144595201442,0
55,0.11638400587876818,0.14291522707286985,0
56,0.10790742081404003,0.14329465650488693,0
57,0.058626603146920475,0.14464673684461582,0
58,0.08360455669053679,0.14708916101734426,0
59,0.07048030045400233,0.14857005321957106,0
60,0.032826478347645516,0.15008744451408762,0
61,0.04949426821188796,0.15340733287800756,0
62,0.0073088516675619,0.154225061314628,0
63,0.08452836657918827,0.1548028157767236,0
64,0.0182307244405151,0.1576818425573544,0
65,0.1273165372008429,0.15849161280939883,0
66,0.05494784509851258,0.15900086268240043,0
67,0.02130525864660726,0.15900086268240043,0
68,0.022062052465040005,0.16116260667406823,0
69,0.14137942365826506,0.16210885862072866,0
70,0.06756723012110355,0.16280879058495912,0
71,0.10151212348695915,0.1634741599592503,0
72,0.014063040269357563,0.1654945821798791,0
73,0.11080979354903886,0.1661678031860766,0
74,0.11140619949310349,0.16725132558110445,0
75,0.045514386740069246,0.16807244411950595,0
76,0.10071174970925456,0.16847396951163718,0
77,0.1592976661840707,0.16866295580833734,0
78,0.09496168015424655,0.1717450850011638,0
79,0.07540606376378378,0.17247228506188161,0
80,0.04963722641652635,0.17276660205235217,0
81,0.09371278102088698,0.17302178380696087,0
82,0.1453862577545474,0.17439977962920294,0
83,0.1282146253980948,0.17586524168177897,0
84,0.0578350859483,0.17670346326837028,0
85,0.16854735703214074,0.17937685417017146,0
86,0.06815358124211224,0.179397464184198,0
87,0.06451191530561795,0.1802642124623779,0
88,0.029316316539428344,0.1803688440111506,0
89,0.16489921421516007,0.1826414991062899,0
90,0.16003168943115398,0.18283535257126848,0
91,0.17792808768304336,0.18423800217924002,0
92,0.14834684141021326,0.1847280121104069,0
93,0.06770660867265677,0.18509245797170282,0
94,0.15803325153394643,0.18521549098501233,0
95,0.16769082117834144,0.18573118232992936,0
96,0.15173271577925063,0.1870032536779057,0
97,0.057970878507783485,0.187048495355561,0
98,0.07307394571746262,0.1884991234025476,0
99,0.17722941258067115,0.18935174407596655,0
100,0.1856870627567887,0.18977820307452786,0
101,0.15548075668776373,0.19068945301122153,0
102,0.0238913939708274,0.19091999628065603,0
103,0.15136629454358852,0.19121164445693917,0
104,0.02157579578836255,0.19172896794351513,0
105,0.1456710059769789,0.1932512280875116,0
106,0.12059138215534004,0.19419903945178318,0
107,0.058017216582640585,0.19457622490900095,0
108,0.09948783953514362,0.1950185955944248,0
109,0.154359932107904,0.19554054137978627,0
110,0.07569751441531924,0.19555236613344096,0
111,0.05871758594077581,0.19582790785034487,0
112,0.15132586523223657,0.19660700748670767,0
113,0.042987856656724666,0.19702464220075577,0
114,0.1235336644626498,0.19715510573990702,0
115,0.18419673621214916,0.19748512998632595,0
116,0.19653210665886467,0.19780390253952773,0
117,0.0956524557925964,0.19788014812400478,0
118,0.06513722989920356,0.19818016652973203,0
119,0.029690668132124842,0.19818016652973203,0
120,0.1840568442875541,0.19836590496466455,0
121,0.16226361314199145,0.19879178543180687,0
122,0.08696344293135272,0.20101837636132214,0
123,0.06539482523265361,0.20119083440723295,0
124,0.16430583956926526,0.20120517408598837,0
125,0.056260378956455304,0.2022338803068192,0
126,0.15426486688986485,0.20237534513473632,0
127,0.14696831731503845,0.20373363242583575,0
128,0.1472572998694449,0.20380807702513093,0
129,0.10966136804671522,0.20380807702513093,0
130,0.08349438672974097,0.20597162854229178,0
131,0.15939350066659574,0.20810614243652936,0
132,0.16840075067247462,0.20884416478808154,0
133,0.18343960476238996,0.20956344969454932,0
134,0.15897860794156937,0.2098873428450897,0
135,0.03897490432936168,0.20989007690880934,0
136,0.0898967958340009,0.2110884589718669,0
137,0.08118488480173824,0.2116162921046899,0
138,0.038387364700168236,0.21175029784593835,0
139,0.06160842973417624,0.21175269080734804,0
140,0.18139318414048666,0.2119867326676187,0
141,0.09394838338609035,0.2119867326676187,0
142,0.09708155669624052,0.21240511661540695,0
143,0.10986545231790068,0.21353418725409146,0
144,0.19900883726841367,0.21405604643855358,0
145,0.15577773178969645,0.2147420457851864,0
146,0.21071567491681487,0.2152034456214219,0
147,0.15991570833401725,0.21521203864081329,0
148,0.10890518624903756,0.2152272256449762,0
149,0.16523073346620776,0.21562250773816882,0
150,0.07459210094313606,0.21581092706065874,0
151,0.20095974060470245,0.2158929893577446,0
152,0.04666712420993724,0.21682814068262046,0
153,0.05815201935186132,0.21700033312795386,0
154,0.03405455525570966,0.2170058760735475,0
155,0.009375252183517091,0.21749034489335595,0
156,0.07813353140681156,0.21840263064067955,0
157,0.157903701274289,0.21840786910407417,0
158,0.04156927826282242,0.21894677977585408,0
159,0.12180467289538344,0.21918748182487213,0
160,0.05491895055425877,0.21924487622363975,0
161,0.05404325682535538,0.22039206275685375,0
162,0.1773517671515784,0.22057873832167374,0
163,0.026595775983560777,0.2222337232598448,0
164,0.17808351676908485,0.22254077165083952,0
165,0.15560572170745623,0.22254077165083952,0
166,0.17725475510490574,0.22358931217309985,0
167,0.21661944572279312,0.22358931217309985,0
168,0.05144487709605228,0.22396001088302753,0
169,0.21938756653745128,0.2240831643957656,0
170,0.20630857747097697,0.2240831643957656,0
171,0.11908352430153857,0.22538781710615208,0
172,0.09882499410799128,0.22546449392655787,0
173,0.13125484694330825,0.22575358550619473,0
174,0.13589729479346846,0.2265907047223784,0
175,0.2090912061236725,0.22757037948932946,0
176,0.13156227727178538,0.22857850920476386,0
177,0.05775985573975162,0.22996845980272185,0
178,0.19896281079658662,0.23018691619013687,0
179,0.11702227654827146,0.2325412804742324,0
180,0.1652781452687856,0.2325412804742324,0
181,0.1551258656184925,0.232554479316324,0
182,0.18138344968158648,0.2345618974960424,0
183,0.13894739989072136,0.23508491326500736,0
184,0.10905275369076395,0.23513720485942613,0
185,0.017179459279121012,0.23610841886828338,0
186,0.1740508893019167,0.23673026618000748,0
187,0.1939513795434944,0.23700504741897876,0
188,0.007069716141062776,0.23760920604725766,0
189,0.14631121016150583,0.2377747720911465,0
190,0.1613401499534738,0.2377875658031685,0
191,0.0782090866416919,0.2377875658031685,0
192,0.03411713535648686,0.23901423469955385,0
193,0.21122439429277617,0.23917588114902788,0
194,0.08052444381710322,0.2392246963257656,0
195,0.08906825990130862,0.23946265123043897,0
196,0.05342327564785787,0.24002218645915718,0
197,0.10580142302417095,0.2401282882432555,0
198,0.04125579226103526,0.24086568396508423,0
199,0.1169484216509985,0.24178749225411278,0
200,0.19495568049462575,0.24201672111918582,0
201,0.08137492839414129,0.2428500148839916,0
202,0.06300038566287447,0.24299033348113297,0
203,0.1723225368881337,0.24301443543045542,0
204,0.058576637643758755,0.24352437900634072,0
205,0.054655258998108636,0.24352437900634072,0
206,0.20469916958452405,0.24380953195364807,0
207,0.20157593205659474,0.24441004719242454,0
208,0.02584332959490543,0.2451537489213611,0
209,0.10207789610889262,0.24577928118561654,0
210,0.09107585695556397,0.24625115040221746,0
211,0.10614231750317094,0.24684485774405152,0
212,0.061826123522980336,0.24760241917474224,0
213,0.011371340042663602,0.24767045544732724,0
214,0.0787058704730298,0.24883058705490657,0
215,0.023259313475257448,0.24887060716891396,0
216,0.18406465070403621,0.24932824339344795,0
217,0.025859691782931682,0.24940261148867082,0
218,0.09032604773429265,0.24956423590766075,0
219,0.09717921665890972,0.24997359272824826,0
220,0.1621098226345803,0.2509386272276837,0
221,0.19084036198493626,0.2520997365437412,0
222,0.05255395841502852,0.2523484961251453,0
223,0.05207145638437627,0.25282744813794045,0
224,0.17056453805238236,0.2530890571794765,0
225,0.16630679559941242,0.25375305998765774,0
226,0.1896544739970102,0.25381574778444693,0
227,0.01895886189933005,0.2540769207642585,0
228,0.06418387249327706,0.25446894241956974,0
229,0.19127062822496543,0.2563262649437812,0
230,0.22509082495081334,0.256993455550493,0
231,0.031751524388128005,0.2573187243474213,0
232,0.04867522376879041,0.2573187243474213,0
233,0.15251201609955722,0.2581299555181056,0
234,0.03797372365401641,0.25827455002287725,0
235,0.05540353650034591,0.25836288605305,0
236,0.13453717180357483,0.2586122577363372,0
237,0.033499403102814185,0.25893066302777523,0
238,0.12330636571516418,0.25940073228567795,0
239,0.06864409533087923,0.259654720198619,0
240,0.0991202506550719,0.2603631623388577,0
241,0.19938582037419628,0.26065036934795394,0
242,0.1942774080330777,0.26068374273226336,0
243,0.041260175427578094,0.26101125448916995,0
244,0.25134690395971704,0.2615680077764634,0
245,0.10673005739161101,0.2620387901201072,0
246,0.07513677639081162,0.2620387901201072,0
247,0.06830338470394703,0.26258139709133077,0
248,0.14863942485214054,0.2628974555408099,0
249,0.024197510576199344,0.263076167057239,0
250,0.07914599318455018,0.2633039425386421,0
251,0.022127134763296974,0.263471788103402,0
252,0.05729987971428907,0.2642319750038369,0
253,0.038625795689186004,0.2642319750038369,0
254,0.014913717230683354,0.2646558937648944,0
255,0.10410689215230107,0.26526426269914405,0
256,0.13722731876701366,0.26526426269914405,0
257,0.22158264720137977,0.26648010718108617,0
258,0.025062246221665307,0.26698186707512606,0
259,0.1991116319752303,0.2683654794936343,0
260,0.2318768960908424,0.26914595789125284,0
261,0.041032915077384824,0.2692192046706635,0
262,0.18125240518575048,0.2694033999939631,0
263,0.026445750509413446,0.2696884471855938,0
264,0.26045107477355944,0.27016534058396646,0
265,0.25131907320739866,0.27030325524694776,0
266,0.10593855891088422,0.27056581321458906,0
267,0.04387930246623106,0.27132160933756644,0
268,0.11169005128080889,0.27264442739189787,0
269,0.013897092138798306,0.273377664281123,0
270,0.15953232851216703,0.2740934049484931,0
271,0.09276034107205111,0.2749843687000121,0
272,0.19325245520761403,0.2751563077288074,0
273,0.10414800009747394,0.27526238968105066,0
274,0.08250491471677435,0.2756417696312842,0
275,0.08734865847753848,0.2761358434156983,0
276,0.11089789175070452,0.27655266436172443,0
277,0.25779711341630884,0.2774522630666011,0
278,0.16877799364759083,0.2780730144301864,0
279,0.2614174717400277,0.27825856780080893,0
280,0.13679875787205953,0.2783373571968205,0
281,0.27341903596757555,0.2784104404835893,0
282,0.26720545550821906,0.27928190359740024,0
283,0.06020441110153951,0.2793141001170417,0
284,0.11722543855928513,0.2793716175080362,0
285,0.02345463715066798,0.2813304305875107,0
286,0.005245700910314843,0.2813854478756532,0
287,0.01603461825552699,0.28148460273189824,0
288,0.1550250572645503,0.281653145597509,0
289,0.06623780851059369,0.28256676436844097,0
290,0.1614555259029854,0.2827358237232789,0
291,0.048436756621180965,0.2833103340703298,0
292,0.155561098940855,0.283967271894071,0
293,0.22082846596714822,0.2843294731057421,0
294,0.06028641320341932,0.2843730583524857,0
295,0.10748777746333393,0.28468561812095683,0
296,0.0909974687664884,0.28495714887278967,0
297,0.02277954454408615,0.2855688304573114,0
298,0.04989970814735978,0.28650789094134654,0
299,0.04798738629585131,0.28678720662651547,0
300,0.0883592910072678,0.28709667114818727,0
301,0.24387031722911123,0.2876959437146309,0
302,0.09556481746474244,0.28874927001008655,0
303,0.0677508983638685,0.28897312116357676,0
304,0.2638720978704665,0.28897837241794877,0
305,0.07242207671227019,0.289169042751216,0
306,0.28711504760828543,0.28938782504401883,0
307,0.2002052987128239,0.2894020672426487,0
308,0.11706575531015329,0.2898837193966364,0
309,0.11491735705992934,0.29002478775866136,0
310,0.035624617009821224,0.29142836562047836,0
311,0.030226048843153275,0.2914310501883538,0
312,0.04703418041937013,0.29263729124233184,0
313,0.06641081517822289,0.293696225317034,0
314,0.25285729509414445,0.2939305530829083,0
315,0.12146382723921634,0.29414385146131605,0
316,0.2337466065796162,0.29481840402171444,0
317,0.060202091828839066,0.29512774174590495,0
318,0.07754638131881342,0.2952644922565698,0
319,0.14103121524871753,0.29643513972057556,0
320,0.1439463303019496,0.2972897838029548,0
321,0.0197529093193195,0.29820677892503655,0
322,0.0378165093754641,0.29836861470584963,0
323,0.22163516367341174,0.29845060397951273,0
324,0.20743252446860871,0.2987614991894023,0
325,0.04919656951637108,0.299590178271643,0
326,0.07164306602909865,0.2996642253778661,0
327,0.0778496397307743,0.29989526638521913,0
328,0.1984009674258438,0.30003283571332817,0
329,0.1010282483798286,0.3002630912164558,0
330,0.13326273868413796,0.3005218224356868,0
331,0.1329225214856603,0.30132583489399445,0
332,0.17440763263945214,0.3016206295040261,0
333,0.19433753286007616,0.30203790885512827,0
334,0.03522089017185792,0.30208640290833133,0
335,0.029058835599583333,0.302131780917242,0
336,0.07403707069584975,0.30231720068817114,0
337,0.049021892388853794,0.3029159703688611,0
338,0.21295987545962636,0.303483242395419,0
339,0.24856358889820396,0.3037420201721871,0
340,0.1258932431465617,0.3037781746053553,0
341,0.30160204892100007,0.3040692225421173,0
342,0.11605088128902874,0.30465277249327916,0
343,0.09132061837330507,0.3049760114694141,0
344,0.01797823914592478,0.3050403677264789,0
345,0.07086396258217253,0.30550785465853014,0
346,0.08636083990322518,0.30553324650197844,0
347,0.14129729410116698,0.30648709407980534,0
348,0.2460821664997468,0.3065119353651059,0
349,0.3060040379477472,0.3065491250911949,0
350,0.0707871518996196,0.306919119615636,0
351,0.23479826563949557,0.3069221229582023,0
352,0.04289626178800421,0.3075148227482689,0
353,0.23000784383882122,0.30773932007344607,0
354,0.21317965206469447,0.30773932007344607,0
355,0.03945302483867974,0.30783910666112835,0
356,0.13163957563294637,0.30793841437927827,0
357,0.12100615615671684,0.30891963117860255,0
358,0.10981201274989505,0.3091105807969047,0
359,0.15067086412309705,0.31139761596736437,0
360,0.09188744908254454,0.3117139270276601,0
361,0.13092913361423997,0.3117496380390583,0
362,0.05958145526769432,0.3117984177241615,0
363,0.1434091300285084,0.3124537749463697,0
364,0.14306876339785324,0.31275296783474116,0
365,0.013209657481250359,0.31298780606432897,0
366,0.019122098279276245,0.3131184329982817,0
367,0.11848748333305903,0.31333773649025276,0
368,0.07476030546774959,0.3136663756841902,0
369,0.23841149664932748,0.3144158835204329,0
370,0.02873815001299118,0.314536478913499,0
371,0.20373621891228877,0.3149917064192129,0
372,0.017532615561980047,0.3156907743873699,0
373,0.024076530888381686,0.3157671770281474,0
374,0.1475016466199628,0.3163088491398254,0
375,0.11459323970848301,0.31640647049101056,0
376,0.15833679608985618,0.31707892975814533,0
377,0.04838465040207485,0.3174350813419343,0
378,0.1189908376317328,0.3177932484142565,0
379,0.24052098566616897,0.31783017625067334,0
380,0.13310678177672997,0.31851564446785663,0
381,0.23486887379873012,0.32010636240257695,0
382,0.028955721690422487,0.32011622281500507,0
383,0.2784160844985252,0.3208582366784436,0
384,0.1077009841542198,0.3210465386464908,0
385,0.0676408961590712,0.3213901381455925,0
386,0.12187758925209069,0.3214833318590722,0
387,0.020832203943518368,0.32191926361557976,0
388,0.09829278880463432,0.3226869153693058,0
389,0.035878997354830466,0.3227604870260252,0
390,0.10701303731193446,0.322831598844757,0
391,0.010682470241605069,0.32292673446968734,0
392,0.012690738770867793,0.3238984254458859,0
393,0.02416796363617879,0.32444498463266747,0
394,0.14318926329597403,0.3245134735606219,0
395,0.04868084608224421,0.32462661665536185,0
396,0.20192563191711477,0.32493931151441346,0
397,0.19192338425163002,0.3249643395174324,0
398,0.18983653656304278,0.3251403244146698,0
399,0.030140042133381062,0.32525400531531634,0
400,0.02000764494000551,0.325339001419778,0
401,0.27037505492029634,0.32576210255564875,0
402,0.08272370341433599,0.3260636393903892,0
403,0.03570641676726616,0.3260703121390953,0
404,0.019914515124658805,0.326885570683477,0
405,0.18797875305406586,0.32774784940905444,0
406,0.05984293612808411,0.3288672433463321,0
407,0.11708207533997173,0.3289948300300922,0
408,0.031779821234993566,0.32941814453500373,0
409,0.24661723815015835,0.3296238106133268,0
410,0.05111422161636636,0.32983067615063166,0
411,0.16901064559124845,0.33024395043400756,0
412,0.024904892754694208,0.33043645165600277,0
413,0.09748997809289861,0.33056917963260235,0
414,0.28972906563901957,0.33093212961316965,0
415,0.3283331408680449,0.33142550443969,0
416,0.09405738348318948,0.33154593293812007,0
417,0.3004675127501032,0.33216113385659884,0
418,0.20344662654029932,0.33220631407363777,0
419,0.13261521663497777,0.3323740501088286,0
420,0.1467356279679416,0.3325125174564778,0
421,0.029461354842682863,0.33299714845100725,0
422,0.0974444222130052,0.33302258321642564,0
423,0.12303888826199338,0.33313225384580514,0
424,0.0793035681609533,0.33358126333103777,0
425,0.12498712167644244,0.3341403715314487,0
426,0.10016860436920783,0.3341443946110433,0
427,0.31775615957417525,0.334155989808088,0
428,0.08572478106688564,0.3343487325758987,0
429,0.1010306719316083,0.33467145350261784,0
430,0.12233231047833071,0.3349232318090507,0
431,0.3027501159804541,0.336430092875891,0
432,0.010569945503600575,0.33647608387942995,0
433,0.18420601372953127,0.33707356818809764,0
434,0.10081496964607228,0.33730468636583644,0
435,0.2535503619057061,0.33735294723991427,0
436,0.20723689013438218,0.33807415614082326,0
437,0.020191188293607887,0.33953123929446893,0
438,0.2534927002778731,0.33955135400553005,0
439,0.13049229420681263,0.3399955356439097,0
440,0.3269143715037316,0.34021372083515644,0
441,0.09180744261878626,0.34038529524666983,0
442,0.04361536987941672,0.34041214183497814,0
443,0.03402518436815616,0.34048080741347775,0
444,0.08527930702939668,0.34085845555397076,0
445,0.23520089555444235,0.3411072565336424,0
446,0.1333949727994017,0.3411508159968606,0
447,0.17612164675613395,0.3413077214990564,0
448,0.07894078845124608,0.341903922991742,0
449,0.3079467547437692,0.3422490939179703,0
450,0.06640676903224463,0.34231734664575764,0
451,0.021482270769081158,0.34257899242605605,0
452,0.21321155614166276,0.34259807378407325,0
453,0.20181387073669266,0.34259807378407325,0
454,0.24692238541950895,0.34287671577831214,0
455,0.06815682703488612,0.3428820404974253,0
456,0.07945397960783496,0.34325999913239935,0
457,0.17792079034635655,0.34353198462652657,0
458,0.07571414842660218,0.34457212710334095,0
459,0.01793195298609307,0.34511081999571547,0
460,0.04865624561914761,0.3452256470323759,0
461,0.13618377308938123,0.34559057147886785,0
462,0.02173169355774429,0.3455915221222883,0
463,0.21440716429753504,0.34664878486578665,0
464,0.08752389263374594,0.34714999466641594,0
465,0.3108869078394235,0.3472354248979266,0
466,0.24292642888681915,0.3472843939315615,0
467,0.13541547228223594,0.34740441957343837,0
468,0.1332850558033104,0.34755612888104914,0
469,0.05878766626174303,0.34760360300886683,0
470,0.25618639063618587,0.34785192112415086,0
471,0.2668444604969541,0.3479709722913913,0
472,0.22167093054632137,0.3480613977919377,0
473,0.17408824823431912,0.34858911884517374,0
474,0.014833451688461174,0.3489994097744814,0
475,0.172540453055672,0.34908164615278114,0
476,0.16398587830399847,0.3492581259889558,0
477,0.0254940066611401,0.3493630399116804,0
478,0.1767559353064836,0.3495102743157875,0
479,0.1364381255394519,0.3495329630063877,0
480,0.02969747406104839,0.34972051085635414,0
481,0.026023475731932644,0.34972051085635414,0
482,0.19354927144361067,0.34979980451034487,0
483,0.2540422255277328,0.34983556775159197,0
484,0.03198111941998538,0.34983556775159197,0
485,0.03392844692763308,0.3500144675059288,0
486,0.016875945066678777,0.35089595898283077,0
487,0.10804399581753643,0.3509287109016018,0
488,0.038420240990086896,0.3514259394232533,0
489,0.09856664549545202,0.35167787811717033,0
490,0.012952652768859263,0.35179060148941066,0
491,0.012196929609948892,0.3522968074453433,0
492,0.19657876824799336,0.35234707629112905,0
493,0.04792165273385751,0.35332306942055025,0
494,0.08786246947056253,0.354091295174087,0
495,0.14430033389454422,0.3542511074769087,0
496,0.3420704537312682,0.3542920776935632,1
497,0.03023436191242146,0.3544067461378819,0
498,0.3070080157512056,0.3551935464172147,0
499,0.03346672279695084,0.35565298033295545,0
500,0.019503661684368123,0.3560005700424317,0
501,0.019362171601791767,0.356644110932097,0
502,0.24617878559895967,0.35666953865166473,0
503,0.1904388511983066,0.35687678316354565,0
504,0.13375846139611958,0.3568981032580417,0
505,0.023099748912359774,0.3570296850673954,0
506,0.011327216019955788,0.3576773109134913,0
507,0.2458220887026059,0.35774707358761815,0
508,0.0655956833077389,0.3579142140819338,0
509,0.029596539100711805,0.3579142140819338,0
510,0.034869785412832255,0.3583740168151991,0
511,0.09966149680002656,0.35877969402624577,0
512,0.22511180376075368,0.359954554382257,0
513,0.1267886582655946,0.36002916168400767,0
514,0.3359017654419596,0.3601655584096114,0
515,0.13103433960808863,0.360869492378336,0
516,0.012170974723382355,0.3609526663146678,0
517,0.1423170823858062,0.36102154390396124,0
518,0.10121888364437093,0.3611274971533923,0
519,0.021623261407435757,0.361129669057902,0
520,0.2062109053274095,0.3615577313295879,0
521,0.05683657554952304,0.3618667044001581,0
522,0.1877073652163589,0.36222056472079445,0
523,0.19369612632804167,0.36283774850704054,0
524,0.08987942918138425,0.3628503627699353,0
525,0.03343105247477607,0.3633274064464542,0
526,0.002769629959720521,0.36382863423255696,0
527,0.19797152775702664,0.36388318808822306,0
528,0.23717973959882,0.36402640120337215,0
529,0.024345789495144654,0.3645793586665923,0
530,0.05955484858664328,0.36491791739448565,0
531,0.15900725078738775,0.3656447278580657,0
532,0.04493517797304092,0.36574729009899587,0
533,0.06398483468979876,0.36574729009899587,0
534,0.09618630592431054,0.36575742205130735,0
535,0.17731211582234085,0.36615154266215777,0
536,0.009822786861950372,0.3662194997954257,0
537,0.2163833214472285,0.3672568930030794,0
538,0.015015294732763307,0.3691288132580296,0
539,0.3474355022747706,0.3693492207050342,0
540,0.03511461723858189,0.3695077650960047,0
541,0.14409726934250644,0.36956945148165277,0
542,0.23226369577121042,0.3702298109585388,0
543,0.14884224979631488,0.3703852138741621,0
544,0.07392209853803466,0.37086627670898176,0
545,0.0003095909559183152,0.3711419224221564,0
546,0.08285190846014079,0.37152595218972484,0
547,0.23372975781578065,0.37165304118371645,0
548,0.06773795571226093,0.37186030904248457,0
549,0.3623495678101455,0.37210378467636374,0
550,0.0293143471522751,0.3723845590002828,0
551,0.1131662406880779,0.3725549689988725,0
552,0.19342592096441646,0.37275693995800596,0
553,0.013760797858213603,0.37348834702737355,0
554,0.021237335655855616,0.3743869260012189,0
555,0.31731423981473517,0.3744987909355153,0
556,0.3037948873695171,0.3745554871766812,0
557,0.06631308382737056,0.37457267138216765,0
558,0.022656009784240427,0.3748669231953379,0
559,0.14981123423077392,0.3752089486260065,0
560,0.021857420478416212,0.37557188835221944,0
561,0.24420834847960626,0.3758534356016108,0
562,0.11641584033938268,0.3760101835858639,0
563,0.014485221249441627,0.3765734314106076,0
564,0.04260874454791941,0.3769787960297529,0
565,0.13064948106759433,0.3770393040085359,0
566,0.0854548634958614,0.3774949630233787,0
567,0.13344817633301187,0.3778380734833626,0
568,0.08691150246147583,0.3778405257483306,0
569,0.1179258455551302,0.3778549541493983,0
570,0.03531198198176999,0.37806047576093227,0
571,0.0215590521467085,0.3783889024687854,0
572,0.29374763041328567,0.37880285171339034,0
573,0.038719480773925063,0.37904544157795583,0
574,0.05326851307006708,0.37909744525454203,0
575,0.09952664976691694,0.37932451361820596,0
576,0.013153677011846998,0.3796304121718427,0
577,0.022434883870050326,0.38034943218281425,0
578,0.017326293941241855,0.3805161658389369,0
579,0.13719316498560363,0.3806583252139141,0
580,0.05841650566580092,0.3806583252139141,0
581,0.31483699985459757,0.38068006302885327,0
582,0.03550378988259306,0.3810521204357573,0
583,0.059578860221984,0.38106438982818125,0
584,0.03050098915639765,0.3810924353372229,0
585,0.17919630938935238,0.38163060363582224,0
586,0.037367749516692306,0.3822577796166826,0
587,0.15259058577380813,0.38282879510094214,0
588,0.0282763683962719,0.382942653118849,0
589,0.01088783678356553,0.3834196159540453,0
590,0.011352025808713084,0.38357509881903795,0
591,0.34797977070950536,0.38420880495430276,0
592,0.31800861865156727,0.38439709163158264,0
593,0.0832254237139306,0.38457770180073925,0
594,0.21104202585138787,0.38461054921393256,0
595,0.26691793208171044,0.3847138829073167,0
596,0.10631293154099342,0.38561452804670293,0
597,0.06313298593813477,0.38637477350076177,0
598,0.026678663208979936,0.386791664101799,0
599,0.05190206280318965,0.3871787552529723,0
600,0.021227330421296542,0.3875795576870663,0
601,0.35116368246493,0.3876378136387658,0
602,0.22999707899038668,0.3876378136387658,0
603,0.1702863906598835,0.3877549585006935,0
604,0.31481524584766285,0.38821492911532307,0
605,0.3571708435033121,0.3883625871853378,0
606,0.16656168464194687,0.3887724065316126,0
607,0.26601035636521964,0.38895509784786875,0
608,0.022394531532511475,0.3900774301684772,0
609,0.022684388510900932,0.3905664217707998,0
610,0.03965820834733169,0.3910192288021094,0
611,0.024459991880064202,0.3911674369404844,0
612,0.10956927403796657,0.3913770590826615,0
613,0.1449934986603617,0.39168486201694575,0
614,0.08078475806777863,0.3921455869637087,0
615,0.34502249290696774,0.39222555981738627,0
616,0.003947473440692129,0.39230812355362055,0
617,0.019607870473511646,0.39231601953629325,0
618,0.38561452804670293,0.3930105435187192,1
619,0.039284431694159516,0.393177646660993,0
620,0.34820881664998615,0.393177646660993,0
621,0.037516390496843854,0.3936033963031602,0
622,0.0412909438727721,0.39373093113461377,0
623,0.27386675972026053,0.39373093113461377,0
624,0.3922705939889055,0.39464162495380406,0
625,0.03991573519245328,0.395366508419042,0
626,0.06101901467906068,0.3953784767352915,0
627,0.07220235275507902,0.3957659107750966,0
628,0.009830500049778035,0.39591804935432606,0
629,0.36666536658023663,0.3959837582506711,0
630,0.009877848088315488,0.39613107452382545,0
631,0.03921043126112789,0.39621299219586126,0
632,0.3907588828321542,0.3967626492232289,0
633,0.20869275191819225,0.3975275683463382,0
634,0.027780826212084664,0.39803355616463476,0
635,0.03851650348355773,0.39807800505798585,0
636,0.2930789326181007,0.39807800505798585,0
637,0.06270438224020691,0.398124537556775,0
638,0.009845647839155092,0.3983292824849508,0
639,0.0950088076159149,0.39861614625332353,0
640,0.18317194043061358,0.3998125993002878,0
641,0.03434781033575118,0.4000166813319559,0
642,0.029914767046285706,0.40012516083299443,0
643,0.3350735331880299,0.4009270407019655,0
644,0.06435867602323209,0.4015893853901451,0
645,0.17389614949417476,0.40263332129492424,0
646,0.17716665738262427,0.40287809179726575,0
647,0.19558378784496122,0.40322464404654934,0
648,0.3489743037172006,0.4043380192595467,0
649,0.07934924688982303,0.40550102538771704,0
650,0.21610709860577115,0.4056004774312827,0
651,0.18256058622868843,0.40573835876659425,0
652,0.20045543981359148,0.4059247448511061,0
653,0.16462758725274718,0.40599338274168617,0
654,0.3962525067920841,0.40612651233080665,0
655,0.2647219848191016,0.4066739669992261,0
656,0.22786072594351614,0.4066799502656909,0
657,0.05507686298788994,0.40705562042755483,0
658,0.22692719978697307,0.40705562042755483,0
659,0.14006815342246504,0.4072607749953543,0
660,0.06520719189103807,0.40735406918967243,0
661,0.045859454901068464,0.4075364213562811,0
662,0.027630113523343658,0.40762718226132266,0
663,0.06972480287534144,0.4093889030708142,0
664,0.022737547045666218,0.4096891671397309,0
665,0.39208119091495885,0.4099811659233572,0
666,0.25296281421043243,0.41020290715008656,0
667,0.35385004823340915,0.4104492020619005,0
668,0.013500241174343786,0.4104492020619005,0
669,0.4002304573444606,0.4108176233037386,0
670,0.10166827518319221,0.41155624321568796,0
671,0.05201433239086395,0.4118211305741094,0
672,0.03578559079829202,0.41205866849989425,0
673,0.2620364505123616,0.4121517141654615,0
674,0.09254517294867015,0.412856831984862,0
675,0.1749539839751052,0.41293243076758934,0
676,0.13903729846284918,0.41295584984317857,0
677,0.04345344883620972,0.4130638984472814,0
678,0.020141062579549507,0.41389852965754614,0
679,0.025317942205101196,0.4144908823005963,0
680,0.1452634564006502,0.41450708999543384,0
681,0.009799432290854226,0.4149127018445733,0
682,0.3043382581298,0.4151890243177968,0
683,0.15391237886830245,0.4153776758340769,0
684,0.08755633339828595,0.41546228003484054,0
685,0.32368264358299703,0.4155071531316914,0
686,0.20908552252974877,0.4155521628486468,0
687,0.026392137747720534,0.41637550444534766,0
688,0.021086610801983263,0.41645394793482093,0
689,0.062022159654336884,0.4166467723071199,0
690,0.32926334527050205,0.4166681319196448,0
691,0.03995121906287902,0.41717105984856806,0
692,0.3656274513274519,0.41758578947657177,0
693,0.4050363147329473,0.41769206030306605,0
694,0.026944032101182014,0.4177013965972711,0
695,0.03820915371477762,0.418030606122787,0
696,0.07792904157199321,0.4181809354599664,0
697,0.31724354321273573,0.4190992142737483,0
698,0.08421781815901863,0.4192717477556025,0
699,0.28727903787419473,0.41934867399219256,0
700,0.16500336889421074,0.41938692675167644,0
701,0.06764464224981981,0.41984609761297953,0
702,0.14380974118951007,0.42017442036470964,0
703,0.14746102332246824,0.42029774877832915,0
704,0.047168269121660056,0.42062387835274895,0
705,0.26935852976593966,0.42115330686384267,0
706,0.3712875785006675,0.42115330686384267,0
707,0.03285449038897481,0.42117312291299414,0
708,0.1263682876373421,0.421224107908593,0
709,0.1452971621228042,0.42125668457227994,0
710,0.17534359109832498,0.4222827775011445,0
711,0.09163054303564744,0.42255928302918444,0
712,0.33350275750810177,0.42274909581026787,0
713,0.03096327287666467,0.4228159170083038,0
714,0.09796402373909696,0.4229501149307039,0
715,0.2984810872973894,0.423429762461653,0
716,0.20198123752481578,0.42383570312140706,0
717,0.03279200743214061,0.42403476348976177,0
718,0.03922614003445779,0.424195018294102,0
719,0.02594708590820005,0.42426330895276787,0
720,0.17615945890583717,0.42471450452008774,1
721,0.10300816619680453,0.4247823694567031,0
722,0.12883292769112864,0.4248832995891242,0
723,0.01972713414089944,0.42489155282146573,0
724,0.07870671727205836,0.4249474955313446,0
725,0.3343907407682436,0.42525082384025203,0
726,0.08237782139916461,0.4256234200865787,0
727,0.24425891750221518,0.4261618875577119,0
728,0.10688657471304952,0.42651128078286416,0
729,0.08491894441824899,0.4270819882173226,0
730,0.29425718802388423,0.42749749181681795,0
731,0.004798103182822588,0.42773302680026515,0
732,0.03424927587495752,0.4283061942534102,0
733,0.3533750943187093,0.42889929421688033,0
734,0.08411215496330215,0.42900212401109183,0
735,0.16688521799258438,0.4297790721264243,0
736,0.06341668092900898,0.43000148088338785,0
737,0.020227011356670932,0.43000148088338785,0
738,0.014019683746255507,0.43032053576059737,0
739,0.06446425575767034,0.4304111285578456,0
740,0.17676230961467332,0.43062481638509953,0
741,0.39223486274932795,0.4309192738048485,0
742,0.025338424764539402,0.4320247641006495,0
743,0.011360183058978013,0.4320728970383816,0
744,0.05352832357838022,0.4321352848078115,0
745,0.05467604723101305,0.43274918420974695,0
746,0.026422014653823434,0.43374414436302744,0
747,0.28159807054254005,0.4338015893372139,0
748,0.0051044918052844945,0.43475506815079057,0
749,0.08030539114768442,0.4349094980485577,0
750,0.007628892699989787,0.43541534856851827,0
751,0.014560564417805733,0.43566632955563744,0
752,0.05997121428430252,0.43573661400658903,0
753,0.355092222295708,0.4361814719912095,0
754,0.0012791898150040781,0.43637412556904,0
755,0.1777273821471006,0.43648926436526503,0
756,0.041030421217170265,0.4364952839615108,0
757,0.06972318202599581,0.436590098840402,0
758,0.016620388606326197,0.43665207516916316,0
759,0.19329891689626044,0.43672021795052196,0
760,0.3773774505163491,0.437856249869096,0
761,0.33097061460886035,0.4378852001687308,0
762,0.09826517784398947,0.43810476792375663,0
763,0.1168021849713462,0.43872570083616336,0
764,0.011433278441376649,0.4389665467237718,0
765,0.01622625270423894,0.43913665298399296,0
766,0.007603423640050289,0.4396047416451182,0
767,0.021591544795396156,0.4400390637293782,0
768,0.4143171874810242,0.44107186555359057,0
769,0.00846246279096996,0.4412385310471655,0
770,0.21122416115805365,0.4418837765059045,0
771,0.19843410225555747,0.44188731140516746,0
772,0.012794177885065317,0.44241659188377747,0
773,0.0067657357395289885,0.44252431404688863,0
774,0.06332745997696942,0.4426993885524253,0
775,0.005678464538831474,0.4429756488791815,0
776,0.10651111960481618,0.443032655350012,0
777,0.3999868149487783,0.4430373869743175,0
778,0.21205091084215077,0.44357118792090333,0
779,0.197338508323315,0.44390582787118116,0
780,0.02522356755151456,0.4449620886288781,0
781,0.23493323834556878,0.4453503202424275,0
782,0.10028444475760556,0.4454995911915439,0
783,0.0929160878835994,0.44553875891527195,0
784,0.36321359707083045,0.445557421771689,0
785,0.1554939132226817,0.44590135305920653,0
786,0.4398032021896756,0.44640611119069895,0
787,0.07680502588918536,0.4465337171010063,0
788,0.03484044865650071,0.4468427178141219,0
789,0.05337025827803299,0.4469498868509796,0
790,0.17330166970633942,0.4474630201975207,0
791,0.10303067154776635,0.4475263655451567,0
792,0.30119901775941893,0.44794229832351473,0
793,0.05104280636016645,0.4481719304550147,0
794,0.028227262925648033,0.44889716440067706,0
795,0.02709180511977216,0.4489714380184153,0
796,0.07028277826077745,0.44950820032900307,0
797,0.04506295615900835,0.44979618799081833,0
798,0.02696414503961253,0.44995160740266915,0
799,0.004732084257729641,0.4504173117739866,0
800,0.1054052292079628,0.45171524768921056,0
801,0.0021377101257565867,0.45175349809463783,0
802,0.07101623193128392,0.4517799727782684,0
803,0.16244651736250149,0.45202891642818976,0
804,0.1598466618508272,0.4520502666245936,0
805,0.016035581270372412,0.4520957931686931,0
806,0.05544974104303879,0.4522125334973002,0
807,0.13869126742712823,0.4526294321980576,0
808,0.02196178483338873,0.45338058622932376,0
809,0.009721134510974228,0.453632621577973,0
810,0.06455155187435946,0.4541934536233202,0
811,0.005089510262464181,0.4541934536233202,0
812,0.27573246975730403,0.4545124513259774,0
813,0.3234217739325408,0.45464365277674246,0
814,0.44484201543223945,0.45483546266222086,0
815,0.11846778228425714,0.4549578592180752,0
816,0.023766231802468396,0.455228221831281,0
817,0.020101212208043284,0.455546270753729,0
818,0.16057012780154634,0.455550616581623,0
819,0.2029743888350921,0.45644872955676985,0
820,0.005389345420435787,0.4571747814414301,0
821,0.019764234732368102,0.45765989334919044,0
822,0.0010635369679097284,0.4576940404809935,0
823,0.03595446188293849,0.4578273699068942,0
824,0.1583773123968526,0.4581607452268618,0
825,0.14453405943274023,0.4583680957805616,0
826,0.010376611778805223,0.4583715848723786,0
827,0.005671297230329775,0.4589962193281203,0
828,0.004793815948704427,0.4591727283421785,0
829,0.008573960101179612,0.4593604640345931,0
830,0.06294572268813059,0.45940582234356964,0
831,0.0348617921437554,0.4601370697852465,0
832,0.014730222646623492,0.4618489103030038,0
833,0.4609944325391583,0.46196991659332864,1
834,0.2143844073179283,0.46212220909896584,0
835,0.2321148280449855,0.4627618496101984,0
836,0.4354507113571163,0.4627882405469682,0
837,0.2601737170832378,0.4629765858586482,0
838,0.06824709752546243,0.4633592950661577,0
839,0.0014091732854873973,0.46371311726783104,0
840,0.3717466630084898,0.4640081145353232,0
841,0.016957159453072412,0.4640081145353232,0
842,0.39116133256951824,0.4640256898783307,0
843,0.014211091199044179,0.4645275630208273,0
844,0.07753424482532167,0.46496110382626354,0
845,0.1359034785857356,0.46501821874695715,0
846,0.11933294753463242,0.4651080218296061,0
847,0.029314128417107455,0.46514425652530544,0
848,0.08775783202018905,0.4653029159478387,0
849,0.3282358545985038,0.46559569672300893,0
850,0.4343596141604392,0.46592907379049964,0
851,0.16041213047805236,0.466240498534254,0
852,0.003538146252889618,0.4664493751789355,0
853,0.12691081232699353,0.4670087197507564,0
854,0.20656856460995998,0.46768733706834165,0
855,0.12125012674363644,0.46785900236917,0
856,0.07892640735187018,0.468283996548139,0
857,0.1562065461565757,0.4684505915898034,0
858,0.3434286079575223,0.46877460791306436,0
859,0.17641300560946305,0.4688473052403951,0
860,0.3358225142121566,0.4689051251605906,0
861,0.11818805925009379,0.4689546253255211,0
862,0.11639610206280637,0.46904806977194424,0
863,0.017647617875562904,0.4692452498536168,0
864,0.010277759786505136,0.46950504200824583,0
865,0.006368768304838013,0.4695100722548272,0
866,0.08370788946155083,0.4695100722548272,0
867,0.09086166694069675,0.46985889563667116,0
868,0.30106079345287307,0.47008796792946683,0
869,0.006892745862744687,0.4703261101220537,0
870,0.0962057696497658,0.4707954808403575,0
871,0.28000708570470634,0.47129071065346473,0
872,0.41490504669544814,0.4715121412628459,0
873,0.0050783042529012334,0.471628325857409,0
874,0.07422733190404762,0.4719969153686674,0
875,0.0030776093553789297,0.4726728462292036,0
876,0.03784678169220135,0.47309591845527976,0
877,0.009853849853586727,0.47313877938401794,0
878,0.04271342676099521,0.47324338173163893,0
879,0.11591975633507878,0.4735416274522801,0
880,0.32292355646602033,0.47411195155575825,0
881,0.05817823948848977,0.47415514150843485,0
882,0.06068961870339307,0.4741679952303359,0
883,0.00855243627287039,0.4743359272179427,0
884,0.022442046020554773,0.4744685594187089,0
885,0.438101448285929,0.4745124026916304,0
886,0.055633200077145895,0.4745124026916304,0
887,0.03897596631222233,0.47459587274461124,0
888,0.01258505743810534,0.47466452687541527,0
889,0.02051591919732776,0.47483631601370613,0
890,0.001475035402580871,0.47569983411699734,0
891,0.041794085866631914,0.4769188497147475,0
892,0.02225924488632247,0.4779935962106959,0
893,0.10416456055709,0.47919294448520333,0
894,0.224254230759248,0.47934746910743276,0
895,0.011819154425976697,0.47936395973020285,0
896,0.2756196788563492,0.4795251037200504,0
897,0.2727257733786075,0.4798890957582216,0
898,0.007412374215197581,0.47998759177226646,0
899,0.04959900311968968,0.4800640630218621,0
900,0.005977258636095106,0.4810006112665288,0
901,0.012519449034448349,0.48131772278946994,0
902,0.004399952770911653,0.48309562001329875,0
903,0.03789083215349587,0.483185687246787,0
904,0.023543213370319505,0.4839258955728274,0
905,0.16314581251715554,0.48420220911557765,0
906,0.11228514748869689,0.48478006692675324,0
907,0.004524176195643381,0.48478006692675324,0
908,0.10110754418316914,0.48520301655378106,0
909,0.22318102547528418,0.48546055594700466,0
910,0.0011142222963896886,0.4861077385883813,0
911,0.051507719007235275,0.486245195222906,0
912,0.0011939670690346293,0.4862732227942139,0
913,0.2609422984613031,0.4870089925882518,0
914,0.0015702319684017807,0.48832891199110084,0
915,0.15815304754866044,0.48842660706646224,0
916,0.008012328742752817,0.48869515882600933,0
917,0.32491165485119644,0.49007245868728355,1
918,0.19960858821103122,0.4904299616010569,0
919,0.14994092444244578,0.49069018280848964,0
920,0.009713551344490923,0.49069018280848964,0
921,0.15751224479359038,0.49079952067390487,0
922,0.33608928642475866,0.4912655833227565,0
923,0.12255057188606766,0.4917548481789489,0
924,0.26474006213728807,0.4920793378849784,0
925,0.040819406075265796,0.4921368513436689,0
926,0.48800976794556505,0.4922933192714266,0
927,0.023558754972594964,0.4929879647629375,0
928,0.01540771378515926,0.49342540773458277,0
929,0.02258259120008721,0.4934950026340025,0
930,0.34159368077402574,0.49442978592668907,0
931,0.026030139061593016,0.494528147010983,0
932,0.4585898683934937,0.49500290011489434,1
933,0.0648758225979974,0.4953898753802173,0
934,0.4076322124172541,0.49615471994942406,0
935,0.4904686396321877,0.49697650285205175,0
936,0.002657126871460469,0.4977164274491388,0
937,0.015926999722633894,0.4977420297565529,0
938,0.07681414907509143,0.49777022700543794,0
939,0.009956114538923533,0.4991847205183977,0
940,0.006685558416883675,0.4992331990242641,0
941,0.41897863927372125,0.49943605585676265,0
942,0.2946120077270691,0.49950223612857236,0
943,0.33119190173084,0.4999336979966016,0
944,0.17348049077425176,0.5006621311855036,0
945,0.03269788568911014,0.5018162810523163,0
946,0.1968214430194224,0.502476408350851,0
947,0.08318173729738321,0.5037773446864602,0
948,0.13458690260082729,0.5042660746323776,0
949,0.41939612624642264,0.5051033624356276,0
950,0.0026081264253418057,0.5058447698432946,0
951,0.002287845483817441,0.5059201719782068,0
952,0.029979917338841866,0.5065330251279239,0
953,0.5057337178258172,0.5068036383707052,0
954,0.1107357996676791,0.5068242443819876,0
955,0.02171889817389261,0.507076441040459,0
956,0.33068633073557596,0.507303374895452,0
957,0.38821238991466755,0.507348759266317,1
958,0.384691618556823,0.5093280673319187,1
959,0.11292049889245925,0.5103453758915248,0
960,0.01265466945604099,0.5104280383425464,0
961,0.07724685942709142,0.5108991891124398,0
962,0.22635995793652386,0.5109350661832146,0
963,0.08513078385097872,0.5111096159007883,0
964,0.09702243544588074,0.5111864169862026,0
965,0.45464562780065365,0.5116334575232995,0
966,0.20912969033195405,0.5121644568178341,0
967,0.030836839166275998,0.5128792428856899,0
968,0.16309731797148797,0.5129171573968666,0
969,0.18295019549787617,0.5132393950006978,0
970,0.4180976788695894,0.5136750771962902,1
971,0.10145952767568478,0.5137939109119624,0
972,0.3287315618410863,0.5138010898669009,0
973,0.3245134735606219,0.5153458756734928,1
974,0.0037284184008472554,0.5186856977369807,0
975,0.1509701153347216,0.5195831723046828,0
976,0.0012803065794391166,0.5196529010085886,0
977,0.36652268248076825,0.5197804065860399,1
978,0.02255676860372824,0.5198209392143291,0
979,0.12007605674735722,0.5198431356663841,0
980,0.16656193369748673,0.520066170672856,0
981,0.01776391099413266,0.5200873437199565,0
982,0.31482234215756355,0.5207741357787833,0
983,0.00868383624289526,0.5210733617271252,0
984,0.09976670965331114,0.5212403049553923,0
985,0.0016144120542239682,0.5215038682273443,0
986,0.09296343151944009,0.52260157008323,0
987,0.013319474508221019,0.5226021935807231,0
988,0.5031325130996003,0.5236312461179677,1
989,0.41479405813479064,0.5236552056304633,1
990,0.24703183678845608,0.5239508084084565,0
991,0.0011116088151619241,0.5249041414688989,0
992,0.013440796469531668,0.5253228692324788,0
993,0.20945935085279133,0.5254031620365216,0
994,0.49722853922740684,0.5257452971321965,0
995,0.13010762873421,0.5270801950744594,0
996,0.453296503426858,0.5273200833752263,1
997,0.28180545797904877,0.5275218918672586,0
998,0.40552188200572736,0.527666397423336,0
999,0.12194656023880113,0.5277790229573721,0
1000,0.1381614447958064,0.5281798406608404,0
1001,0.10516797381937193,0.5282768551820093,0
1002,0.13943143550733827,0.5286126690068732,0
1003,0.12088941861235114,0.5293266724304214,0
1004,0.01445886067388824,0.5297187542476625,0
1005,0.39801802734123304,0.5309617555354593,0
1006,0.1788841552877729,0.5318540988659066,0
1007,0.32157200089476623,0.5324403993517166,0
1008,0.4977377937200891,0.5327884758166315,0
1009,0.04238122183592519,0.5335995483096172,0
1010,0.17530234656458865,0.5340990542197016,0
1011,0.09933268228612335,0.5342233802770009,0
1012,0.10913524160960242,0.5355805792736388,0
1013,0.5322600138550306,0.5357407886393021,1
1014,0.5193663082836013,0.5358678853795005,1
1015,0.31034032975510073,0.5364117125362102,0
1016,0.027976834496933445,0.5377297745056502,0
1017,0.5017091429977196,0.5379172875470125,0
1018,0.02538514212658738,0.5384366258432506,0
1019,0.4521593861573272,0.542166215005408,1
1020,0.4254980371755329,0.5423986410502077,1
1021,0.003264444349855844,0.5454882561149166,0
1022,0.3940557561551431,0.5455309580505047,0
1023,0.5442076558460531,0.5459189190486042,0
1024,0.12369120930470878,0.5459189190486042,0
1025,0.28897312116357676,0.5463105933438899,1
1026,0.00975578686559464,0.546874409375778,0
1027,0.04578108162672856,0.5469419463508222,0
1028,0.28623089046924977,0.5475295388687512,0
1029,0.3969555991678543,0.5475622505844729,0
1030,0.05271059684006407,0.5485005443782258,0
1031,0.40829227745968655,0.5489071058658014,0
1032,0.2389363950101019,0.551154842151934,0
1033,0.0481756805138609,0.5532222498237033,0
1034,0.058854622864146444,0.553492519166596,0
1035,0.5511670396860894,0.5541491697748218,0
1036,0.20887348641728454,0.5542307185706136,0
1037,0.029596244962629692,0.5558785705677223,0
1038,0.11425756768680595,0.5562507488921937,0
1039,0.05277087263200919,0.556388983439102,0
1040,0.008938878501543401,0.5568875990758896,0
1041,0.08849875745630509,0.5569679009095646,0
1042,0.04493088893323827,0.5579481438891083,0
1043,0.45915491173048173,0.5590059783412922,0
1044,0.5352828817944485,0.5609463849219436,1
1045,0.29577183607977875,0.5610352830681911,0
1046,0.1657753300500393,0.56323276222107,0
1047,0.1654804701823368,0.5641456692050855,0
1048,0.03428272666373722,0.5643230117934088,0
1049,0.016671193027138487,0.5650621350370864,0
1050,0.059525474128234834,0.5651543816572504,0
1051,0.007183548904115877,0.5659621992517554,0
1052,0.028860153944221145,0.566643453734951,0
1053,0.19568252737231695,0.5680519671530099,0
1054,0.4296466459445957,0.568085336835969,0
1055,0.03712024096599553,0.570176133902578,0
1056,0.5245500614439081,0.5705925168841753,1
1057,0.007644817114794256,0.5707750338573625,0
1058,0.023476421621758226,0.5707900961391653,0
1059,0.4562490146126428,0.5724093560842314,1
1060,0.0930968760006955,0.5725445988159633,0
1061,0.38749233120116666,0.5725445988159633,0
1062,0.05612462849461575,0.5732079336849072,0
1063,0.2841256144714167,0.5737981846936602,0
1064,0.538178532030831,0.5759728746602918,1
1065,0.3085200354742975,0.576600168925499,0
1066,0.2878085651963219,0.576600168925499,0
1067,0.5709273968478629,0.5767775501835551,1
1068,0.03755273760693667,0.577426128553758,0
1069,0.5399340043177928,0.5776832959615783,1
1070,0.551593968442311,0.5782459035578026,1
1071,0.5491689563901307,0.5798826509921539,0
1072,0.39942454557100826,0.5801507143420744,0
1073,0.44992211939707516,0.5808835303377755,0
1074,0.31576007666059147,0.5814927697220468,0
1075,0.14001990597780511,0.5819509742148105,0
1076,0.12979316213125847,0.5845629099363628,0
1077,0.3250611653763299,0.5855907680658885,0
1078,0.44599124320922,0.5865303228628255,0
1079,0.06456762787738235,0.5865303228628255,0
1080,0.24127049874861428,0.5880221495105896,0
1081,0.023142259704447055,0.5885171033724027,0
1082,0.5356044096369607,0.5889527843781077,1
1083,0.4654535417986615,0.5895493519390722,0
1084,0.5475417532472254,0.5939595662588364,1
1085,0.36813313866455666,0.5942201016650507,0
1086,0.446790982443831,0.5987933515065,1
1087,0.537090979210971,0.5992173356486964,0
1088,0.5982558098248479,0.5996837745631469,1
1089,0.369387845912045,0.6007477184330362,0
1090,0.14427389305287353,0.6007680896372096,0
1091,0.02989237500514841,0.6012047061668331,0
1092,0.5172962687657696,0.6030634563036635,1
1093,0.5851448912832307,0.603943182132691,1
1094,0.4918033638666768,0.6046939299927707,1
1095,0.45009964227885124,0.6050676588141252,1
1096,0.458880817059768,0.6071262439724436,1
1097,0.10619696287676028,0.6108026438848101,0
1098,0.37820525881833744,0.6123733435592439,0
1099,0.611628773107136,0.6133018234510054,1
1100,0.5564969081318046,0.6138600656204377,0
1101,0.49979858881823347,0.6141719957290559,0
1102,0.2558547515864227,0.6146620255902516,0
1103,0.23578477550245935,0.6157480757205804,0
1104,0.6090004877045577,0.6166062719505963,1
1105,0.5808018521183235,0.6168954083509676,1
1106,0.35960325335316146,0.6197438627000683,0
1107,0.5480873503278902,0.6222662297749619,1
1108,0.3607711336881215,0.6246797701356226,1
1109,0.46506910606733454,0.6249472606772335,0
1110,0.41136151674294175,0.625178654637858,0
1111,0.5598993174406025,0.6252397899620928,1
1112,0.17451025273663534,0.6260192604285651,0
1113,0.5322600138550306,0.6263381543364818,1
1114,0.12313045678644718,0.6264428215856395,0
1115,0.02485190887178146,0.6284615283273148,0
1116,0.26167341273195577,0.6286790580974924,0
1117,0.6000770092936596,0.6288819321117157,1
1118,0.35450665841898077,0.6291031034280002,1
1119,0.5664905794813054,0.629309628959241,1
1120,0.1835833090573783,0.633349501308207,0
1121,0.02085481635595776,0.633349501308207,0
1122,0.5759673887749974,0.6335250970592932,1
1123,0.34664363684928645,0.6339226616085186,1
1124,0.570201366014682,0.6360517890817224,1
1125,0.6287148144994623,0.6360787332382803,1
1126,0.2897308417711524,0.6381922565497874,0
1127,0.41277759782604817,0.6388801007829654,1
1128,0.6174921363264165,0.6395426689768214,1
1129,0.5310156258231418,0.6465816894499875,0
1130,0.3630846450990223,0.6478358204809617,0
1131,0.0824131250962834,0.6480487191563422,0
1132,0.45338058622932376,0.6482048807801569,1
1133,0.3506528161281204,0.6487849671959396,0
1134,0.3131184329982817,0.6494980311148795,1
1135,0.5808325996062904,0.6498686158794784,1
1136,0.1004375876143836,0.6507626287810684,0
1137,0.5570448703030122,0.6509690106622812,1
1138,0.5803047594644062,0.6512256657358175,1
1139,0.10674980880598328,0.6530797634558236,0
1140,0.3671966095407214,0.6540778378654168,0
1141,0.5532837436450286,0.6545898069440673,1
1142,0.11719735949206167,0.6547931605010653,0
1143,0.6235691728456496,0.6569003006155092,0
1144,0.00495027900048306,0.6573894498046279,0
1145,0.13679055810356167,0.659003122648935,0
1146,0.5078375735797479,0.6640190015241103,1
1147,0.04668580177112891,0.6645635273169763,0
1148,0.48978043325556786,0.664779694004642,1
1149,0.09883907358480892,0.6650167553066458,0
1150,0.6273071862684177,0.6656593653544045,1
1151,0.6650422654868455,0.6665448861743626,1
1152,0.643686743189011,0.6671613078472066,1
1153,0.6679072991784224,0.6696585456804044,1
1154,0.6112335182181915,0.6713357659799931,1
1155,0.4091491068537305,0.6717974227401431,0
1156,0.005935182579580256,0.6733069260131841,0
1157,0.6233598369809651,0.6733473641774358,1
1158,0.22942411267587304,0.6734012424403789,0
1159,0.5163727940470306,0.6738025603606852,1
1160,0.6447083254165914,0.6743879898322374,1
1161,0.14561525587399904,0.6761361175264741,0
1162,0.5486518623195931,0.6775794638832732,1
1163,0.5738945649988623,0.6783342999554095,1
1164,0.33313684482519823,0.6795634527147606,1
1165,0.6350893233211413,0.6801986967887768,1
1166,0.13080148290446025,0.6802483834145789,0
1167,0.0042092798161793565,0.6851764682896423,0
1168,0.6645121883647273,0.6853220660683668,1
1169,0.6155639219487189,0.6866378408483441,1
1170,0.4763281545115019,0.6877789646266391,1
1171,0.6263555509842693,0.6878622958169011,1
1172,0.677786558754969,0.6904733155300286,0
1173,0.6618407726099296,0.690494625680878,1
1174,0.6887538910609378,0.690947326619196,1
1175,0.6021721754883749,0.694851068771827,1
1176,0.46107314412985734,0.6956687005242376,1
1177,0.6261269356926145,0.6973075639975771,1
1178,0.5387850819944922,0.6980083051033354,1
1179,0.08566958319545115,0.699668820558779,0
1180,0.657167213431703,0.6996742602126355,1
1181,0.6599798055678406,0.7017137420720311,1
1182,0.5694418851628069,0.7039445401765813,1
1183,0.5448290733140795,0.7057748872502041,1
1184,0.5270801950744594,0.7062054637661602,1
1185,0.27234954974188297,0.7084255551586462,0
1186,0.671736649985587,0.7089890638667007,1
1187,0.5306346803733588,0.7103604686032468,1
1188,0.5940035568926394,0.7115819195710865,1
1189,0.5592386144569472,0.7126824109035602,1
1190,0.5500303040580842,0.7128070759875325,1
1191,0.6989747701608181,0.7128118349206348,0
1192,0.6090372697692058,0.715969223488507,1
1193,0.6297194480114985,0.7167141809102038,1
1194,0.6933284844812864,0.7193232356608011,1
1195,0.6698945086681303,0.7201059790429959,1
1196,0.631549727463618,0.7233785884078655,1
1197,0.7169034441036778,0.7235593434253833,1
1198,0.6131722808402499,0.7237843650667342,1
1199,0.35826233949702324,0.7246488344150723,1
1200,0.6530559165468341,0.7251043356570298,1
1201,0.6316226707093998,0.72661845054784,1
1202,0.6550145901133082,0.7271352451781739,1
1203,0.6446666149180925,0.7272105292630445,1
1204,0.4389665467237718,0.7278338869993249,1
1205,0.5392412421168172,0.7283264677270267,1
1206,0.6618062980293858,0.7293266162335461,1
1207,0.65556240171358,0.7313029612864187,1
1208,0.6156076034545673,0.7326954419818551,1
1209,0.5973007769183739,0.7331849887685165,1
1210,0.40735406918967243,0.7334784106225178,1
1211,0.6771763431620924,0.7334823631824464,1
1212,0.6334511931276754,0.734381533224,1
1213,0.026977337845702665,0.735338340429719,0
1214,0.5608483949592376,0.736857507837823,0
1215,0.7241868212016915,0.7372395233697496,1
1216,0.7101815678397502,0.7383027854291556,1
1217,0.7373603296107646,0.7390854382364547,1
1218,0.5391742304403275,0.7400688250003445,1
1219,0.56090028111297,0.7401656112343412,1
1220,0.5895829382504367,0.7415832449620406,1
1221,0.7183886812515637,0.7416548815288441,1
1222,0.6421640384063927,0.7426810127672402,1
1223,0.6664607112936762,0.7426816944157733,1
1224,0.6343310630359588,0.7431676221828412,1
1225,0.697578412381497,0.743207833438809,1
1226,0.6972179115995263,0.7436868369108641,1
1227,0.6097136567649373,0.7438357042562178,1
1228,0.7119709911266613,0.7449974715266007,1
1229,0.6104573443494454,0.7454603823925006,1
1230,0.42377325692546364,0.7463966344939794,1
1231,0.5578734449499493,0.7485650999315406,1
1232,0.7225019611038108,0.7490514045686508,1
1233,0.7244772564725841,0.75042269302392,1
1234,0.45838234013356716,0.7505889809532178,1
1235,0.7115467878567728,0.7507429808745457,1
1236,0.7361784121125206,0.7509754886819221,1
1237,0.7484748065405455,0.7512529362609602,1
1238,0.6397641731028096,0.7542221245760562,1
1239,0.47690910002605336,0.7548751222816174,1
1240,0.634307475026601,0.755084785823911,1
1241,0.6329208878016512,0.7551252957310601,1
1242,0.6737857789041531,0.7559853631014067,1
1243,0.5460596939554214,0.7569709967514405,1
1244,0.3987068245580552,0.7571547104711424,1
1245,0.7241617343187339,0.7571611586535121,1
1246,0.6684480457480783,0.7577325322360788,1
1247,0.6928491680120132,0.758162302810407,1
1248,0.6318860488848145,0.7594352223767509,1
1249,0.7042527205787634,0.7604768509857068,1
1250,0.7132541989038813,0.7608599685898765,1
1251,0.6048877258506205,0.7612405210415377,1
1252,0.7022719644614696,0.761869362132189,1
1253,0.448902683793729,0.762866947006482,1
1254,0.44302283700252565,0.7637174470562165,1
1255,0.5521347079418891,0.7638845930924476,1
1256,0.5950177464928587,0.764280722378381,1
1257,0.6771763431620924,0.7653119405485116,1
1258,0.7295777049768153,0.7666123616820839,1
1259,0.7471125499956646,0.7687223702720246,1
1260,0.683687083876984,0.7693863045900831,1
1261,0.5208477565126732,0.7699121758622799,1
1262,0.6294156013583145,0.7700798177814469,1
1263,0.7315406808093236,0.7701157872623353,1
1264,0.7495909040523917,0.7709564510337062,1
1265,0.7263526273849908,0.7720686649061761,1
1266,0.7500425217192079,0.7737102090902931,1
1267,0.6615274187907253,0.7737825783870051,1
1268,0.7698508344088801,0.7752475321975946,1
1269,0.6401658197165138,0.775258992426001,1
1270,0.6795252015275733,0.7759830754269385,1
1271,0.7420862280771373,0.7774740456586738,1
1272,0.5882683279129912,0.7777751308839187,1
1273,0.6851929887044513,0.7779046045795784,1
1274,0.7550143680666381,0.7782514037988175,1
1275,0.7697642068240897,0.7787251024312235,1
1276,0.5711445924877037,0.7792825950066945,1
1277,0.48832891199110084,0.7792956106720953,1
1278,0.43941022408030805,0.7817489200422276,1
1279,0.621269868016586,0.7822665737207891,1
1280,0.7056413503338657,0.7826465226680871,1
1281,0.6679404116256177,0.7835320395572234,1
1282,0.7697702586989102,0.7837960857678486,1
1283,0.769474419455224,0.7839466310888699,1
1284,0.6003621692426189,0.7843492963637114,1
1285,0.7644227244275472,0.7844850921040152,1
1286,0.780348962628424,0.7849555749527517,1
1287,0.5365808883415766,0.7856794508878702,1
1288,0.7018167092798284,0.7858486047584009,1
1289,0.4971606594551825,0.7863235901023263,1
1290,0.6525737762548004,0.7864711981364323,1
1291,0.768048582944026,0.7864719368693808,1
1292,0.5604616363244064,0.7873190341412116,1
1293,0.5322964429977095,0.7879958906584659,1
1294,0.7390755904386003,0.7886349485869651,1
1295,0.6055919670445125,0.789890898177903,0
1296,0.6737857789041531,0.7903466690499288,1
1297,0.7501223331093722,0.7907505683122794,1
1298,0.6365293106570545,0.7908346378640213,1
1299,0.7333890451896132,0.7912591315313604,1
1300,0.6132624711281371,0.791667167763037,1
1301,0.7618764000767342,0.7918631758739246,1
1302,0.7268128693341211,0.7923489810451565,1
1303,0.5846471762201674,0.7925876043834466,1
1304,0.7877221242645582,0.7926008593896392,1
1305,0.7655977784575546,0.7929581271610288,1
1306,0.7503087345292462,0.7937483434513745,1
1307,0.763283454064766,0.7937807755229813,1
1308,0.7325588438396257,0.7940471247067655,1
1309,0.404371647061316,0.794523576113004,1
1310,0.7199824582613209,0.7950695946435837,1
1311,0.632017754229897,0.7958905607387514,1
1312,0.7645775380813792,0.7961736446501673,1
1313,0.7506367761466883,0.7964016084869632,1
1314,0.47009710650242387,0.7972818181488313,1
1315,0.6806650495488152,0.7976117294678656,1
1316,0.7200573717921623,0.7978294041448275,1
1317,0.5771953655743779,0.7982374374894515,1
1318,0.6257850330567816,0.7988422645751889,1
1319,0.4036483856159856,0.799360389985071,1
1320,0.7570962180770878,0.7996808212250642,1
1321,0.7843552514555002,0.7998457444456106,1
1322,0.7532564517953538,0.800291698256771,1
1323,0.7713423023753565,0.8004862838721154,1
1324,0.5926522178945817,0.8035543253699079,1
1325,0.6250018883933228,0.8052176751153487,1
1326,0.6831071821404723,0.8053544885720972,1
1327,0.7428176443029058,0.8056590676416758,1
1328,0.730661468264528,0.806898288437016,1
1329,0.6991206644701671,0.8080812701961766,1
1330,0.5448158065118855,0.8081765046450273,1
1331,0.4308731474757459,0.8082840661840917,1
1332,0.7751454688359017,0.8084960332822905,1
1333,0.6173467848573749,0.8085520466012549,1
1334,0.533939706747317,0.8088740688745909,1
1335,0.5162386005066083,0.810354760460097,1
1336,0.556211548187199,0.8109557674004476,1
1337,0.5123703913856558,0.8112239484328028,1
1338,0.7920262082792584,0.811861368339268,1
1339,0.6975368954398281,0.8123951620518389,1
1340,0.630645336664067,0.8127926996048612,1
1341,0.6922194278747354,0.813126439963978,1
1342,0.8102479822811233,0.8143488743220899,1
1343,0.6724139022135834,0.8145748999636016,1
1344,0.7055105936109975,0.8146680728925277,1
1345,0.6949809713592185,0.8152433772501702,1
1346,0.597404945302792,0.8154384543481037,1
1347,0.6110206750032257,0.8158546083185839,1
1348,0.663621315156241,0.8164373019537084,1
1349,0.7796965799915847,0.8172955908229641,1
1350,0.4881518133712551,0.8182036572614718,1
1351,0.6251136185546566,0.8183797516009352,1
1352,0.7174657969987188,0.8189931850718133,1
1353,0.6571125226737621,0.8193454128420146,1
1354,0.6249283644728152,0.8193899725633548,1
1355,0.420684254465186,0.820119386468542,1
1356,0.5335241873379,0.8211115335551413,1
1357,0.6093659006673662,0.8213634493374731,1
1358,0.43396004593359794,0.8217009921484784,1
1359,0.7716516087785066,0.8221221541349466,1
1360,0.8137960256664957,0.8223234076286988,1
1361,0.7534987931821848,0.8231803415840728,1
1362,0.8105560603124083,0.8238319880824355,1
1363,0.7896721587853313,0.8240583303723039,1
1364,0.4144908823005963,0.8244495082099094,1
1365,0.6070623380721972,0.8255146063289254,1
1366,0.5855091937686436,0.8257792597200002,1
1367,0.6700981188768709,0.8258639632482049,1
1368,0.817262413745748,0.8259573972149954,1
1369,0.7655040483705924,0.8261859155499384,1
1370,0.7264974184561626,0.8272930070193194,1
1371,0.4436960834681931,0.8274906048872629,1
1372,0.7112423451708046,0.8275886607962337,1
1373,0.7699318761537512,0.8284813105221293,1
1374,0.777734095273057,0.8290102562150716,1
1375,0.7353420346931392,0.8291643959969691,1
1376,0.6062585620150053,0.8292631813509896,1
1377,0.738854369039474,0.8310263638016371,1
1378,0.7545341069678577,0.8312115775168015,1
1379,0.7694670761775443,0.8312639077683479,1
1380,0.8201129751347954,0.8312917297406427,1
1381,0.44939299252970744,0.8315372184841628,1
1382,0.6733958350190162,0.8315391405260832,1
1383,0.6268215858450378,0.8315881699754144,1
1384,0.7221646273997657,0.8317056266533293,1
1385,0.5589983610404596,0.8322159392751628,1
1386,0.671956236573943,0.832429856416946,1
1387,0.5581465859121533,0.83423340411366,1
1388,0.6189869002589701,0.8342633325330278,1
1389,0.6777695562352654,0.8343379981810211,1
1390,0.6752380493626079,0.8344313300060613,1
1391,0.6425258173258536,0.8348687722740609,1
1392,0.6050704557426357,0.8357682913848563,1
1393,0.619249135810465,0.8364884725084463,1
1394,0.7466827819609653,0.8367794560281562,1
1395,0.46141079783848327,0.8377402521308025,1
1396,0.45146280207161815,0.8390048369338333,1
1397,0.7489246999830503,0.8392201491616884,1
1398,0.6847971728400906,0.8399680599172198,1
1399,0.557810960712482,0.8400065689905252,1
1400,0.6818942612605196,0.8409265087035582,1
1401,0.6480985659965749,0.8414240593214151,1
1402,0.7750313807936671,0.8418366132865267,1
1403,0.5588508131252062,0.8418993576614295,1
1404,0.7022719644614696,0.8420401712742456,1
1405,0.7068575757675742,0.8434069685355432,1
1406,0.8080889612421026,0.8435879562825102,1
1407,0.46126625618177,0.8436035109926404,1
1408,0.5621352123220015,0.8436395509174397,1
1409,0.777734095273057,0.8438032915820242,1
1410,0.6170440246646546,0.846571227947124,1
1411,0.761812603719022,0.84735483483451,1
1412,0.6900864314280503,0.8479412928773339,1
1413,0.4531872043384969,0.8480052296096257,1
1414,0.7460004186300974,0.8486161717438446,1
1415,0.6093534269262176,0.8491381747829421,1
1416,0.8306480123303962,0.8492110960612427,1
1417,0.7310072601068713,0.8496384434067502,1
1418,0.7426310608665296,0.8498848049031537,1
1419,0.6992538608756681,0.8499834474963703,1
1420,0.592960796792554,0.8505474862348239,1
1421,0.8089618870197512,0.8508622757512018,1
1422,0.469877940884061,0.8509208840935921,1
1423,0.7612265980727279,0.8515519051393238,1
1424,0.7498804929361355,0.8515533106403442,1
1425,0.3926790610654616,0.8516707320708339,1
1426,0.6655562759935626,0.8519487229294703,1
1427,0.8077883272744225,0.8523611661124864,1
1428,0.49326323805191874,0.8529678619294229,1
1429,0.8378420765351909,0.8529763658108332,1
1430,0.7671091516316988,0.8535041545236893,1
1431,0.5978383567233888,0.8535678848342109,1
1432,0.6958897809337685,0.8536278553675223,1
1433,0.5533416567029212,0.8539556403458056,1
1434,0.5980674111090607,0.8541440992672799,1
1435,0.3786059517278725,0.8542930444426788,1
1436,0.6745681110818684,0.8546458817422539,1
1437,0.736857507837823,0.8550351051670602,1
1438,0.8488231316860894,0.855078628662047,1
1439,0.5195831723046828,0.8563988383709762,1
1440,0.6797528384014087,0.8565913239833296,1
1441,0.6948207432966585,0.8566137686757239,1
1442,0.7776926539530856,0.8570306041572793,1
1443,0.684412314215049,0.8578650931287236,1
1444,0.7434343525944136,0.8588611910534417,1
1445,0.7279952803222061,0.8588999643733763,1
1446,0.6001948457724771,0.8591392619252133,1
1447,0.7567947449383093,0.8592717583798238,1
1448,0.6779435593155443,0.8593086688108783,1
1449,0.6668634150851975,0.859441878932841,1
1450,0.8352215301957054,0.8600555128719786,1
1451,0.420684254465186,0.86011075375104,1
1452,0.5231536638596836,0.8603138798714527,1
1453,0.7759167060095851,0.8603273766591788,1
1454,0.6032614261758297,0.8605709506226376,1
1455,0.6779309218643634,0.8607882241953302,1
1456,0.7395050838720495,0.8608268490451286,1
1457,0.733336272031266,0.8608672084430398,1
1458,0.6723147435877691,0.8611331280221158,1
1459,0.7171079970680645,0.8613608702160621,1
1460,0.7088210846791252,0.8620210912585359,1
1461,0.5853855767280072,0.8621483130583247,1
1462,0.7453742566408995,0.8628911814970984,1
1463,0.6878122783890321,0.8643117437922647,1
1464,0.5907981146487137,0.8646663775156679,1
1465,0.8391867507691274,0.8647996903000538,1
1466,0.6455096906497667,0.8649796119137673,1
1467,0.5741452148293333,0.8651048974971951,1
1468,0.8086783385780891,0.8651508496950483,1
1469,0.7315258229377977,0.8671542557394845,1
1470,0.7372413927925763,0.867502751275926,1
1471,0.6198205359856658,0.8684691906134715,1
1472,0.7438528104148804,0.8685827645805424,1
1473,0.486245195222906,0.8690019873783319,1
1474,0.665903268655465,0.8690334416781955,1
1475,0.6629327787677869,0.8693097852735302,1
1476,0.6316078371165514,0.8693266720667482,1
1477,0.8446082237587195,0.869759473622662,1
1478,0.7898728974529726,0.8699522470417149,1
1479,0.6507035368217428,0.870158191947054,1
1480,0.8154747464212898,0.8703697110249773,1
1481,0.748113106489095,0.8703700837475584,1
1482,0.634458217701901,0.8704634709687737,1
1483,0.7134126519478429,0.870479079505212,1
1484,0.7219757166596593,0.8711679770454339,1
1485,0.5600457268733616,0.8712434537708482,1
1486,0.7273490764637788,0.8713268097588881,1
1487,0.7607984110369911,0.8715857748622768,1
1488,0.6425246989610981,0.872813631938142,1
1489,0.6528231531856472,0.8736086461974247,1
1490,0.7604267594806127,0.8739337863228523,1
1491,0.7456589525141779,0.8739792625264823,1
1492,0.7660859075904126,0.8740404757396641,1
1493,0.5855744296123834,0.8746252635373176,1
1494,0.7294968037132474,0.8750600694267412,1
1495,0.6417408783762458,0.8753438883854383,1
1496,0.7119263181875202,0.8755233423561671,1
1497,0.7637764269108265,0.8759284656243049,1
1498,0.4521593861573272,0.8760160051116437,1
1499,0.6702168805966087,0.8762230578307645,1
1500,0.8421048892382208,0.876263941616691,1
1501,0.8656419680607325,0.8771605337383637,1
1502,0.5916310819699124,0.8771620719549595,1
1503,0.7704198488119514,0.8773940328136297,1
1504,0.6364843591745373,0.8776619960030931,1
1505,0.8529955533312364,0.8778428346277435,1
1506,0.8656990815487072,0.8779202317565149,1
1507,0.8033678880476356,0.8787285966229409,1
1508,0.574047301878063,0.8788259887468501,1
1509,0.6249005741708253,0.8789564078433488,1
1510,0.49759790382726143,0.8791766493354486,1
1511,0.7919777277083458,0.8792071828455377,1
1512,0.861098696642596,0.8793521115471667,1
1513,0.7574777486097861,0.8794376990502689,1
1514,0.8641901631084692,0.8795196393958988,1
1515,0.6901965096717796,0.8797280584802619,1
1516,0.715599388399409,0.8800587690045585,1
1517,0.7427392495925462,0.8802148868118177,1
1518,0.8114195249014001,0.8804264486290642,1
1519,0.7981622378957945,0.8807009698769658,1
1520,0.5852057564909248,0.8808630515516375,1
1521,0.8678003501447367,0.8818639125904548,1
1522,0.7751349937104901,0.8819796313081153,1
1523,0.7618764000767342,0.8822283233298137,1
1524,0.8228770913176885,0.8822725147441077,1
1525,0.5019068638371957,0.882277455938779,1
1526,0.6240567308809282,0.8826989988325011,1
1527,0.6067768094147983,0.8827528305902299,1
1528,0.48930690166250057,0.8835977329230925,1
1529,0.7724297555846642,0.8836462898095417,1
1530,0.7056604782616562,0.8837170317530672,1
1531,0.6572474924410027,0.8838537936814621,1
1532,0.62577500940432,0.8840991519760337,1
1533,0.5739510697998145,0.8848102150328679,1
1534,0.6076112017782883,0.8848704612516713,1
1535,0.8390893869674543,0.8851338432232441,1
1536,0.7558530667410702,0.88587947649476,1
1537,0.5317876251250361,0.8862528431649246,1
1538,0.7964297528505453,0.8865214159131968,1
1539,0.8688900094183254,0.8866526226312305,1
1540,0.6260798169153751,0.8868102357034707,1
1541,0.6239005779260965,0.8868492846905174,1
1542,0.7098637838405849,0.8874846811883528,1
1543,0.7991255975824831,0.8881410800640299,1
1544,0.4769256335691482,0.8887811535512108,1
1545,0.8441767868698815,0.8892147163462523,1
1546,0.7200578128896772,0.8902878144190464,1
1547,0.6108488780426893,0.8903657503349324,1
1548,0.6101008102655595,0.8906378897463287,1
1549,0.6904583928374552,0.8908734205618857,1
1550,0.8608845561957977,0.8908788051906869,1
1551,0.7236064270094148,0.8912408414842043,1
1552,0.7544333905905595,0.891337704977097,1
1553,0.5487820264736469,0.8915728658563175,1
1554,0.5572211424970117,0.8916564306529644,1
1555,0.7276696979254301,0.8921933700339183,1
1556,0.7176207665180091,0.8922516175373336,1
1557,0.8832143189811974,0.8923106846324047,1
1558,0.7253487503424527,0.8923974555386566,1
1559,0.6259855607788408,0.8924222908694018,1
1560,0.5689401045582474,0.8925185439678848,1
1561,0.5808412325735927,0.8927236471412936,1
1562,0.8313485625033825,0.8927981932321093,1
1563,0.6633687361580051,0.8929618020560507,1
1564,0.7102183665452977,0.8931312429925274,1
1565,0.711748654879436,0.8938369961767274,1
1566,0.869724219514309,0.8938880471252634,1
1567,0.6488840514350682,0.893978683636213,1
1568,0.7328955194436235,0.8941649794438101,1
1569,0.7405285752754973,0.8942122531675325,1
1570,0.5306273458381471,0.8945409967480028,1
1571,0.8011664997586718,0.8951520362396742,1
1572,0.6972902788329036,0.8953354832483859,1
1573,0.7108150877817891,0.8961624385662194,1
1574,0.7582641747893454,0.896179885263648,1
1575,0.8931450761502252,0.8962758525951972,1
1576,0.7180749964033768,0.8962918390640371,1
1577,0.771163372034143,0.8963926294281078,1
1578,0.735099141212386,0.8964657109620968,1
1579,0.7863822134907275,0.8965714360843645,1
1580,0.8038703534748456,0.8966648741993064,1
1581,0.8349682223541852,0.8977179276323257,1
1582,0.7740543005379553,0.8981067482441849,1
1583,0.7221646273997657,0.8985744348731161,1
1584,0.5942991620724042,0.8992286800395661,1
1585,0.5493333681551129,0.9001461505989619,1
1586,0.7568737309678382,0.9003168153630159,1
1587,0.6295682994205334,0.9005181419232045,1
1588,0.7051778457236816,0.9006005849950294,1
1589,0.7439720484893356,0.9009377202385064,1
1590,0.3515930022374627,0.9011458983647018,1
1591,0.6760320117588303,0.9012734819309889,1
1592,0.6304769791638346,0.9012970996527083,1
1593,0.7669208048627285,0.9018770025801442,1
1594,0.856449449081031,0.9020165629180934,1
1595,0.37508661045583847,0.9021361773416514,1
1596,0.48894457390316015,0.9025694357699222,1
1597,0.7981375972298869,0.902603194382483,1
1598,0.7599255725053883,0.9026482536048553,1
1599,0.8910996705953644,0.9027242561108682,1
1600,0.6353536183474465,0.902910704389949,1
1601,0.6734452978730845,0.9029720526144989,1
1602,0.605123801665325,0.9030434372828156,1
1603,0.6810787589804987,0.9032202860848623,1
1604,0.6999491883989284,0.9034357040105359,1
1605,0.6343345535025314,0.9036315768150913,1
1606,0.7802028043030764,0.9036867673279202,1
1607,0.5911308589748536,0.903813535628108,1
1608,0.6983288425267584,0.9040726444197378,1
1609,0.6849708217855353,0.9041618690835139,1
1610,0.6598987569026388,0.904204915159339,1
1611,0.5908172943280824,0.9042482105752406,1
1612,0.6790138774577887,0.9047939879783148,1
1613,0.8301080089400449,0.9048305150486934,1
1614,0.6989947250602322,0.9050488260756752,1
1615,0.6201630966152738,0.9051792309459095,1
1616,0.6871507964490188,0.9054365827502464,1
1617,0.571393611335056,0.9056411407182158,1
1618,0.8387995908997707,0.9056550066693967,1
1619,0.5312682921793642,0.9057148685852986,1
1620,0.759331621416082,0.9059361304042773,1
1621,0.7953057656916701,0.9066168217468005,1
1622,0.7362713495023306,0.9072436556473552,1
1623,0.5791661352887544,0.907405488668107,1
1624,0.8121964424414838,0.9076912282697631,1
1625,0.7808759032332799,0.9079183449416951,1
1626,0.8639706710641466,0.9089244597453704,1
1627,0.4357782430585363,0.9089344508587718,1
1628,0.656181542149046,0.9092488974296378,1
1629,0.6511466980003843,0.9095151568678144,1
1630,0.7215414348778977,0.9099862591175971,1
1631,0.7965981024400922,0.9101712052575074,1
1632,0.5970117847050569,0.910259963629358,1
1633,0.6229982991238677,0.9103204372949358,1
1634,0.869724219514309,0.9103983707889362,1
1635,0.512957713458783,0.9105513208135319,1
1636,0.8432104196391593,0.9105808827489521,1
1637,0.7051251342468167,0.9105944313671266,1
1638,0.8692437119634642,0.9111567278825504,1
1639,0.5370909926569137,0.9111636213864044,1
1640,0.7632928262596956,0.9111959934531618,1
1641,0.6124823805105727,0.9112350422667082,1
1642,0.4593604640345931,0.9113748010107964,1
1643,0.6795252015275733,0.9116380037038883,1
1644,0.5248740731567423,0.9118214921941303,1
1645,0.681887038711046,0.9120224922517521,1
1646,0.689961266254129,0.9123152079400092,1
1647,0.8562681555971341,0.912422884569213,1
1648,0.8423688976433454,0.913020225263822,1
1649,0.7547900362717891,0.9135473218442169,1
1650,0.5433139880035139,0.9136194699708382,1
1651,0.7108402897253124,0.9136605621744357,1
1652,0.5705663078025346,0.9138696041677234,1
1653,0.861062700309831,0.9139968147816427,1
1654,0.5495183605907792,0.9142046214073193,1
1655,0.545857129699521,0.9144792311279563,1
1656,0.5590300348116248,0.9146461037567805,1
1657,0.7573125320068343,0.9148502927315411,1
1658,0.759728812806509,0.9151843139925763,1
1659,0.7967750807175554,0.9159699707473832,1
1660,0.8127649945252666,0.9160273700413852,1
1661,0.6542798121768181,0.9162049057981543,1
1662,0.5631637947318313,0.9162982560823614,1
1663,0.8616027334879164,0.9173917994703149,1
1664,0.8783475099609738,0.9174893769400457,1
1665,0.885699966829463,0.9176347365378571,1
1666,0.7716744202365478,0.9177744206750945,1
1667,0.5204499830633511,0.917876237592785,1
1668,0.91443732670831,0.9182204019827895,1
1669,0.5401242368346588,0.9182950420164099,1
1670,0.7419659605749135,0.9185678480816899,1
1671,0.7767026943385632,0.9186855494795207,1
1672,0.6389635545696875,0.9187079503464166,1
1673,0.5973259102695383,0.9188408526926319,1
1674,0.6239426378399717,0.9191711511803002,1
1675,0.6078813529362954,0.9193307248171666,1
1676,0.7113319711812426,0.9193465498041625,1
1677,0.8634993025094458,0.919860621901353,1
1678,0.8858751628743107,0.9198872290313161,1
1679,0.6004319907649761,0.9200588253796214,1
1680,0.5493092101916955,0.9205439549577367,1
1681,0.6698602449016786,0.9205672943862919,1
1682,0.45948963123392594,0.9210761350323227,1
1683,0.5235583028252652,0.9211202066657014,1
1684,0.5753905005957037,0.9211547612064107,1
1685,0.6089539849546243,0.9213804143110669,1
1686,0.729418218458234,0.9216413056511977,1
1687,0.8570628059980979,0.9217007228532998,1
1688,0.688485175173809,0.922286818547968,1
1689,0.568477214770384,0.9222915544975707,1
1690,0.7436557662726075,0.9224714873048276,1
1691,0.6818614462783226,0.9224828308674448,1
1692,0.4977164274491388,0.9225345811898342,1
1693,0.854232555403199,0.9230432440575348,1
1694,0.7989560024767507,0.9231725732954731,1
1695,0.6734937421951309,0.923429146484932,1
1696,0.755169075863059,0.9234511528165843,1
1697,0.5852981000995173,0.9236176973841139,1
1698,0.5849856992673133,0.9237548324120582,1
1699,0.8354784237750467,0.9239173313226869,1
1700,0.828992491700892,0.9240285276017075,1
1701,0.7830730481254743,0.924295236386399,1
1702,0.784297427485763,0.9243408658515841,1
1703,0.7420062565376553,0.9247800515327296,1
1704,0.5493569411478528,0.9250366243949558,1
1705,0.9106143112564169,0.9253088989416935,1
1706,0.6108340406871069,0.9254853110578593,1
1707,0.6403323390020451,0.9256377722120063,1
1708,0.8195683056895833,0.9256476023386458,1
1709,0.6168001248908844,0.9263135103333028,1
1710,0.9084209749888312,0.9265300724967432,1
1711,0.907345814780947,0.9271104618362933,1
1712,0.8855734980302613,0.9271207877326079,1
1713,0.731431439552837,0.9272862911969008,1
1714,0.8105008980304051,0.9272882394851418,1
1715,0.4725373790959809,0.9274539948225514,1
1716,0.6193647129121806,0.9274735548382209,1
1717,0.7422379935680244,0.9275202784299418,1
1718,0.9227120595376926,0.9280275285127084,1
1719,0.7269865521267318,0.9281094801435126,1
1720,0.7059397757205285,0.9282750997605627,1
1721,0.6666364929200818,0.9284986108243564,1
1722,0.47136994507636243,0.9285018764452827,1
1723,0.7515478052931682,0.9287195954264306,1
1724,0.8137048528881027,0.9289646267871544,1
1725,0.6092400587993503,0.9290544092046553,1
1726,0.6895375709219469,0.929245239816153,1
1727,0.6789340208182851,0.9294693295276863,1
1728,0.5665136160957696,0.9294806328257308,1
1729,0.7904679992437117,0.9296201865676045,1
1730,0.6354061660899905,0.9296797320774693,1
1731,0.7483851280601648,0.9302455439132975,1
1732,0.5290552089002096,0.9307464226064626,1
1733,0.6088799746314206,0.930785925721261,1
1734,0.8108329632333443,0.9308409526436995,1
1735,0.5616931447770157,0.9311404111430998,1
1736,0.563682426928295,0.9311522695439938,1
1737,0.6191898327161519,0.9313914039996277,1
1738,0.7696308466711249,0.9315587069489595,1
1739,0.5602296335061954,0.9315709720356721,1
1740,0.5370859627417183,0.9316648735996081,1
1741,0.5088013790313719,0.9316918150237811,1
1742,0.8383841184568014,0.9319637050481097,1
1743,0.668641741938532,0.9322218234094538,1
1744,0.8265984469763232,0.9322759370798135,1
1745,0.5720342832086228,0.9323751479647757,1
1746,0.5529347437622802,0.9325864746800959,1
1747,0.9137605285172901,0.9326110521338763,1
1748,0.7341032426045265,0.9330586023608973,1
1749,0.5108654786649227,0.9330780704439078,1
1750,0.915549299601737,0.933168577421632,1
1751,0.49877963824569505,0.9333082608738158,1
1752,0.8579728810514802,0.9334298870769616,1
1753,0.6606264303010098,0.9334487379665267,1
1754,0.6590317478414986,0.9337049411287515,1
1755,0.6005681998171529,0.9337610719548303,1
1756,0.5449065111530584,0.9338133658475039,1
1757,0.516987824941123,0.9340003800143313,1
1758,0.8571245477947491,0.9340082953185785,1
1759,0.8677854782357091,0.934012705138521,1
1760,0.6645198385511303,0.9343767738360819,1
1761,0.7298550072716959,0.9344056276412868,1
1762,0.5477231760834149,0.934454787969312,1
1763,0.7768726116342068,0.934595765554773,1
1764,0.676221365778564,0.934666572627372,1
1765,0.5719263785065994,0.9351393834570959,1
1766,0.7503087345292462,0.9352044691082646,1
1767,0.7452485289861891,0.935721401976827,1
1768,0.9048923474447716,0.9358295922071852,1
1769,0.630574372659343,0.9362375626374136,1
1770,0.6731122330873994,0.9364839663358744,1
1771,0.7450847683527596,0.9365060932562956,1
1772,0.9083340597534303,0.9365207032465478,1
1773,0.6375915709786482,0.9365253361896878,1
1774,0.7682705184374378,0.9366778891530302,1
1775,0.7599393304976613,0.9368062428305629,1
1776,0.6105144856489038,0.9369904395823986,1
1777,0.8595994645098535,0.937105886669542,1
1778,0.665559352064181,0.9375688647783872,1
1779,0.7191099441617146,0.9376525333341214,1
1780,0.8802358203205591,0.937721927343482,1
1781,0.7351639667654665,0.9377744780259474,1
1782,0.6751457743697279,0.9380017969508093,1
1783,0.7002087318425657,0.9381338279681688,1
1784,0.7621974582057085,0.9385039182555818,1
1785,0.606021837165308,0.9385124230181743,1
1786,0.7005323454699872,0.9393514772358341,1
1787,0.6090846061266012,0.939793823082303,1
1788,0.5605146686438608,0.9399968416895341,1
1789,0.6785312341954128,0.9411526722677767,1
1790,0.7591348597679942,0.9413361129793907,1
1791,0.6241607372888781,0.9416625547671811,1
1792,0.5213299430631435,0.9419705604838535,1
1793,0.6624599966671558,0.9419911319538788,1
1794,0.7635752188393949,0.9423414044309727,1
1795,0.5455296382002753,0.9425878866750206,1
1796,0.5059993945399355,0.9428829239844366,1
1797,0.9210552173601623,0.9431416642494568,1
1798,0.7240209320994843,0.9432911591152808,1
1799,0.7799967864851115,0.9434141913835261,1
1800,0.7798661878660266,0.944147303192207,1
1801,0.5615274478279414,0.9441611511949141,1
1802,0.4171950972427503,0.9443906092299958,1
1803,0.4166815414639825,0.9447241713283169,1
1804,0.8218834657270254,0.9448836925396422,1
1805,0.7729185575307347,0.9457484677906499,1
1806,0.9214916592515894,0.9458625105396052,1
1807,0.7987380087526025,0.9460332730774998,1
1808,0.8726230404129376,0.9461267497001428,1
1809,0.6991465614660756,0.9462105178897572,1
1810,0.7698556849320126,0.946290553127521,1
1811,0.7388410611074139,0.9465866226177512,1
1812,0.932178243961524,0.9469519182419778,1
1813,0.8644785996284241,0.9476239706809717,1
1814,0.6454931043296412,0.9476267058533259,1
1815,0.728854495541341,0.9476724969896736,1
1816,0.7824323106178555,0.9476970581020743,1
1817,0.3668532393208115,0.9478738055862639,1
1818,0.7315206320672738,0.9480143031533991,1
1819,0.812230557559711,0.9484486678987384,1
1820,0.8571363608084829,0.9488360493395908,1
1821,0.6790754956496418,0.9488890824219649,1
1822,0.7521063347442518,0.9488995643287689,1
1823,0.6179531638256407,0.9489453468626698,1
1824,0.636716029703998,0.9496691664470108,1
1825,0.8174884548176548,0.9496912827436933,1
1826,0.7223351665291341,0.9499732970278982,1
1827,0.7851897198247154,0.9500130592839655,1
1828,0.5246249496118754,0.9501003196552441,1
1829,0.5415826427231495,0.9501121153390539,1
1830,0.9204174298316263,0.9501653382984063,1
1831,0.6071923762905108,0.9504475431706463,1
1832,0.448563595741048,0.9504823027415267,1
1833,0.6104170510410577,0.9504897232382407,1
1834,0.6162336931884709,0.9506420162620767,1
1835,0.6939073240328343,0.9507150118082979,1
1836,0.5495360718540625,0.9508795702818477,1
1837,0.8674616491833357,0.9509705033943991,1
1838,0.7502011711334363,0.9510149965868142,1
1839,0.3900774301684772,0.9511204841474771,1
1840,0.5208575156891013,0.9511368393018829,1
1841,0.436104923685653,0.9511988097706501,1
1842,0.8608326282745814,0.9514024789360795,1
1843,0.6764380697230394,0.9514689818206098,1
1844,0.880487053035778,0.9515942644707556,1
1845,0.8053860376644328,0.951952408527018,1
1846,0.7167931059910008,0.9520615335029222,1
1847,0.6671141837343291,0.9521229253381673,1
1848,0.69708782167841,0.9527549378054173,1
1849,0.5854439604155741,0.9527739718554862,1
1850,0.517751134147502,0.9527921043651157,1
1851,0.5371555599177029,0.9529900244869899,1
1852,0.5216381051118795,0.9530088403297533,1
1853,0.5056203105290229,0.9530438809839202,1
1854,0.5058091152419548,0.9530505554444096,1
1855,0.5650621350370864,0.9531430909890506,1
1856,0.5620279906457563,0.9531679676009159,1
1857,0.7078362723288929,0.9532195279926723,1
1858,0.49599433315155494,0.9532579290327936,1
1859,0.5372972286085446,0.9533282728015267,1
1860,0.7567726520483178,0.9533496578478359,1
1861,0.7322620348907468,0.9534706073915454,1
1862,0.689155676000113,0.9535895992457161,1
1863,0.5270962555661908,0.9536471016433027,1
1864,0.59434376720036,0.9538781311851519,1
1865,0.7020964127620617,0.9539269256243724,1
1866,0.47003326479688523,0.9539422446746252,1
1867,0.46632736847041334,0.9539974288673085,1
1868,0.6081920170099235,0.9543630351847692,1
1869,0.700268885437717,0.9546243669701849,1
1870,0.6762683534821888,0.9546449654395422,1
1871,0.707675254639806,0.9548238669047822,1
1872,0.8122062892061318,0.9548404160175709,1
1873,0.6416846601409032,0.9550111893801662,1
1874,0.6492188129094898,0.9550319294244086,1
1875,0.6615065098609508,0.955069616192352,1
1876,0.8309324079848337,0.955141667428401,1
1877,0.6566569040199367,0.9552687994031142,1
1878,0.8369855129473733,0.9554219905586838,1
1879,0.863227175251388,0.9559590980135939,1
1880,0.5338952098314217,0.9560449238949476,1
1881,0.6204117917333544,0.9564790030738687,1
1882,0.4315824888216315,0.9566000309243528,1
1883,0.6539844866234453,0.9568314700915913,1
1884,0.7555691986916706,0.9569006553519946,1
1885,0.6292845896693147,0.9571716533647328,1
1886,0.4314786689856237,0.9571907447388349,1
1887,0.7744563072971707,0.9574043439434028,1
1888,0.5145839777256656,0.9574979613253569,1
1889,0.6491509336673593,0.9575170542170992,1
1890,0.6268518757368484,0.9575715058217942,1
1891,0.8726230404129376,0.9576199574518814,1
1892,0.7157690685742862,0.9577617731829556,1
1893,0.5123498593338783,0.9584372537414858,1
1894,0.5244862434552031,0.9584475905425056,1
1895,0.6994551637980996,0.9585769262677262,1
1896,0.5813527587506805,0.9590370242469972,1
1897,0.5872093010352668,0.9590909841019054,1
1898,0.6555175230667772,0.9591672518695845,1
1899,0.9064340710927173,0.9591912671542193,1
1900,0.630683719247285,0.9592098612400466,1
1901,0.6702891564205308,0.959416624865795,1
1902,0.711191665325038,0.9595548695660007,1
1903,0.835332417347985,0.959694524202624,1
1904,0.6725387062266991,0.9598425641061973,1
1905,0.7655040483705924,0.9602553410561008,1
1906,0.5451948714826886,0.9604794312706435,1
1907,0.7428539704545536,0.9605230435989991,1
1908,0.8106291759894395,0.9605441170426803,1
1909,0.6155639219487189,0.9605720570018735,1
1910,0.584201588146439,0.9606645045818155,1
1911,0.4804945988323379,0.9607825784504914,1
1912,0.5933421629259008,0.9609573731070276,1
1913,0.5931009629496032,0.9614931153854203,1
1914,0.7422637262984088,0.9614977091474932,1
1915,0.49054132402687645,0.9615094239956904,1
1916,0.5672645344336791,0.961584933288463,1
1917,0.6298811986650352,0.961585234450452,1
1918,0.8734956064330726,0.9617289601258604,1
1919,0.6752232008189917,0.9619351284280455,1
1920,0.9126275535368199,0.9619526992851297,1
1921,0.62186568971626,0.962147458376234,1
1922,0.41881759262569973,0.9623188866091672,1
1923,0.7115490554972352,0.96240626422259,1
1924,0.9373877515747217,0.9626331456302198,1
1925,0.7466490141670685,0.9626712109880639,1
1926,0.4618489103030038,0.9627084209232444,1
1927,0.5934648877734342,0.9627316762118026,1
1928,0.6482671401531229,0.962813860182091,1
1929,0.8964407348240903,0.9628236124477587,1
1930,0.5986434696444736,0.9629160665523409,1
1931,0.8394343882596033,0.9632104880241844,1
1932,0.7410198741260683,0.9632892380786479,1
1933,0.6824832432423293,0.9641701041024163,1
1934,0.6949339977051184,0.9641744877833929,1
1935,0.9058045326840823,0.9642147356042942,1
1936,0.8574750505659623,0.9642953496977664,1
1937,0.8009259191304493,0.9643959890864438,1
1938,0.6409874260191726,0.9644911352953719,1
1939,0.5167222895286824,0.9645417099839865,1
1940,0.6028559760097315,0.9646372069506546,1
1941,0.7733395257140478,0.9646561112315462,1
1942,0.5872835012808221,0.9647919215676409,1
1943,0.5766062042773221,0.9650107302042867,1
1944,0.7129871643917224,0.9650151523959897,1
1945,0.8046277255918775,0.9650816703989776,1
1946,0.6930207593148016,0.9650888866717137,1
1947,0.6249269150590339,0.9654547337589126,1
1948,0.7416264549929737,0.9656800858725705,1
1949,0.8041571956572389,0.9661303362615083,1
1950,0.5695020791548995,0.9663680236820122,1
1951,0.626188065147289,0.9664720047075578,1
1952,0.5526704408309732,0.966675908204191,1
1953,0.6275250016741915,0.9668202894391965,1
1954,0.8149783679387367,0.9668590171477875,1
1955,0.7107888665906883,0.9668663791952399,1
1956,0.5828497656102339,0.9672091546469328,1
1957,0.8349637529450876,0.9677168279474668,1
1958,0.6123385248373427,0.9679406135074712,1
1959,0.6551334639594061,0.9679599786012798,1
1960,0.5707764802813993,0.9683595021904862,1
1961,0.5194301595917464,0.9685091935577881,1
1962,0.6894246392005803,0.9686617000301039,1
1963,0.6155123656138293,0.9686681008770327,1
1964,0.43819518571384564,0.9686949912898982,1
1965,0.6659832621949273,0.9689698693222434,1
1966,0.6724643775187736,0.9690449012780653,1
1967,0.5897475891685325,0.9690494606682137,1
1968,0.5906782713542629,0.9692578060114004,1
1969,0.5414221404769777,0.9694301453970788,1
1970,0.5652417248679195,0.969524088637461,1
1971,0.6752380493626079,0.9696373408748715,1
1972,0.8800412474849426,0.96963971794056,1
1973,0.5900130732994775,0.9698032408898167,1
1974,0.6310091053161069,0.969836085043719,1
1975,0.6876158264967032,0.97015689943217,1
1976,0.6715301777212823,0.9705237551445137,1
1977,0.5388668716536027,0.9705685891403247,1
1978,0.5934672134866884,0.9710215099650195,1
1979,0.7546534356603861,0.9711056927721206,1
1980,0.604727006861368,0.9711233081607151,1
1981,0.7575265951520241,0.971324711533994,1
1982,0.7670681568657307,0.9713381513106731,1
1983,0.8290082046610663,0.971483289162449,1
1984,0.7544643886134654,0.9714951728928464,1
1985,0.6158373530432428,0.9715718591213827,1
1986,0.720404149327106,0.9719349124774419,1
1987,0.4721461147747832,0.9721860279308313,1
1988,0.573275817294739,0.9723212422308557,1
1989,0.5031479142870813,0.9726760603080592,1
1990,0.6963838613745159,0.9728791059914554,1
1991,0.5261583721927129,0.9730866751337532,1
1992,0.768784625233738,0.9730946969813363,1
1993,0.6377075553542083,0.9731190630588147,1
1994,0.7351815881878576,0.9732111608768517,1
1995,0.4973551957341895,0.9732588450994875,1
1996,0.6494895919414169,0.973331792968859,1
1997,0.5908391342862218,0.9734108626756494,1
1998,0.8623269318454984,0.9735211376237751,1
1999,0.884354389064102,0.9736821399727024,1
2000,0.6419922735129862,0.9748685722618452,1
2001,0.742226655655364,0.9749811108544256,1
2002,0.6705076354828505,0.9750327545550616,1
2003,0.5654500786421559,0.9750913824579628,1
2004,0.5723671271283439,0.9752653662979897,1
2005,0.633269696000103,0.9753067291697891,1
2006,0.6268518757368484,0.9754012938488796,1
2007,0.9515619809316435,0.9760632872756869,1
2008,0.75985538287445,0.9761163949512758,1
2009,0.5435551239023984,0.9761940908548157,1
2010,0.615710734205682,0.9766095352444731,1
2011,0.5471768201819699,0.977156349569809,1
2012,0.635705668453143,0.9773774241938765,1
2013,0.6497882942726778,0.9775629424497498,1
2014,0.7623984561496757,0.9777823198577926,1
2015,0.6449539235400192,0.9783352356264031,1
2016,0.5443741200834976,0.9783359244792398,1
2017,0.5961497515478801,0.9784067713752004,1
2018,0.5131491645092824,0.978439832210799,1
2019,0.6284234146080627,0.9788235562048064,1
2020,0.8345653005776646,0.9788514499810737,1
2021,0.6851431417953728,0.9788517380716656,1
2022,0.5220774691133347,0.9790092645864186,1
2023,0.7428539704545536,0.9792746434943544,1
2024,0.5741449112406203,0.9794971959638638,1
2025,0.5128842383328095,0.9795035790165568,1
2026,0.45407088578396526,0.9797730743330413,1
2027,0.7015698867396359,0.9798157436507093,1
2028,0.5189701559286366,0.9798530380131504,1
2029,0.705791899593111,0.9799607029178772,1
2030,0.6997789422367747,0.9800519434755209,1
2031,0.38557418841658064,0.9801351837814782,1
2032,0.4677250628206031,0.9801817699467771,1
2033,0.5951975907511009,0.980211794965018,1
2034,0.7203644316369016,0.9802547585909935,1
2035,0.7959728192825607,0.9803903463376347,1
2036,0.7509685571870272,0.9804330277259253,1
2037,0.7015698867396359,0.980569918773444,1
2038,0.6420939624298022,0.9808396464493911,1
2039,0.6771758505311513,0.9810495537182642,1
2040,0.8311871271563536,0.9813287256930622,1
2041,0.5452600220182187,0.9813932077627131,1
2042,0.5925150761579602,0.9813980364924638,1
2043,0.5117684771961615,0.9814020577319783,1
2044,0.5637395467314819,0.9816549789559629,1
2045,0.6532973588918071,0.9817343565351901,1
2046,0.5409165724545626,0.9820407606616488,1
2047,0.4853928076325922,0.9820996288062597,1
2048,0.5642593873549144,0.9821940730351171,1
2049,0.6014627764333312,0.982421990924316,1
2050,0.7011281997193308,0.9828879874198322,1
2051,0.6295404286799264,0.9830112665829064,1
2052,0.6790661285664138,0.9830530531836156,1
2053,0.7040075697006618,0.9833375845330573,1
2054,0.5468448525082945,0.9833481926554523,1
2055,0.6013752865481544,0.9834785691016932,1
2056,0.6049475320849966,0.9837758418834458,1
2057,0.724272544391626,0.9838168323295498,1
2058,0.6829570026759695,0.9838195721904153,1
2059,0.594055766358129,0.9838241757886065,1
2060,0.5016479353587039,0.9839642828499703,1
2061,0.5909874204910422,0.9840803217724441,1
2062,0.7052949696007486,0.9842416907095343,1
2063,0.546360623213273,0.9842799866479952,1
2064,0.576488752462464,0.9843185607348801,1
2065,0.4571747814414301,0.9844969079225749,1
2066,0.5397042977080507,0.9845331638739621,1
2067,0.4701732674242388,0.9845698997432821,1
2068,0.6107321812093767,0.9847191167421916,1
2069,0.6378866939405605,0.9848646933228269,1
2070,0.6562552011410985,0.9849802308602434,1
2071,0.6255097022304654,0.985045562320101,1
2072,0.5473430323917693,0.98533197036767,1
2073,0.4743359272179427,0.9854027453330994,1
2074,0.5307066609383704,0.9859905997214133,1
2075,0.6037267840938502,0.9868495695734355,1
2076,0.6458635013438359,0.9869104087368098,1
2077,0.4769256335691482,0.9870423499991202,1
2078,0.7765733087936783,0.9872032848924053,1
2079,0.5465266106757535,0.9873568523913073,1
2080,0.8364835417626372,0.987366916539785,1
2081,0.6228927179274936,0.9874078705572527,1
2082,0.5863558191004824,0.9874515617079416,1
2083,0.4777246124037595,0.9876742787462507,1
2084,0.45944816746365946,0.98788998507997,1
2085,0.6826550005206836,0.987950513610391,1
2086,0.6456472017410778,0.988020982187854,1
2087,0.5683431226687703,0.9883900913224016,1
2088,0.8590479129791745,0.9885741502178769,1
2089,0.5460225165256855,0.9886472741084654,1
2090,0.6547931605010653,0.9886894107298295,1
2091,0.6436862062285342,0.9888303430672659,1
2092,0.7535778594592578,0.9888577066803368,1
2093,0.6341950623583062,0.988896681999484,1
2094,0.6132624711281371,0.9889909417666432,1
2095,0.6858095435102209,0.989094535653066,1
2096,0.9052021989965143,0.9892063056572684,1
2097,0.760138523634982,0.9894261089589526,1
2098,0.6011111500423642,0.9896350766360907,1
2099,0.6018747152183815,0.9898467952204231,1
2100,0.6562552011410985,0.9900131590691615,1
2101,0.5451173265309776,0.9905313141837637,1
2102,0.6180209529367492,0.990560901703342,1
2103,0.5568237649184846,0.9906394567566971,1
2104,0.5778893585209554,0.9906799384890028,1
2105,0.49648468312674776,0.9906825324102375,1
2106,0.4556516677167276,0.9907172405336656,1
2107,0.5556996767840362,0.9907464687300271,1
2108,0.6339131956966768,0.9911450238319705,1
2109,0.5124770720886176,0.9911977481962035,1
2110,0.6157875183710159,0.9914443030218523,1
2111,0.6046127459039065,0.9916185378858645,1
2112,0.7019717189324678,0.9919182359933212,1
2113,0.5570282424542654,0.9921960913759312,1
2114,0.5453095526740211,0.992206935933396,1
2115,0.6488787344321124,0.9922749372082126,1
2116,0.36237451285104816,0.9924806364886881,1
2117,0.7478830324779864,0.9926533663128105,1
2118,0.48434361295347117,0.992693417584809,1
2119,0.526344040792156,0.9927460800640556,1
2120,0.46267146495191325,0.9929798576061893,1
2121,0.5353156115490132,0.9931412543387724,1
2122,0.6195635326736133,0.9932904559116006,1
2123,0.5258113411185089,0.9933252591447519,1
2124,0.6324158892394034,0.9934297254869505,1
2125,0.5622560538670774,0.9935781305227284,1
2126,0.45066548752377467,0.9936442693793073,1
2127,0.714015131801205,0.9936485232742851,1
2128,0.6573894498046279,0.9938310937060401,1
2129,0.5167518337025951,0.9940199800232357,1
2130,0.5721471501394689,0.9940850513321698,1
2131,0.6573182650788619,0.9940931720140626,1
2132,0.6044659702076818,0.9941092405165045,1
2133,0.5644292146357996,0.9942385371492949,1
2134,0.5303917264455387,0.9944700311856033,1
2135,0.37815201171910884,0.9945708796925044,1
2136,0.6021721754883749,0.9946596767982886,1
2137,0.5303478864546681,0.9946783983414038,1
2138,0.594055766358129,0.9947752861813273,1
2139,0.6307266935508272,0.9951000600407457,1
2140,0.5642593873549144,0.9951815555248061,1
2141,0.570176133902578,0.9952276173299281,1
2142,0.6255536986097203,0.995403928316285,1
2143,0.5609341490248125,0.9954133366632303,1
2144,0.6147410554437872,0.9954649372331461,1
2145,0.5820953609026525,0.9956176517866522,1
2146,0.5532232512154673,0.9957348857973888,1
2147,0.8195729639866794,0.9957649999498048,1
2148,0.5330103113270449,0.9958104378073345,1
2149,0.5479865433005243,0.9959061830814222,1
2150,0.6061069458083633,0.9961882665399878,1
2151,0.5379230571996254,0.9963716294577626,1
2152,0.6572731365435991,0.9965396248450326,1
2153,0.570261488250089,0.9966188114419425,1
2154,0.5790387767525521,0.9966402110495718,1
2155,0.5512890552614853,0.9966520044611563,1
2156,0.5407191647075641,0.9966846790518121,1
2157,0.5065720679830937,0.9967272005796389,1
2158,0.5539863272591543,0.996735759871732,1
2159,0.6272424290115605,0.9969197863540599,1
2160,0.635686596957967,0.9969837011012287,1
2161,0.7007779431890133,0.9970937745697086,1
2162,0.5842981289681923,0.9971579794451235,1
2163,0.5432962462017377,0.9971659234933402,1
2164,0.5579935034601533,0.9972378320284662,1
2165,0.5278758197041089,0.9975088780936666,1
2166,0.5532232512154673,0.9975177753347546,1
2167,0.5654526544400027,0.9975480558844919,1
2168,0.6434054011673486,0.9975763374358816,1
2169,0.5574148875396744,0.9976543087166503,1
2170,0.43898830072837136,0.9976699753224284,1
2171,0.576534692940959,0.9978163886027342,1
2172,0.5673707522453388,0.9979018698800031,1
2173,0.5431351600575666,0.9980056798664172,1
2174,0.5908878346522106,0.9980228081049697,1
2175,0.5191448759163629,0.9980293034064276,1
2176,0.4896868029622944,0.9980502762913659,1
2177,0.5348848508225378,0.9980939504583684,1
2178,0.5642593607498253,0.9981438152066933,1
2179,0.4297790721264243,0.9982716555914092,1
2180,0.5764267762455096,0.9984158147513166,1
2181,0.5250947131522198,0.9987752108287199,1
2182,0.5372714954021925,0.9989104354394054,1
2183,0.5240636012870199,0.9991758886239397,1
2184,0.5337555761858415,0.9994263981675028,1
2185,0.5295918723452657,0.9995511749698743,1
2186,0.00017167546080032459,inf,0
2187,0.5052659776468275,inf,1
2188,0.5081344649245826,inf,1
