,Birth,Death,Dimension
0,0.008752847428886046,0.027982412740018225,0
1,0.045196009301786244,0.04916092505018543,0
2,0.06147294203840781,0.06361356083472935,0
3,0.05118201297475,0.07547404359303644,0
4,0.02424093980608022,0.07999711576242097,0
5,0.07151818408539701,0.08663101543938756,0
6,0.08731818406578451,0.09199348567437471,0
7,0.05405272646019732,0.0953977188929458,0
8,0.10678976199342982,0.1089931160012626,0
9,0.07115827837581223,0.1090925253348477,0
10,0.038483229267866514,0.1090925253348477,0
11,0.09355941015392255,0.1125781064907373,0
12,0.04032463555549137,0.11540719550760603,0
13,0.05889255401334714,0.11868132118793184,0
14,0.07554121387449408,0.12012757565225973,0
15,0.032904410807787055,0.1284627317868432,0
16,0.04713760477642892,0.1294437183415742,0
17,0.08617218417838513,0.13708460939050648,0
18,0.06502870759455615,0.1416662686247281,0
19,0.11366488445971379,0.1420979195329829,0
20,0.10617108954149468,0.1430515609793589,0
21,0.0996127704358114,0.14305940259915195,0
22,0.04041335190425932,0.1464867617085287,0
23,0.1322094266519509,0.14738562355868456,0
24,0.03841627342464382,0.14742251696425546,0
25,0.0403033040041616,0.14884184633461306,0
26,0.06213274452045836,0.15653261643441685,0
27,0.034642024804535265,0.15735322469699686,0
28,0.056805720220891254,0.15829874811538558,0
29,0.137849749784134,0.15875767949844832,0
30,0.07593397134601654,0.16171335423761768,0
31,0.05682847522192691,0.16783322093384567,0
32,0.08206914807184551,0.17217697674927035,0
33,0.021420678741616017,0.1730020980753053,0
34,0.01986069480146946,0.1752087557209474,0
35,0.0631182991157988,0.17752564724095798,0
36,0.16796538136650807,0.17863598247061774,0
37,0.14378807728762721,0.17910341542285524,0
38,0.06697457504292537,0.1807769947801945,0
39,0.08410055501348368,0.1807769947801945,0
40,0.134198429674249,0.18340731749939765,0
41,0.08465075916986786,0.18340731749939765,0
42,0.08885978838059505,0.1841596760731533,0
43,0.018376131954157215,0.18586638434926672,0
44,0.004710779071639859,0.18652823898312243,0
45,0.07093690179609302,0.18712032212258944,0
46,0.05129693945381797,0.18796819160494205,0
47,0.07381875548994798,0.18862629889423632,0
48,0.07120003689289522,0.1886581753740968,0
49,0.08191249801484024,0.1891527937528883,0
50,0.05355497282744437,0.1896641752833329,0
51,0.02523124762963458,0.18966622840759706,0
52,0.12495710415193995,0.19195224897406227,0
53,0.15453991305514003,0.1931725068837763,0
54,0.14163166176114905,0.19473250038304013,0
55,0.06208301160486007,0.19496138779029082,0
56,0.1462235090480467,0.19553761409834358,0
57,0.02247885055920995,0.19860257510045076,0
58,0.04843743003501111,0.19906813888235209,0
59,0.06844483740724683,0.19911893343864295,0
60,0.035774717681266166,0.19929287607209767,0
61,0.02941919213392652,0.19968310699489278,0
62,0.11416482251279259,0.20204291217481585,0
63,0.17708413932629097,0.20420734338273483,0
64,0.14810103219825732,0.20615860180868273,0
65,0.12004192342666387,0.2075557066204744,0
66,0.10340183902926203,0.2087680937768761,0
67,0.06047523925123788,0.20890971449964257,0
68,0.018315598452616988,0.21146584533630397,0
69,0.21278578583624008,0.21365665396107214,0
70,0.14816607990650554,0.2137739707862567,0
71,0.04173271153774494,0.21422258554626072,0
72,0.17440444126435417,0.21481055083534062,0
73,0.026211009386883477,0.21481055083534062,0
74,0.1016659877999988,0.2169442240566547,0
75,0.2045578002058942,0.21757688464620206,0
76,0.12177472602103945,0.2181130539916457,0
77,0.03160480532427723,0.2201920734283408,0
78,0.07523720011278112,0.2229151735450946,0
79,0.1610210781699879,0.22608325145647,0
80,0.10580612191122285,0.22859790121092516,0
81,0.1335331243208605,0.22883419028783658,0
82,0.03020580823608099,0.2317162394814133,0
83,0.07708894735519634,0.2317426826021316,0
84,0.033081351825936633,0.23688769203280158,0
85,0.13246096055175882,0.237911182277466,0
86,0.03783005745300849,0.2387108439730279,0
87,0.23721686431335687,0.23954118978341343,0
88,0.21277078489557077,0.2396456571401171,0
89,0.039884881591122245,0.2425906720605715,0
90,0.21134429665618482,0.24309746838853596,0
91,0.21799581837657656,0.2442696139567978,0
92,0.043871184764957216,0.24450570377958636,0
93,0.21447676220133605,0.24455233085913197,0
94,0.059212003112213085,0.24455233085913197,0
95,0.16242667881622508,0.24563023304463505,0
96,0.13278617083130473,0.24644908432286594,0
97,0.15413106059397974,0.24698551566231353,0
98,0.2326115276996722,0.24793665558470956,0
99,0.13940009244154894,0.24997258183189863,0
100,0.1063609135755984,0.2502733720405449,0
101,0.09756749110427343,0.250293934440733,0
102,0.023850564579898204,0.25072959901584746,0
103,0.12465215462099577,0.2512206215704156,0
104,0.09301187369584762,0.25277041976839565,0
105,0.0368316382924706,0.2533338548831011,0
106,0.13115878924316882,0.25368645257308253,0
107,0.10380901369219708,0.2541564287185615,0
108,0.23040669525254143,0.25678002542763334,0
109,0.20511008620029136,0.2600479463429012,0
110,0.2304432341860878,0.2602933412871089,0
111,0.21184275481050108,0.26080731813088687,0
112,0.2073122237573879,0.261083561391078,0
113,0.1639041650323455,0.26246744490890794,0
114,0.17110497923950596,0.26329009304638873,0
115,0.22940008793249367,0.26363293345985317,0
116,0.052426695686309976,0.26526760315815967,0
117,0.09793531993856208,0.2657031140869379,0
118,0.07069072982585689,0.26591782397077446,0
119,0.10320694185794954,0.26622117300213066,0
120,0.012911540924478215,0.26709406114133794,0
121,0.24855855383530867,0.26769165350656343,0
122,0.06357072587936619,0.2679094858909996,0
123,0.11799401549393485,0.26800503250715624,0
124,0.053418072118469606,0.2689844704612735,0
125,0.0751027335010539,0.26962399254687763,0
126,0.06034441534270962,0.270146084423617,0
127,0.08209555762856902,0.27081053943518274,0
128,0.13431577481472212,0.27123431007199705,0
129,0.09743006630563611,0.2727505365216606,0
130,0.14056758165752992,0.27286966987957095,0
131,0.2262679378066661,0.2731394137535097,0
132,0.17565230272746601,0.2731394137535097,0
133,0.16657288960676042,0.27417210830468697,0
134,0.18705354953336406,0.27482251201000296,0
135,0.17830329356859842,0.27501744908525994,0
136,0.05511055868559944,0.2750196433320635,0
137,0.15842656080261341,0.2787952760036915,0
138,0.08180876653955105,0.27942258297881184,0
139,0.09198467787647446,0.2794715141031098,0
140,0.05390165808628666,0.2796824874265784,0
141,0.20048943523501472,0.27984556157325446,0
142,0.02234587455926107,0.2810977425427157,0
143,0.21881691437518236,0.2811733558620534,0
144,0.2626496221544128,0.2816561636507172,0
145,0.2740752802624219,0.28299710092795216,0
146,0.18348278412868635,0.28530933856435103,0
147,0.11848974058346284,0.28530933856435103,0
148,0.05732980805197807,0.28606983086803683,0
149,0.007604465385425474,0.28749716286685534,0
150,0.0998555998796361,0.28840435496035866,0
151,0.13614160021238664,0.28847305363771225,0
152,0.16454580849099776,0.2889367415787203,0
153,0.1904218842957529,0.28956424457760543,0
154,0.23599845811060627,0.289808138277579,0
155,0.12566696917818065,0.2936064553510087,0
156,0.06410452838928316,0.2936064553510087,0
157,0.28525512664413577,0.2945300421075876,0
158,0.21326665830231628,0.29459188127735214,0
159,0.2673444605927824,0.29493076753307146,0
160,0.18304134520644066,0.29517448400386814,0
161,0.16667835991349733,0.29518859832184197,0
162,0.15889559403590392,0.2961689550647191,0
163,0.10698140989723992,0.29744396849801724,0
164,0.2918633275618424,0.29886299714876763,0
165,0.09686172616650768,0.300278676128654,0
166,0.060067218755641805,0.30030985540651245,0
167,0.08539378493867744,0.3014499101568132,0
168,0.025510878755315658,0.3015991383036438,0
169,0.09989926154465678,0.30318953925194825,0
170,0.048310764320927735,0.30358499750372514,0
171,0.10680956430773558,0.30361952500074996,0
172,0.038619338921119684,0.30400157112743176,0
173,0.25305083561467323,0.30400817414060155,0
174,0.00480300123049926,0.30420720167856086,0
175,0.13785774453611954,0.3054312668199294,0
176,0.08100222839979376,0.30590704043367656,0
177,0.13076843993156506,0.3062762673196763,0
178,0.039719584181982626,0.30677375365744164,0
179,0.036475721276683526,0.3073456617583382,0
180,0.2908604884104141,0.3078952766685358,0
181,0.18147409575826345,0.30892063603691877,0
182,0.18568025137626254,0.3091247060636656,0
183,0.28395671938452427,0.30943352492553977,0
184,0.24978236398393705,0.30947662726276104,0
185,0.14620839181213197,0.30960031704849655,0
186,0.189892371344354,0.310535288617927,0
187,0.1010478196042165,0.3106055684523953,0
188,0.22729642070925393,0.3120317743395449,0
189,0.2461214444647587,0.31240552416748046,0
190,0.00772390789059596,0.3127726855345778,0
191,0.11770790043280266,0.3130973180916883,0
192,0.18328287845702118,0.3142786253776695,0
193,0.29354612946367664,0.3144147438154735,0
194,0.1253946463495864,0.31453349460714297,0
195,0.12524455910166543,0.3146105676165871,0
196,0.3039737276210279,0.3149059112476258,0
197,0.29558236167907725,0.31574640632737894,0
198,0.029067325267537525,0.31574640632737894,0
199,0.05717946381517236,0.3158633358537738,0
200,0.08348160197380738,0.31599926180933036,0
201,0.19671931989269775,0.31731723975293846,0
202,0.29558073700878607,0.3174398553851716,0
203,0.04870200888012077,0.3175652797027775,0
204,0.012645354339287818,0.3187702771545118,0
205,0.05922251048040039,0.3212487107105355,0
206,0.2407315377894209,0.32157894338000226,0
207,0.31235782875454965,0.32165498214570265,0
208,0.07939471914336671,0.3227078267476875,0
209,0.20543332273652704,0.3232032600513115,0
210,0.02714218585652728,0.323225089619921,0
211,0.11204164372235459,0.32341933226605335,0
212,0.0489057343611653,0.32430091458384125,0
213,0.14449010643270077,0.3243574753156795,0
214,0.14541209333927752,0.3258772919881068,0
215,0.19711167471317748,0.3277662672634071,0
216,0.02763754332040269,0.3288413087800013,0
217,0.0104052021837443,0.3293903366452794,0
218,0.027578977602829124,0.32939331140523465,0
219,0.024303037554130658,0.32939331140523465,0
220,0.08075200464979648,0.3294289953069699,0
221,0.026540074736772112,0.3302140537990368,0
222,0.2296129225645277,0.3303971442765147,0
223,0.19611433720564364,0.33229933835561476,0
224,0.2702766093857716,0.3325892509829804,0
225,0.16828939518538155,0.33267481102520524,0
226,0.0257576788750441,0.3339471234235255,0
227,0.08387821508011306,0.3354061503672331,0
228,0.02722071716083696,0.3358265203792492,0
229,0.01690404666319867,0.33603300871339026,0
230,0.04802917900904524,0.3371370576405709,0
231,0.2335310899945955,0.3378803449660336,0
232,0.07011178142647079,0.3378803449660336,0
233,0.06927470254306367,0.33795547406189885,0
234,0.15519285751967538,0.33808753733098296,0
235,0.13209914637065678,0.33812087972607285,0
236,0.1681840526048105,0.3386128819839589,0
237,0.08529540232154464,0.33963719200714104,0
238,0.22502015952347143,0.34003807945297326,0
239,0.03419564115331464,0.34091871191244294,0
240,0.013048534481760021,0.34142477547958383,0
241,0.24046432335240142,0.3418020314869272,0
242,0.1824386424338843,0.3425220173206276,0
243,0.0675782771118868,0.34276185994236974,0
244,0.03138791789151252,0.3429642590227161,0
245,0.043999187486872815,0.3433015205546972,0
246,0.2726918036807715,0.34366151120799715,0
247,0.11249695748361721,0.3442735099384273,0
248,0.050538039417238556,0.34436179768727426,0
249,0.07629872256946713,0.3466047256221161,0
250,0.05897572054583,0.34814673091886406,0
251,0.03362809494711483,0.34918176355515684,0
252,0.046166855316116195,0.3492000258337634,0
253,0.032287842751919205,0.34938445792168527,0
254,0.01723468662897787,0.3494318309482599,0
255,0.2979732771122029,0.3495191507179265,0
256,0.010078038848116644,0.35325719183696014,0
257,0.27651065797102614,0.3536528884581728,0
258,0.034121159228413966,0.353820316236674,0
259,0.020107712949504752,0.3538326128969538,0
260,0.020613348344765914,0.3538326128969538,0
261,0.23752406974192686,0.3540938460527684,0
262,0.07945163362778673,0.35572467081116077,0
263,0.11441008869430924,0.3559516583620683,0
264,0.28351821977422387,0.35678231997598897,0
265,0.025951472375770335,0.35722647345956227,0
266,0.07937730807742194,0.35850315503298225,0
267,0.09911622746557625,0.35859164750835193,0
268,0.05497072329308528,0.35916660306631876,0
269,0.06447702708436387,0.36053692258013204,0
270,0.2216979213593312,0.3605420935747795,0
271,0.20735901649580324,0.3618678072845791,0
272,0.04045181159090505,0.362177501069313,0
273,0.14837995825551764,0.3623044602965586,0
274,0.23698809664697584,0.36328342121578483,0
275,0.0461026368138554,0.36449580238013424,0
276,0.04359053540805613,0.36635585610102284,0
277,0.25172270322300305,0.36672846586243435,0
278,0.01246520595533418,0.3671904426564233,0
279,0.02120804229383666,0.3676965835519529,0
280,0.21182052211408364,0.36888643414589417,0
281,0.013984309035167453,0.36968595944169036,0
282,0.06509376777299569,0.37070447532685225,0
283,0.21278736762184658,0.3715970120003257,0
284,0.27550142393699617,0.37192792049718715,0
285,0.05060667461433288,0.37311382928991177,0
286,0.36203517010582176,0.37321597296007314,0
287,0.17164066987816373,0.3732875750044461,0
288,0.017842134282781585,0.3736036406062765,0
289,0.09378486234768246,0.3752117895702243,0
290,0.06071607856452532,0.37593358732519955,0
291,0.24948129043630407,0.37634375171655154,0
292,0.3205823801448937,0.37642432086817634,0
293,0.09732688037407278,0.3768437149499856,0
294,0.03320430142910569,0.3783450787578837,0
295,0.015301486618445548,0.37844243276051204,0
296,0.11169083638962773,0.37887218657486643,0
297,0.09928779049786429,0.37905337792746774,0
298,0.06202109441349024,0.37910775675377784,0
299,0.28079731820316745,0.3801563643535959,0
300,0.0150881014561286,0.38022082624202125,0
301,0.122529420066677,0.3806961722111629,0
302,0.08257159786237578,0.3807004533096806,0
303,0.1641032085469396,0.3812086163432362,0
304,0.05444215993761792,0.38314911941585805,0
305,0.013097926781887703,0.38431261307092557,0
306,0.1132111584483193,0.38446619113948066,0
307,0.33051033735220925,0.3849596503414048,0
308,0.023085881326182722,0.3853462761245392,0
309,0.2566399595109562,0.3854108721405254,0
310,0.0999299641028194,0.38643685792356186,0
311,0.1604313936822933,0.386579091451002,0
312,0.09656247299597909,0.38679515529801534,0
313,0.31258568822080934,0.38708697168945183,0
314,0.06893935095215253,0.38787242193473415,0
315,0.16819985605585852,0.38930652696582013,0
316,0.05275244076137542,0.3894588265493266,0
317,0.024500578492192226,0.38953649130239254,0
318,0.18483467112505836,0.3895541417031375,0
319,0.03671532764391294,0.39082886319977095,0
320,0.09973315684617678,0.3909439044082752,0
321,0.013001501267021154,0.39233937343888303,0
322,0.018542312026776697,0.3923525026223921,0
323,0.009609913274200688,0.39261683474776177,0
324,0.26373254946292113,0.39367446264964245,0
325,0.01808714778236764,0.394246989120153,0
326,0.1681538992815249,0.3949271286937588,0
327,0.017306106677316357,0.3957628723658476,0
328,0.11035340141660477,0.3961420709693376,0
329,0.07803621394643445,0.396245826946076,0
330,0.008545515635064671,0.39625009615175155,0
331,0.11555518472715998,0.3967697606946502,0
332,0.36279101739302966,0.397932261617184,0
333,0.2854813117304804,0.397932261617184,0
334,0.13729799136068255,0.3980537333123845,0
335,0.38753172971155203,0.39847632527819243,1
336,0.20968177442573466,0.3989549838442259,0
337,0.010272726046862801,0.3995858882202111,0
338,0.3740541114926792,0.4004870700776467,0
339,0.0182894469938214,0.40056782899723,0
340,0.13185241545558102,0.4005779971606681,0
341,0.13124595409785755,0.4007210310174112,0
342,0.32853813681016086,0.4007210310174112,0
343,0.020105162941349675,0.4007987699087284,0
344,0.014296378581347913,0.4032789244925473,0
345,0.2248901122862219,0.4037148893520631,0
346,0.08351702864038302,0.40383717214311854,0
347,0.11051044696105605,0.40469014120585567,0
348,0.38987136604850503,0.4052015534361334,1
349,0.0958779066064317,0.4065487911621569,0
350,0.332610572715784,0.4075717207822974,0
351,0.2658734423075756,0.4080806459801901,0
352,0.23372342669336,0.4080860784768444,0
353,0.007993919571378183,0.4087632651962113,0
354,0.006126663532627696,0.4087848055058749,0
355,0.05286350281581598,0.40920548483214236,0
356,0.026213204017335512,0.40993710816631146,0
357,0.052640691856440824,0.41285804717729013,0
358,0.06899444687615519,0.41291571578025676,0
359,0.0473911140443386,0.41291571578025676,0
360,0.341562108235109,0.4131585490496441,0
361,0.13535617228942753,0.4136411218654906,0
362,0.04931201181873979,0.4138813643511208,0
363,0.12925783287451986,0.41405281345642764,0
364,0.19349921509523704,0.4161436161994785,0
365,0.05894332798523916,0.4163743767384216,0
366,0.1315555325066795,0.41672136729415143,0
367,0.2897825190612473,0.4167784803707081,0
368,0.005850090213161296,0.4169019593252937,0
369,0.02337595954126781,0.4172818529870501,0
370,0.014657097295562083,0.41728671604832146,0
371,0.02458313350319541,0.4174953381051808,0
372,0.1454513987986068,0.4187169915843667,0
373,0.012641167104616047,0.41895923586781403,0
374,0.25164140515569033,0.419694277934447,0
375,0.04636696492532033,0.4206203263472075,0
376,0.015157208781198861,0.4221051863332086,0
377,0.1027287229587105,0.4232539202600195,0
378,0.3646625790591258,0.4235905942717362,0
379,0.28956612019810046,0.42492627628902546,0
380,0.14328394256831378,0.42595545331288387,0
381,0.03838326272343262,0.42595545331288387,0
382,0.3955628621527192,0.42634183023351846,1
383,0.24317416715498297,0.4294995284250279,0
384,0.0389199877329417,0.42998249024056545,0
385,0.029952692709691586,0.43093007336448874,0
386,0.030696734742649445,0.4313152013520153,0
387,0.003752116901383995,0.43231908047330403,0
388,0.202792034023333,0.4324146715280057,0
389,0.32659985249744716,0.4324146715280057,0
390,0.1315108734332625,0.4327395071721726,0
391,0.32627137209942714,0.43460201090528616,0
392,0.0777603764700523,0.4349086770583944,0
393,0.2544065693938191,0.4350127716152361,0
394,0.02160061606071395,0.4350995019662277,0
395,0.15589340158506693,0.4350995019662277,0
396,0.023449206713824666,0.43587544851511806,0
397,0.3576975909377189,0.4361220972596017,0
398,0.13383604505351432,0.43703897860139895,0
399,0.15811937243483254,0.4370752913912872,0
400,0.18711968272492374,0.43833607900679983,0
401,0.0050453033521655755,0.4383681527945228,0
402,0.29430513329273655,0.43853029113110487,0
403,0.045136350165600025,0.4386480374783115,0
404,0.061279210008372,0.43872996890834426,0
405,0.20490977771300956,0.4401876401938588,0
406,0.1141466766599154,0.44027264399189703,0
407,0.050531332885843994,0.44027264399189703,0
408,0.26239432818299624,0.4407470300450951,0
409,0.11383083254360016,0.4424781593242132,0
410,0.014338214831166707,0.44250553837474615,0
411,0.008773162899492815,0.44265238941548957,0
412,0.02866485534773444,0.4429959718696349,0
413,0.10053157415290714,0.44307410038614736,0
414,0.31394491384082135,0.443398684691921,0
415,0.09217932321405153,0.44416239621957754,0
416,0.029100805741194002,0.4477242841829452,0
417,0.1490689411087769,0.4484489219256004,0
418,0.041677705255761754,0.4489819088707596,0
419,0.04631900093005481,0.44900563311370567,0
420,0.014168978004356236,0.4493616998466494,0
421,0.044274841791708486,0.449558556883757,0
422,0.009055140134236361,0.45106927546343145,0
423,0.10351739439526841,0.45134108744553536,0
424,0.1963210895335763,0.4515017701024344,0
425,0.26597589381895526,0.4516630641398056,0
426,0.01571495406121759,0.4516630641398056,0
427,0.4104491508604874,0.4525125935930724,0
428,0.16326234820919472,0.45282731293232825,0
429,0.2804595610678212,0.45386996394934354,0
430,0.4128475007897827,0.4541861778000973,0
431,0.005767704277793606,0.4541861778000973,0
432,0.0016689534083490498,0.45450942338741196,0
433,0.12508018706380009,0.4549085791358274,0
434,0.06183968520939753,0.4551567084701189,0
435,0.13701750507401078,0.4565908431146041,0
436,0.015397579591538313,0.4576369698820437,0
437,0.027396349754340132,0.4578695237381638,0
438,0.010704146496338551,0.45856489600120376,0
439,0.22245364827062575,0.4585659615793263,0
440,0.05952805673166184,0.4592114949769909,0
441,0.0802407038559293,0.4594992050943395,0
442,0.03259653927169759,0.45960238755831895,0
443,0.019349819570933402,0.4604455984856316,0
444,0.00789100557036948,0.4610112387283838,0
445,0.40580801730599037,0.4616977632229825,0
446,0.19271964387520513,0.4616977632229825,0
447,0.09004649596926051,0.462300053091072,0
448,0.12854434724678798,0.46330244754801153,0
449,0.36307033783925247,0.46391996565887095,0
450,0.24325953374927634,0.4640312849631698,0
451,0.007305903003887559,0.4647451495321221,0
452,0.4045824585740516,0.4650163828189171,0
453,0.17402251700212235,0.4660067990504002,0
454,0.00469543296550301,0.4666260560185964,0
455,0.014280230843676356,0.46695445777123723,0
456,0.3286463726104246,0.4671221098466313,0
457,0.011943587971787517,0.4695345807946921,0
458,0.08577299500241442,0.47032661144890753,0
459,0.009031435279314604,0.47123305602890597,0
460,0.04969715147078091,0.47192119318599557,0
461,0.03197052724782723,0.4733424529215685,0
462,0.1368365733109812,0.474968523452279,0
463,0.005165560808294334,0.4752213487343483,0
464,0.017273586820050313,0.47553684546870045,0
465,0.3081162792022748,0.47600190061656367,0
466,0.40919577024870246,0.476683851575874,0
467,0.0014753472652495603,0.47715096482981945,0
468,0.020326237900073374,0.47724997124983237,0
469,0.1467592935419848,0.47792051985682915,0
470,0.02932205775289498,0.4783633127118846,0
471,0.04280659847609447,0.47911129982966727,0
472,0.39555819514959056,0.47921730006954855,0
473,0.020435524714980335,0.4819931834352398,0
474,0.07014357626162016,0.4834674972350863,0
475,0.21548367290990555,0.4856126502178525,0
476,0.18558914667271886,0.4857566759010038,0
477,0.28749348049816137,0.486401961606442,0
478,0.004612967519835309,0.48705621352570394,0
479,0.1225237071638472,0.4910883258616203,0
480,0.004435177490472064,0.49128689770007106,0
481,0.002121916956879577,0.4915551049899085,0
482,0.05074774495220291,0.4918969108975284,0
483,0.09535097931108882,0.49221682701090474,0
484,0.03408598420377029,0.49263902358507927,0
485,0.20048422064844784,0.4936472526029261,0
486,0.18934783417439405,0.4936472526029261,0
487,0.380110489981638,0.4949894776095777,0
488,0.06582720656550334,0.49673272033268856,0
489,0.08494129390400917,0.49734352147257077,0
490,0.17114639691776135,0.4982516173505688,0
491,0.011035560272879219,0.4985735457669759,0
492,0.03570548170254084,0.49879753330420473,0
493,0.0023264127031011883,0.4991082653089327,0
494,0.04580175490502081,0.5000891858930935,0
495,0.08241175426855629,0.5020268384101159,0
496,0.05336504616762716,0.5040317785135537,0
497,0.47718193973450573,0.5045164761295399,0
498,0.24708523237385127,0.5063522959253718,0
499,0.0566112128504368,0.5066482315907572,0
500,0.43229849157182976,0.5075207038892822,1
501,0.3566165809176156,0.507551448259229,0
502,0.025591085931270685,0.5076752645137649,0
503,0.04380016852309332,0.5089293807290524,0
504,0.004297709890482171,0.5092071342863274,0
505,0.017751554826306193,0.5092336161292826,0
506,0.20362376704791352,0.5108610605871633,0
507,0.008480662702864183,0.5108610605871633,0
508,0.369903399457464,0.5112763016250842,0
509,0.4124324013200251,0.5122851564129516,0
510,0.08910933471844096,0.5134637858209036,0
511,0.37724925834215806,0.514211529454888,0
512,0.44180596468913946,0.5156921945137836,0
513,0.10041248562874916,0.5159497712114673,0
514,0.30710381872636283,0.519349137031183,0
515,0.3033170077517735,0.5194538792749589,0
516,0.013909699399853759,0.5206067183111498,0
517,0.16216945500066005,0.5213589587582819,0
518,0.008688658350573863,0.5225480488222465,0
519,0.23652140609349326,0.524590766035269,0
520,0.3381779493705659,0.5249083350752523,0
521,0.026605047632120682,0.5256469345463445,0
522,0.05503046522106392,0.5259583098195827,0
523,0.027359016069502973,0.5269555244496477,0
524,0.37948426806653,0.5281665400534079,0
525,0.033913730026568945,0.5287575413448503,0
526,0.005125333697696854,0.5291071816507427,0
527,0.03241895504499748,0.5309972075781725,0
528,0.4857076551483781,0.5318129152985298,0
529,0.2026224363851098,0.5339841862424615,0
530,0.4281050293955838,0.5345268716521194,0
531,0.09482159066398743,0.5399756872038491,0
532,0.04245749760396844,0.5411365827568233,0
533,0.2705322162255305,0.5423128178270088,0
534,0.10528026438750049,0.5431708047571526,0
535,0.0030204967182085873,0.5434855907103431,0
536,0.16759354659952586,0.5457358171085221,0
537,0.1382880650290138,0.5478238444180257,0
538,0.11827259375691368,0.5481110552732006,0
539,0.025606983740505962,0.5499623676273107,0
540,0.03384605714477984,0.5509341202338787,0
541,0.235465411256784,0.5511419835809684,0
542,0.5133118526566274,0.5535768595468592,1
543,0.47348976089529515,0.5547286882084935,1
544,0.0137345036276737,0.554767446151033,0
545,0.019255662134789353,0.5580771934485703,0
546,0.21642257162380585,0.566677263350728,0
547,0.0668528238833439,0.5717696689038946,0
548,0.02108743305020433,0.5718122028685946,0
549,0.021029305507740403,0.5733494300669137,0
550,0.09026316132287071,0.5735981876575531,0
551,0.1955415528935438,0.5736424661719408,0
552,0.04801879883625937,0.5776988971680804,0
553,0.35679446658362957,0.5781723422126521,0
554,0.16824028506419708,0.5799964196903438,0
555,0.22282390642009464,0.5864935141743803,0
556,0.46813193601741043,0.5866900505067808,0
557,0.485726569138655,0.5917827874554057,1
558,0.14969390038010733,0.5983729282487568,0
559,0.596439906376781,0.599599378890833,1
560,0.4114784286039117,0.6009152230124654,1
561,0.16500497007492376,0.6051168805825745,0
562,0.4741942601143061,0.6067527153484358,1
563,0.08594539065005313,0.6085215536679137,0
564,0.008564504881252932,0.6087243276075132,0
565,0.3279679096511591,0.6103667556007758,1
566,0.07213297370597338,0.611933637068454,0
567,0.5577951291438696,0.6120710821229187,1
568,0.4861671972854843,0.6158721809365895,1
569,0.5961366484731153,0.6165064935890902,1
570,0.1619725050802553,0.6179766857708416,0
571,0.5814554407636096,0.6208532843630835,1
572,0.0069177523455074,0.6221552655792337,0
573,0.10818576930418244,0.6254036803857853,0
574,0.38905009217642217,0.6312367456212569,0
575,0.49479778417738773,0.6364853705816098,1
576,0.6278362117655273,0.6395189266479463,1
577,0.4832433586971846,0.6420244779059407,1
578,0.6149086332729011,0.643023437166604,1
579,0.43233656563298717,0.6440237757722298,1
580,0.4461252534932889,0.6462211525544546,0
581,0.593782399318466,0.6475235867063089,1
582,0.6407997243903373,0.651658795750839,1
583,0.6379871610901057,0.6519059332011308,1
584,0.6050413592276201,0.652476559928563,1
585,0.5493063455268794,0.6552777688115399,1
586,0.44273052295161164,0.6591234311259194,0
587,0.22962306877261218,0.6618966676827519,0
588,0.6333161063990572,0.6661571114560882,1
589,0.6676609118312689,0.6701310473945384,1
590,0.6491242490454704,0.6714123931325995,1
591,0.640056530846902,0.6724331978347702,1
592,0.5768093524715442,0.6793031734639382,1
593,0.5377096279063447,0.6818634527532939,1
594,0.6248521826366717,0.685524424554766,1
595,0.5690112166157638,0.6872321725535718,0
596,0.6616213352799012,0.6900427518109542,1
597,0.6138489792767531,0.6909626140407712,1
598,0.5858114405014433,0.6925702764347133,1
599,0.6206262613029808,0.6953091426405629,1
600,0.6392069130109683,0.6953139410478167,0
601,0.6335065280100509,0.695433953193968,1
602,0.6108921109326594,0.6955138113670275,1
603,0.4944191249779588,0.6955801598957008,1
604,0.6915225452765014,0.6958646727746618,1
605,0.6158367799597608,0.6985458820116367,1
606,0.5708273791039077,0.7001999408367864,1
607,0.5098197690928439,0.7006094304818742,1
608,0.5094263329415119,0.7033192743162316,1
609,0.5641686655935217,0.7104895408988878,1
610,0.7081024249002111,0.7110646112015928,1
611,0.6083559718118197,0.7111695477589165,1
612,0.4904212375612177,0.7112861655255821,1
613,0.6850251429464767,0.7148474118005284,1
614,0.6363906478036223,0.7166636999143385,1
615,0.7118510311040608,0.7180749400835803,1
616,0.6399494113944166,0.7186874627609455,1
617,0.530578130255451,0.7189555358752854,1
618,0.7150951987891331,0.720894273015788,1
619,0.5003135167896146,0.7250634470832402,1
620,0.4094605454327719,0.7284457630297331,1
621,0.5348850275913151,0.7291376281395894,1
622,0.5130839859430448,0.7303624504442586,1
623,0.5912403111578942,0.7312692724820847,1
624,0.7043705439343128,0.7418581368511392,1
625,0.6886665522652762,0.7470703320392631,1
626,0.5944681568551793,0.7475014015974283,1
627,0.7345291586770104,0.7476362146647055,1
628,0.5564848869137933,0.7496682083858422,1
629,0.6878495904188516,0.7501592191746651,1
630,0.7112321286360312,0.7545062852312493,1
631,0.5406800380798502,0.7554452383479527,1
632,0.7485009189363607,0.7573978327649374,1
633,0.7118101025081991,0.7577552806107078,1
634,0.6768167228374237,0.7593228231079093,1
635,0.5566025351673197,0.7608954190303573,1
636,0.6097873436202847,0.7618980092734338,1
637,0.5602697514171785,0.76196038737422,1
638,0.6035615259781282,0.7622134023135457,1
639,0.3762191847474303,0.7636275220658827,1
640,0.6712808558760301,0.7645529797523348,1
641,0.7461207946347675,0.764940763483264,1
642,0.7517416453880161,0.7649863725852484,1
643,0.607330452539658,0.7653367454527924,1
644,0.6916317549359559,0.7654674206995206,1
645,0.6102565542290164,0.7662704853135767,1
646,0.49691308539130585,0.7668699450437279,1
647,0.7385040138770294,0.7676239505307069,1
648,0.7303270619439343,0.7677114356345645,1
649,0.6826133900734405,0.7680759929634293,1
650,0.5692651443234893,0.7685585141705801,1
651,0.7377013564498408,0.770794801069106,1
652,0.6614525110977238,0.774417953599625,1
653,0.7691295673294187,0.7754666494523005,1
654,0.5284628702066477,0.7754864178836275,1
655,0.5692651443234893,0.7767694387568781,1
656,0.5795964849895818,0.7781030187956465,1
657,0.7560453714176967,0.7783339414080359,1
658,0.6020617793463979,0.780303757489396,1
659,0.670218327499805,0.7828922813683552,1
660,0.5597141727488334,0.785410855001266,1
661,0.6658094574262706,0.7862416780671084,1
662,0.5561170747538464,0.7864548724851421,1
663,0.7114997466610535,0.7867794138388455,1
664,0.6489711399270521,0.7878108623412424,1
665,0.6372882406740288,0.7894879041598114,1
666,0.6529125123770121,0.791130555892284,1
667,0.6828885659827132,0.7916058274470869,1
668,0.7813811645569567,0.7940285469544818,1
669,0.5562496556680551,0.7942836894479075,1
670,0.6938930392723355,0.7943082203632521,1
671,0.7064449507349367,0.7964161230917397,1
672,0.40926596033396556,0.7964959443233086,1
673,0.7552095908994192,0.7968161617691424,1
674,0.6893303810363314,0.7981805897572842,1
675,0.5588660396511063,0.798405122966734,1
676,0.680851510353823,0.7987801927934289,1
677,0.7902421800401908,0.7998336306271817,1
678,0.7480472686927709,0.801057688521654,1
679,0.5983068686952207,0.8020250544745877,1
680,0.545754061805519,0.8032799308905972,1
681,0.7607943488946501,0.8079199548517909,1
682,0.6473816020975189,0.807949967519103,1
683,0.7059051188671781,0.8081654069024321,1
684,0.7128035592070684,0.8081964619278003,1
685,0.6865571508288758,0.8093458247177197,1
686,0.3055486620346387,0.8102532867972606,1
687,0.6437525028240589,0.8118996690745147,1
688,0.5140935501993712,0.8143566216402482,1
689,0.758549921290478,0.8145238766612991,1
690,0.5442611621670167,0.8161247331835454,1
691,0.65721826181463,0.8165239864837752,1
692,0.5960942471425078,0.8175430480159115,1
693,0.593782399318466,0.8189609965391257,1
694,0.7110856720981273,0.8189826633680894,1
695,0.7025869412042645,0.8194167581897468,1
696,0.7060438134699254,0.8197788777087682,1
697,0.5705430749487813,0.8216383772166922,1
698,0.33202152742439517,0.8225389835651831,1
699,0.6698663128952427,0.8246660698610163,1
700,0.8199821812595145,0.8254572331104777,1
701,0.6260715506822222,0.8257799381906538,1
702,0.425211106900798,0.82588379430599,1
703,0.4930820123208959,0.8273397275391056,1
704,0.3350499460636297,0.8275967314191665,1
705,0.6037552597149206,0.8286011774350667,1
706,0.7326079104893802,0.8288240487435891,1
707,0.5991568052300095,0.8297994173537947,1
708,0.6955383927334406,0.8302742430237142,1
709,0.7034535527333087,0.8304368579678786,1
710,0.5000891858930935,0.8307365974304528,1
711,0.5875389264228826,0.8318685556198206,1
712,0.7587223410025006,0.832317124446723,1
713,0.7060630477512455,0.8329985294792164,1
714,0.6328873034481983,0.8351310158092493,1
715,0.7525669472255314,0.8360715559039704,1
716,0.7543442048086655,0.8360915927030874,1
717,0.7446436232255789,0.8368405020544887,1
718,0.4692442070073627,0.8373579570721804,1
719,0.7395287442352647,0.8376374213472279,1
720,0.6102565542290164,0.8383318083623357,1
721,0.5680380373321817,0.8409547592811402,1
722,0.7662494776763294,0.8415042257537504,1
723,0.7622868529481373,0.8441347980069156,1
724,0.7772747488041467,0.8443326159912897,1
725,0.5279440945986504,0.8448532053394056,1
726,0.5764882771935891,0.846901962535804,1
727,0.8300866614336434,0.8483983016684546,1
728,0.7616963598775337,0.8495338332457424,1
729,0.814526880149933,0.8510530399453963,1
730,0.6852064644772307,0.8510685090889123,1
731,0.5429197125954474,0.8512555197736327,1
732,0.7910579226898661,0.8515060053742207,1
733,0.5442611621670167,0.851564604710468,1
734,0.807862629487511,0.8517061837545301,1
735,0.630421661485715,0.8533990354525695,1
736,0.6513313592241092,0.8537849177704494,1
737,0.6969189135552281,0.8539352417454482,1
738,0.7891243849169262,0.8545397077260565,1
739,0.7337570809964292,0.8548744838011819,1
740,0.7113592641033673,0.85534159153491,1
741,0.7550334732875458,0.8568697652930958,1
742,0.8503326385155917,0.8575957912713081,1
743,0.8425007553082792,0.8579351522905478,1
744,0.8554105657433142,0.8579937839529594,1
745,0.5987784744612972,0.857999971501473,1
746,0.811439088760089,0.8582291515110632,1
747,0.6121959936269118,0.8590883481885182,1
748,0.30997022355912107,0.8602977521889292,1
749,0.5453964139443935,0.8603205090171433,1
750,0.7205612402198488,0.861039644387063,1
751,0.8497863480974918,0.8610695872391375,1
752,0.683800650557776,0.8615680615728063,1
753,0.6316711081894167,0.8623399151429992,1
754,0.6616717560640722,0.8626161056360392,1
755,0.752027579263644,0.8627574524651365,1
756,0.49473729106445175,0.862981585346114,1
757,0.5960942471425078,0.8630469863793259,1
758,0.45460420190372786,0.8640733768163793,1
759,0.6678104204393661,0.8651594243158028,1
760,0.8028977145627799,0.8659508954486561,1
761,0.6232458380434075,0.8669257250625364,1
762,0.6856222848787393,0.8674655565721096,1
763,0.7917306548300357,0.8681396029355577,1
764,0.7521717755009264,0.8694900302239932,1
765,0.6080743474147883,0.8698505041293022,1
766,0.5840817026638953,0.8714861471363377,1
767,0.7920307578235721,0.8716981965846792,1
768,0.787193810048815,0.8722818060294678,1
769,0.5982357325869458,0.8723419186861807,1
770,0.6408241715872987,0.8743545852011099,1
771,0.7106452895395344,0.8747106536684445,1
772,0.675983881124912,0.8751194511852455,1
773,0.7705379524942175,0.8753717683799319,1
774,0.867565354020658,0.8753836775528352,1
775,0.49544317578092134,0.8756446083724908,1
776,0.8577308235083667,0.8761837287418852,1
777,0.5475220394575023,0.8773197344816551,1
778,0.7759488169478724,0.879353831781594,1
779,0.7154921842394589,0.8795755180816165,1
780,0.6231270732216503,0.8796971097680586,1
781,0.706517766608132,0.87998896671002,1
782,0.45942844010147454,0.8801022835765568,1
783,0.8529642460063893,0.8808595187414492,1
784,0.6641546340531604,0.8811295763623871,1
785,0.5701113446119471,0.8812571547117031,1
786,0.5353642384033332,0.8812980061383794,1
787,0.6919714207087856,0.8815564477942511,1
788,0.8688246885226243,0.8819211543106491,1
789,0.5832858962132705,0.8828409077379596,1
790,0.7544871315861125,0.8831558924323231,1
791,0.7617139024962101,0.8836004500763838,1
792,0.5239304676835627,0.8843760349583135,1
793,0.5436726050846098,0.8844745930570131,1
794,0.5944681568551793,0.8846119499297208,1
795,0.5120002774603917,0.884959362022066,1
796,0.756937870849636,0.8851314083859437,1
797,0.8737205920233052,0.8859118183412846,1
798,0.7449748838296034,0.8859969505816623,1
799,0.8357194120919247,0.8864647183230109,1
800,0.6410790229733966,0.8879359479368009,1
801,0.7110579268909013,0.8883915187371708,1
802,0.6850402322077359,0.8892680856124742,1
803,0.646719830662832,0.8896632209402963,1
804,0.685135371089439,0.8910787120965227,1
805,0.5880639198228608,0.8912272397554192,1
806,0.6525891740356903,0.8918534588284606,1
807,0.629938454197017,0.892355893088661,1
808,0.6114811982209228,0.8943644947903414,1
809,0.663112039078954,0.8946067817363379,1
810,0.7854771138643182,0.8951832625473284,1
811,0.49335680191964915,0.8953108141180459,1
812,0.7369513088230241,0.8981946879428832,1
813,0.5466109020845759,0.8991616052604364,1
814,0.7512813801094851,0.8992631397328912,1
815,0.7497100527603114,0.8998198409653048,1
816,0.5867165041321057,0.9000482644717149,1
817,0.8529642460063893,0.9000762535891447,1
818,0.8864068846484544,0.900104562127454,1
819,0.6278362117655273,0.9001315463058573,1
820,0.8342179525675694,0.9009093583185795,1
821,0.5369536248480351,0.9013959190577886,1
822,0.5279762618251128,0.9014649329537555,1
823,0.6021609084378039,0.9015963725625897,1
824,0.746469124827981,0.9016738163503472,1
825,0.6827710591892675,0.9016974506199689,1
826,0.779641425275341,0.9025444295617632,1
827,0.4083555585255009,0.9033011273426002,1
828,0.5180986090591816,0.9035046888558663,1
829,0.7046834445730775,0.9037557415760437,1
830,0.8314122298473862,0.904224476716914,1
831,0.39989913920762754,0.9053749689843709,1
832,0.5540177423784585,0.9066329792704965,1
833,0.46104204912774793,0.9078463402084728,1
834,0.6682184618186533,0.9079324062225971,1
835,0.6518212743664602,0.908212251860492,1
836,0.6924766487012534,0.9098626392179581,1
837,0.7011169321543185,0.9101428211059869,1
838,0.6641546340531604,0.9105835657306163,1
839,0.6356817858623501,0.9107095857517539,1
840,0.6982939289929436,0.9115886370059281,1
841,0.49305205458639834,0.9116830700783872,1
842,0.7423970133080051,0.9122735812439874,1
843,0.707497652060282,0.9122976548121627,1
844,0.7943469270701997,0.9123979786111553,1
845,0.5912452900591825,0.913052659738076,1
846,0.6142775883359862,0.9131461064602231,1
847,0.6792919058983398,0.913385259212143,1
848,0.7320693121591989,0.9134611116731977,1
849,0.670616352028809,0.9140766239388027,1
850,0.8650938667286127,0.9141722077669004,1
851,0.5994296377548034,0.9143535099863462,1
852,0.6962999131610035,0.9143926596768681,1
853,0.567073052408917,0.9145158372597321,1
854,0.750178260916592,0.9157893868851256,1
855,0.5701262418798887,0.9159860295154939,1
856,0.5766924023775044,0.9161270719857232,1
857,0.8093829851898287,0.9162403893565582,1
858,0.6594592398039888,0.9163755792601291,1
859,0.4349350542866959,0.9163771736194806,1
860,0.6300134558851533,0.916944912086511,1
861,0.47484118264781794,0.917330445433387,1
862,0.7463535754424682,0.9184318358881246,1
863,0.5568315964140906,0.9186629119317224,1
864,0.737332123893885,0.918686028193037,1
865,0.8438374774493519,0.9191525223722353,1
866,0.7367049356167288,0.9192110767219767,1
867,0.5613143779540489,0.9198418858469901,1
868,0.7901652262479296,0.9199638695839055,1
869,0.6116126181530595,0.9200152553542201,1
870,0.8973942419890759,0.9206586663590666,1
871,0.8722292489711749,0.9212066032020934,1
872,0.679791041952446,0.9214032898224301,1
873,0.6962999131610035,0.9214270480756195,1
874,0.5269895297850984,0.9220140617112323,1
875,0.6598738138558526,0.9239439276715373,1
876,0.700283244660765,0.9239439612043918,1
877,0.611211076745991,0.9243378326626941,1
878,0.8018475345116475,0.9245416995950825,1
879,0.9220046149978051,0.9264337686991979,1
880,0.5282864156748138,0.9264508169016016,1
881,0.5937634690678228,0.9268879813120227,1
882,0.8173413153553379,0.9270957001342826,1
883,0.6529125123770121,0.9274809529156852,1
884,0.8317297373010347,0.9280289974274343,1
885,0.6774721097919224,0.9287131279575672,1
886,0.6927302157513431,0.9292460682581754,1
887,0.7953377487862047,0.9295959975073914,1
888,0.5776988971680804,0.9298561162060203,1
889,0.83427145472267,0.9308442527688089,1
890,0.7132781694539951,0.9309353833763857,1
891,0.6702252419428116,0.9314361040595596,1
892,0.7564389712436,0.9316915269407354,1
893,0.6510250934261315,0.9317544430340842,1
894,0.6079046505506948,0.9322158631556836,1
895,0.4804432788325196,0.9322355857446887,1
896,0.7114997466610535,0.9325258317211002,1
897,0.6952211051993064,0.9332520853560687,1
898,0.6396323576644038,0.9354396007942357,1
899,0.536083124402145,0.9360316774013822,1
900,0.7919818716759246,0.9360858574540111,1
901,0.6558182124546945,0.9363639167509508,1
902,0.7292982583127366,0.9364267957679555,1
903,0.6119170954460178,0.9371039213438064,1
904,0.5689077269163949,0.9375862966461015,1
905,0.5566685651230272,0.9379526002201046,1
906,0.5124126423916305,0.9380948376746996,1
907,0.7242777080122653,0.9386386202221545,1
908,0.46350264658910423,0.9395149154442974,1
909,0.8514972260559224,0.9396264986299183,1
910,0.6640840749220572,0.9399291868605376,1
911,0.37634375171655154,0.9400637087820997,1
912,0.6491355482483798,0.9402350735102506,1
913,0.509224012489471,0.9402734395510384,1
914,0.4352156218731138,0.940402214809101,1
915,0.6759328863933981,0.9411292014311107,1
916,0.6991845941105786,0.9412024689429285,1
917,0.8585651008769422,0.9412293714544948,1
918,0.6162145575899359,0.9413422155774877,1
919,0.6924766487012534,0.9416769910854381,1
920,0.8151633678123471,0.9416964627400488,1
921,0.7748787913040692,0.9417106470660591,1
922,0.4568206820227453,0.9417408236886757,1
923,0.6134170078376547,0.9417810536932656,1
924,0.4383681527945228,0.9419505367156495,1
925,0.6993883797888765,0.9422398359621096,1
926,0.71485080948669,0.9430688472027531,1
927,0.8319592603248008,0.9431997574891275,1
928,0.6551294068240955,0.9442538630327383,1
929,0.6832845263692576,0.9458312994278638,1
930,0.8035806045329466,0.9459746883507489,1
931,0.5820173926112239,0.9474217169275819,1
932,0.7374649645999886,0.9483880728533524,1
933,0.7139578464791335,0.9488109017967441,1
934,0.6955745475185644,0.9501562104294239,1
935,0.6829035054257336,0.9502843213966512,1
936,0.7513385204521718,0.9503601641883156,1
937,0.6461360500164952,0.9506912587159493,1
938,0.8437571951035422,0.9507810114774529,1
939,0.4305054342479543,0.9508135170348146,1
940,0.6376724038524508,0.9514367610680612,1
941,0.7118510311040608,0.9519179843283451,1
942,0.584366249077674,0.9520503804927957,1
943,0.6888646154359812,0.9521020450811547,1
944,0.6169786869284151,0.9524753358775371,1
945,0.9443945825012823,0.9527555917784905,1
946,0.6568698456323441,0.9532511018300215,1
947,0.7273246290377418,0.9537504152933183,1
948,0.6494879318834952,0.9538390641053626,1
949,0.6506796228916331,0.9544693530801401,1
950,0.723880362206944,0.9545686461384758,1
951,0.7965744049853395,0.9548759862939241,1
952,0.47248945977678847,0.9550372031784428,1
953,0.5733494300669137,0.9561700363587929,1
954,0.715064396832907,0.9564261775901661,1
955,0.5664806903384068,0.9567215480283564,1
956,0.7454766063858553,0.9568129131290461,1
957,0.5234399395072998,0.9570762130997668,1
958,0.8214215656844586,0.957922688444068,1
959,0.5120002774603917,0.9581577422990677,1
960,0.6312774872839689,0.958838308159556,1
961,0.9421433568286053,0.9593072998123523,1
962,0.6068514623798634,0.9596507570261523,1
963,0.6092080519613402,0.9598871063600859,1
964,0.8582992455391594,0.9600318487450062,1
965,0.6910195334600644,0.9607606702674206,1
966,0.6763817007726928,0.9609156741303981,1
967,0.5698524867156302,0.9621949945937618,1
968,0.7859075925110953,0.9623610610419021,1
969,0.5621498073200769,0.9623806562130861,1
970,0.6021609084378039,0.9624332371702579,1
971,0.7769675913172969,0.9626165855233364,1
972,0.5496839780772522,0.9629010602762776,1
973,0.6772172133946832,0.9639449176972705,1
974,0.9131038590000214,0.9647824945169634,1
975,0.6216248371330796,0.964890031798158,1
976,0.860816420189363,0.9650429758166518,1
977,0.5768688372106244,0.9651711678514059,1
978,0.6097873436202847,0.965317319782896,1
979,0.6617582493619235,0.9653196192440991,1
980,0.5446608449975406,0.9654078391935577,1
981,0.4352156218731138,0.9662693573093686,1
982,0.7593267299513222,0.9664129384437864,1
983,0.6768598606369758,0.9667220302193726,1
984,0.6583122645774793,0.9671407840347327,1
985,0.7135170519171098,0.9672537155656548,1
986,0.5443178137563166,0.967316359279172,1
987,0.5199499262421833,0.9675473962365753,1
988,0.4902959072047699,0.9678074611634205,1
989,0.5361665909934666,0.9679368699151815,1
990,0.8120301273702476,0.9679590863771016,1
991,0.8366768612604936,0.9681233497483949,1
992,0.5819861552746198,0.9684094619294482,1
993,0.6507112874630152,0.9685177267620294,1
994,0.45336297826364425,0.9685563907873007,1
995,0.6103802066483572,0.9687287650849535,1
996,0.5864351105040839,0.9689455349925677,1
997,0.7984309508511679,0.9691377619995649,1
998,0.5629062752457703,0.969547202512617,1
999,0.5170422365896941,0.9697727345986287,1
1000,0.44025741680322805,0.9698710009060643,1
1001,0.6027591278082579,0.9708310115399622,1
1002,0.5976837341823635,0.9715656024518997,1
1003,0.6443935613829911,0.9717759119749991,1
1004,0.8628724740174665,0.9726943218938227,1
1005,0.46714362016654,0.9728176591779619,1
1006,0.675973436287034,0.9732756586672804,1
1007,0.6399571030240374,0.9733637244212052,1
1008,0.774437427504857,0.9743360537059933,1
1009,0.5438526455710551,0.9744006652515326,1
1010,0.7798375644847847,0.9744264660165626,1
1011,0.726888209781224,0.9744545273888403,1
1012,0.6881555223184115,0.9745007954515019,1
1013,0.5385451387921502,0.9748147854776769,1
1014,0.5432895076298903,0.9749430674368759,1
1015,0.5705599672751819,0.975779872386326,1
1016,0.5337348367779633,0.9760917568352979,1
1017,0.613571359398787,0.9765561727747535,1
1018,0.5671855240138106,0.9766718728620494,1
1019,0.8174313458397185,0.9769186199535083,1
1020,0.667539552064708,0.9772455725070602,1
1021,0.7305532427788131,0.9772827857357802,1
1022,0.6408241715872987,0.9773505847642799,1
1023,0.5403936333515255,0.977391822792317,1
1024,0.5430551600466452,0.9774268073856607,1
1025,0.5285059198855564,0.977479949092973,1
1026,0.549833134535398,0.9782268482632004,1
1027,0.5067716885730256,0.9783431604478523,1
1028,0.5191330449470375,0.9790074567936146,1
1029,0.663494116274761,0.9795000831553355,1
1030,0.6059718392389812,0.9798579503437004,1
1031,0.6292011384437126,0.9798609617834965,1
1032,0.47476683468717695,0.9799498191104972,1
1033,0.5478238444180257,0.9799672638970924,1
1034,0.7901559112241079,0.9803854526935016,1
1035,0.5906058779013738,0.9808718519803918,1
1036,0.4636821285068293,0.9809417545299275,1
1037,0.4726555983784815,0.9810042663627804,1
1038,0.5955693543590764,0.9810822962636717,1
1039,0.5568315964140906,0.9813791006957799,1
1040,0.6054762042478233,0.9814221441581223,1
1041,0.5411365827568233,0.9814777919268517,1
1042,0.7091998005337024,0.9817121750119631,1
1043,0.5392773099743875,0.9821981591370583,1
1044,0.5479236608154686,0.9824212383895923,1
1045,0.4647156631459429,0.9825350775748993,1
1046,0.571387039404364,0.9830660401812297,1
1047,0.5235988177778973,0.9834185788059792,1
1048,0.5629781254493644,0.9837736294341558,1
1049,0.5895756587385985,0.9838264984669477,1
1050,0.5798008906197212,0.9841279779673187,1
1051,0.5432688307828277,0.984277174257665,1
1052,0.5309972075781725,0.9848094921258362,1
1053,0.5457358171085221,0.9849918155717199,1
1054,0.6060102328178424,0.9850222262058536,1
1055,0.6510451381971516,0.9854501505699939,1
1056,0.5819119764342015,0.9855008989536038,1
1057,0.5628792507016962,0.985646430187751,1
1058,0.5392441453948991,0.9858181178685312,1
1059,0.5462984576848172,0.9864794891460957,1
1060,0.5267118732657157,0.9866390096717891,1
1061,0.6790481554328861,0.9866629084435907,1
1062,0.565232788016986,0.9868733936597195,1
1063,0.7118819577627543,0.9869081254536436,1
1064,0.5861122090364008,0.987201309317473,1
1065,0.5076752645137649,0.9873932592760017,1
1066,0.5318129152985298,0.9886059887993828,1
1067,0.6167095885730027,0.9886677632897114,1
1068,0.6312445254906903,0.988992931579534,1
1069,0.6622962559395149,0.9892467840373722,1
1070,0.7552965893446115,0.9894623478190469,1
1071,0.5111449993060111,0.9894724115499739,1
1072,0.5514911764340916,0.9897738888835175,1
1073,0.5352753423093214,0.9903243655389948,1
1074,0.5285827820713466,0.9905007596005815,1
1075,0.6995679144650451,0.9909714609375129,1
1076,0.4407366779392907,0.9911717104773013,1
1077,0.5238721440238776,0.9913848440158528,1
1078,0.5653065812460798,0.9919278440934471,1
1079,0.5944403410145386,0.992224531430233,1
1080,0.5454396524985904,0.992280770314213,1
1081,0.6273136427606828,0.9924023902657808,1
1082,0.5512473490817544,0.9925048182048307,1
1083,0.9657161545622975,0.993321025902158,1
1084,0.5899078567152433,0.9933995448858252,1
1085,0.8403479731740564,0.9934421174881896,1
1086,0.5403936333515255,0.9935108288632098,1
1087,0.5150230262258993,0.9935390620346299,1
1088,0.5940601265088282,0.9938335291429683,1
1089,0.5193793903138764,0.9938549277967198,1
1090,0.8596130693728264,0.9940130346077425,1
1091,0.6111058057472397,0.9945608795289979,1
1092,0.5293584024666002,0.9946302099238565,1
1093,0.5872301136776357,0.994863612928342,1
1094,0.5467206855280402,0.9948799134304473,1
1095,0.5138323901872028,0.9950888103876451,1
1096,0.5079208452755307,0.9951691995161986,1
1097,0.6868242482649103,0.9953812204498217,1
1098,0.5268674067563026,0.9954416470921965,1
1099,0.625709174613632,0.9956657369313089,1
1100,0.5479861292370967,0.9957411482554767,1
1101,0.5471729909157406,0.9958566323194836,1
1102,0.5406326918603629,0.9960201327396838,1
1103,0.5138506929155223,0.99712939428194,1
1104,0.49967266390993603,0.9971784532340721,1
1105,0.5169236699245167,0.9973476188822215,1
1106,0.4562806082316748,0.9974150230176311,1
1107,0.5588660396511063,0.9977208639665069,1
1108,0.5109775513159965,0.9978938916746222,1
1109,0.49473729106445175,0.9981251600578386,1
1110,0.712600738556333,0.9982092009578393,1
1111,0.5108622234095296,0.9984677871575288,1
1112,0.5108078491756805,0.9991385148968485,1
1113,0.5124126423916305,0.9992943491856894,1
1114,0.0007001015505755381,inf,0
1115,0.49678961465939875,inf,1
1116,0.5097197126869848,inf,1
