,Birth,Death,Dimension
0,0.016597504550877495,0.02945527898259026,0
1,0.029599637339566387,0.029836803258976197,0
2,0.0016426594527029215,0.03994722891463265,0
3,0.05062196581463929,0.05508655008104735,0
4,0.01812381254847406,0.07051940696391379,0
5,0.05501730067290467,0.07232135315420807,0
6,0.0730426113991216,0.07641087407945213,0
7,0.0029178441639389208,0.07829004340342849,0
8,0.05633653411147643,0.08551988755015905,0
9,0.05217602450842318,0.0896673312366868,0
10,0.08803405902330186,0.0919061252158403,0
11,0.058304791713682524,0.09345282917227726,0
12,0.04675768136848657,0.09699535593982322,0
13,0.038180860789190696,0.10197618350935045,0
14,0.02534186416458617,0.1062839932894476,0
15,0.03080155129116935,0.10737270288061385,0
16,0.0834987781517379,0.10808049207279524,0
17,0.08519989293098573,0.11075073980161942,0
18,0.07136975399470002,0.11237611989544749,0
19,0.081938869476184,0.11426551367709836,0
20,0.05072334390582045,0.11476670088329521,0
21,0.08490840918710962,0.11796318438394249,0
22,0.09386557042164256,0.11797485406592068,0
23,0.08998907287183833,0.1181789714465733,0
24,0.08891990063221822,0.12022570121797438,0
25,0.05591087878646739,0.12123105745170315,0
26,0.10727054626986854,0.12335456231718955,0
27,0.05700933910806549,0.12415004983806943,0
28,0.058319956855055866,0.12441205216599105,0
29,0.010409238754138128,0.12457410390380175,0
30,0.031000944202743685,0.12606019865658735,0
31,0.05468466687283413,0.12606019865658735,0
32,0.08761863224348343,0.1281111081467442,0
33,0.1254403417241372,0.12871910625026883,0
34,0.09989467886506143,0.1328885600864267,0
35,0.12131366959246803,0.1337186674466676,0
36,0.10203951928592425,0.1346206464368731,0
37,0.02647583945878207,0.13582049997128043,0
38,0.11321448433058368,0.1381170439616134,0
39,0.024099842370496116,0.14031674391187943,0
40,0.08546010818895788,0.14282692959401233,0
41,0.07451420556061572,0.14283629888681182,0
42,0.07715463314229842,0.14368507599634162,0
43,0.06423724161757882,0.14380349713259688,0
44,0.023844585520784056,0.1480294236955988,0
45,0.13317194947982913,0.1519849425014218,0
46,0.035689789628075674,0.15476072776868455,0
47,0.05544503049703309,0.1581539327026078,0
48,0.055656339944348376,0.15837030343537983,0
49,0.07333697130228856,0.1612679337355849,0
50,0.12294062443295228,0.16143732698059798,0
51,0.12196955377355401,0.16272677420994164,0
52,0.02662922325941397,0.16285014567840395,0
53,0.10624048628410976,0.1631407243159344,0
54,0.0012359170337160608,0.16364569450962796,0
55,0.0848357452186238,0.16463800479926705,0
56,0.07192174456869549,0.16510130104151366,0
57,0.1365921584655998,0.16568558723902416,0
58,0.07425227891820463,0.16746479331161268,0
59,0.034813135475924684,0.17045527945114014,0
60,0.08588205148818384,0.17200278809867464,0
61,0.10842397202170728,0.1727832107166255,0
62,0.053391052554705776,0.17392483244786106,0
63,0.12264872744808519,0.17467163078663006,0
64,0.04224844116248894,0.1747541760996839,0
65,0.0702297943072927,0.17505172589564588,0
66,0.03091906800619404,0.1773613815851638,0
67,0.12656210092397968,0.17833669362460214,0
68,0.1721572754939359,0.1790541355187858,0
69,0.08803119022517247,0.17924470821549332,0
70,0.09712287568951894,0.18018283189772388,0
71,0.06423888154606483,0.18285055635717773,0
72,0.03758230816984942,0.18292558396273384,0
73,0.1772080716126676,0.18318208354883203,0
74,0.1250350110212327,0.18348765791668153,0
75,0.16683485561007105,0.18399295446369035,0
76,0.0701182499493136,0.18417962197888804,0
77,0.09282776029349182,0.18829338747930757,0
78,0.010469282441976202,0.19042371617345977,0
79,0.07838176524125917,0.19042371617345977,0
80,0.05966587273905921,0.1922705845680447,0
81,0.04872107988601038,0.192869534685292,0
82,0.15165464271489837,0.19289924846187378,0
83,0.18800293405557167,0.1930837322851654,0
84,0.07619504413800593,0.19319378100933793,0
85,0.06839897607437029,0.19328160935350536,0
86,0.07924832151790884,0.19355658559705502,0
87,0.10501243904444724,0.19539085635178133,0
88,0.16010560849231903,0.19609417377407823,0
89,0.0845412283376048,0.19659223595645947,0
90,0.06590691584889208,0.1976259144173762,0
91,0.06571208126321948,0.19981361350087734,0
92,0.15693738345990005,0.20002718621367777,0
93,0.03560667885930502,0.2006363067339737,0
94,0.07939873080523518,0.20071144577394318,0
95,0.11494212210662569,0.20143487721797726,0
96,0.1733248575301195,0.2034289403904902,0
97,0.09944327995601032,0.20533511887788725,0
98,0.12252757556192573,0.20576064588985643,0
99,0.036333904225840596,0.20612219463921633,0
100,0.12745979085164116,0.20805783335080996,0
101,0.11464005267019917,0.2089048753793109,0
102,0.057874752559492815,0.21071244304014525,0
103,0.027117246616589985,0.21306044175457928,0
104,0.07753985794632845,0.21329657556587778,0
105,0.16674760434470515,0.21445317225940852,0
106,0.011141739006060858,0.21477829164044526,0
107,0.14839408412214283,0.21518996168344684,0
108,0.20899002284584722,0.21567466896869303,0
109,0.0425895405282084,0.21583765317431092,0
110,0.016525940178292453,0.21631724162933985,0
111,0.021907493923296828,0.21654977215659865,0
112,0.029908921847292436,0.2168128894012642,0
113,0.019337354269267415,0.21696845265984677,0
114,0.15186060966950787,0.21889037815353918,0
115,0.08433526193159668,0.22012861906860037,0
116,0.1330785320410911,0.22015657340676675,0
117,0.02122976641307217,0.22020519907711678,0
118,0.09814988602815733,0.22032759475769814,0
119,0.0526646029443788,0.22045403200476021,0
120,0.08748742959439182,0.22063986598922358,0
121,0.17300900528652652,0.22186746018706938,0
122,0.03532935027185924,0.22236391820112367,0
123,0.09143376131553482,0.2226103125063117,0
124,0.13566648041762175,0.2234290675265289,0
125,0.19941848360668868,0.22369662368667065,0
126,0.13464379640204382,0.2255505578450714,0
127,0.11235475234296555,0.22587084105643873,0
128,0.12392746214481543,0.22608056690842182,0
129,0.17853045111534716,0.22831296583661898,0
130,0.06417200822255198,0.22831296583661898,0
131,0.11115839346809087,0.22956687438607626,0
132,0.2001695512881948,0.23037547598238617,0
133,0.1436464016157104,0.23064510029666452,0
134,0.13158081942051725,0.23100082190454985,0
135,0.22916799215563333,0.23154164227115892,0
136,0.1749198491221291,0.23240895595792022,0
137,0.09165410794436357,0.23344459542002471,0
138,0.14353062668448724,0.23363691299067424,0
139,0.06815550333379305,0.2340950047905287,0
140,0.08898368180294836,0.23456389213264672,0
141,0.07684642544035059,0.23473943436815603,0
142,0.07875947388244087,0.23609670101796543,0
143,0.1676912575596361,0.23618227848265672,0
144,0.1785952291156767,0.23646954870576398,0
145,0.11568290913562251,0.23681834553548364,0
146,0.202662354338218,0.2368280798392176,0
147,0.1379207264591752,0.237073614874169,0
148,0.05872886140890743,0.23831645703022797,0
149,0.16693698607869167,0.23857983333652688,0
150,0.11263123300056999,0.23858486673488255,0
151,0.04800603844113294,0.2402720239938505,0
152,0.17172429710002646,0.24056343228882326,0
153,0.20813494526615695,0.2406964529646909,0
154,0.03572056839749305,0.24088881676565777,0
155,0.07036777380286474,0.24098746417848582,0
156,0.01889267449250942,0.24162419904124288,0
157,0.13047013757554715,0.24282111519654626,0
158,0.045668296595435365,0.24497602359910697,0
159,0.19896904160431894,0.24508690533209432,0
160,0.11854061852392905,0.24608679355732876,0
161,0.18063402095865788,0.2460903601585832,0
162,0.09827200715871409,0.24653739793631346,0
163,0.05131193240767995,0.24898953102570065,0
164,0.04208085646711501,0.25225422750933635,0
165,0.21810425731574268,0.2540797000705304,0
166,0.23477185109353604,0.25467186770844896,0
167,0.09943464547734993,0.25478772448338904,0
168,0.11998879227185921,0.25481393533923535,0
169,0.04423549559412121,0.2561849931283747,0
170,0.14611209008194836,0.2566180963835022,0
171,0.23214320489314932,0.25667001881015183,0
172,0.21370519574538582,0.2572406454210012,0
173,0.08018865898902838,0.25895955509636737,0
174,0.18676347873776367,0.25947898192841234,0
175,0.2411389066502062,0.26009309110216294,0
176,0.03239587733297844,0.2601737405730521,0
177,0.11664906475132619,0.2611020872735478,0
178,0.1466764944994705,0.26111137485423097,0
179,0.11167102433478615,0.2613685487934524,0
180,0.10114227062669268,0.26217194163235313,0
181,0.2545808630551507,0.2630151006507594,0
182,0.06447636466776674,0.2636037242952307,0
183,0.10801239267539908,0.26372281184618973,0
184,0.10441274733430583,0.26372281184618973,0
185,0.21465780803749535,0.2639960706551586,0
186,0.2493581660424401,0.26423665733292,0
187,0.07230303288019291,0.26423665733292,0
188,0.09007350857352958,0.2644835673607495,0
189,0.09910217837591939,0.26517483168351963,0
190,0.12736271208683503,0.2656527094853043,0
191,0.15985894091928776,0.26603507802992243,0
192,0.04481200194851631,0.26603507802992243,0
193,0.017560825427033078,0.2662331671251713,0
194,0.15551992850651164,0.2662331671251713,0
195,0.11794793225735589,0.26638416346330607,0
196,0.2143128371422146,0.267109583715752,0
197,0.09054721303147673,0.26713715284375006,0
198,0.08408324350959695,0.26713715284375006,0
199,0.13110789916880605,0.26716018952661513,0
200,0.06432711286619441,0.2673334993324973,0
201,0.23164271266454906,0.2681051908434492,0
202,0.14243360399515226,0.26891962438787986,0
203,0.12786289759177127,0.2690209699278703,0
204,0.02416900149527157,0.2694097255947848,0
205,0.20634931483836516,0.2699754753682774,0
206,0.1929872686123224,0.272460106623469,0
207,0.07681509366723116,0.27274378789918474,0
208,0.003148845129786304,0.27311517115177286,0
209,0.07161219507294736,0.2734493205226901,0
210,0.12210780511345765,0.27425676376196906,0
211,0.23246408143216923,0.27516523366137835,0
212,0.011052256091738988,0.27639401815747966,0
213,0.059654542749573714,0.2767683802016636,0
214,0.09434970546350219,0.2768820229326042,0
215,0.24534378838326198,0.27703517814742007,0
216,0.13011807518256147,0.27703517814742007,0
217,0.044338752278745064,0.27708843278463624,0
218,0.1600379539827521,0.2775710680076986,0
219,0.05219100689186307,0.27844968129481684,0
220,0.2178033870173811,0.27919671574694116,0
221,0.02153395700882388,0.2793320654464395,0
222,0.020187004756237692,0.28133284845312867,0
223,0.04898649161020019,0.2818692918372585,0
224,0.28175240325620377,0.2821558739955362,0
225,0.22715827245961562,0.2825159928486606,0
226,0.05428617610968767,0.2830056342723579,0
227,0.12990721290911345,0.28339956334305694,0
228,0.01949177070790309,0.2842407872489432,0
229,0.036770036552705276,0.2845422487266621,0
230,0.24874414121512678,0.28495893563955554,0
231,0.2811474084687421,0.28695357158388113,0
232,0.0754653326567889,0.2875045483952696,0
233,0.27318088667885865,0.2875741270235149,0
234,0.12310973838353967,0.2878954363722126,0
235,0.10059037340470522,0.2887367452551305,0
236,0.23270035605961215,0.2890135126497999,0
237,0.0014640193036088434,0.28947082025685555,0
238,0.21164688649191532,0.29045201567532974,0
239,0.03163476198007209,0.290742640403039,0
240,0.15491206535418478,0.29145343475535623,0
241,0.24462489527337428,0.292322562647537,0
242,0.10058208360236653,0.29369118871043,0
243,0.2413044231394419,0.29410498662699613,0
244,0.15275492720654882,0.29645500140211656,0
245,0.23273581299280932,0.2964858344196937,0
246,0.03701000367698959,0.2964858344196937,0
247,0.11669009420603305,0.2969197834015752,0
248,0.23660013635404298,0.2973414838681727,0
249,0.22652868495640266,0.29849832976580704,0
250,0.26527317519817695,0.2990385969146323,0
251,0.14073835091382147,0.29974050136764885,0
252,0.05776276858462037,0.300152022348843,0
253,0.010699814348326564,0.3010409795576493,0
254,0.24931594774764965,0.3026865750505112,0
255,0.11216374397112738,0.3027192919845374,0
256,0.010467123541859635,0.30471021400189024,0
257,0.19043892283834474,0.3055011557870069,0
258,0.28520375647696306,0.3068360083714856,0
259,0.07679400205543008,0.3068641271775119,0
260,0.06672959200630368,0.30715358476445287,0
261,0.08841659547910274,0.30828210040740844,0
262,0.00982109149373811,0.308403105543847,0
263,0.08887179315874949,0.3085575768688297,0
264,0.018693334414949137,0.3094792457191634,0
265,0.071005232842273,0.31045401632408975,0
266,0.1263239117325461,0.31127584791569396,0
267,0.18887302511295012,0.3113885167747965,0
268,0.11582194038105376,0.3120099819730383,0
269,0.007235502506790614,0.3132814347718571,0
270,0.008686824697401896,0.31344811097061287,0
271,0.08239511111193165,0.31369225022363356,0
272,0.14891361263481262,0.314109978795886,0
273,0.14773105122721153,0.3145078542943551,0
274,0.2712087245678769,0.315243829851362,0
275,0.2673409069820546,0.31637319365951655,0
276,0.3097469879618552,0.31845566833146555,0
277,0.3182516899741751,0.3190849467485649,0
278,0.27773906721941966,0.3195162947124992,0
279,0.22866775436480258,0.3195615837635175,0
280,0.02557907142967819,0.3209274828148182,0
281,0.2820818098018729,0.3215662591434726,0
282,0.16623880389717993,0.3222777020925117,0
283,0.12901465464339046,0.3229353453938594,0
284,0.12218776602226811,0.32323113664958336,0
285,0.12747420751285343,0.3240228650831559,0
286,0.02238779456603912,0.3240725050158245,0
287,0.3053087161963629,0.3241623489069527,0
288,0.2982064633810395,0.32476446936051195,1
289,0.07101588722719998,0.3277854048293938,0
290,0.04751568591819699,0.3278255863242089,0
291,0.1650013761921495,0.32849671187259033,0
292,0.10223156661193122,0.32949747155724673,0
293,0.23293720108874882,0.33024658460897205,0
294,0.24238251170683844,0.3306124115915883,0
295,0.06835706834183053,0.3306275472354724,0
296,0.05649965148951808,0.33168511842968795,0
297,0.12594540649994013,0.3323391920359009,0
298,0.07226340436432754,0.33278302323759623,0
299,0.20896743668567075,0.3328098981850045,0
300,0.10291902587547452,0.3330388857782408,0
301,0.020511298819366197,0.33312391783494044,0
302,0.187124385571933,0.3344337302885074,0
303,0.2094545227945831,0.3354002951846401,0
304,0.1142757653579588,0.3355322952380695,0
305,0.18095201304574493,0.33624554705034426,0
306,0.19192408971715746,0.3363298743724388,0
307,0.12578623084914564,0.33659740490380774,0
308,0.21952931188453007,0.3366655563404032,0
309,0.17253227675585592,0.3368640133203855,0
310,0.11639556463596801,0.3374900930129733,0
311,0.01416914363165045,0.3375449247950639,0
312,0.14012680611015504,0.3381971384118514,0
313,0.07832587730936802,0.33829441749558786,0
314,0.049749893864833306,0.33840891154735775,0
315,0.09170169546425633,0.3385005154268452,0
316,0.016337447174841757,0.3389446271546952,0
317,0.1453586589666379,0.33909679677313687,0
318,0.30745382409050614,0.33909679677313687,0
319,0.02962984046755035,0.33941969704254105,0
320,0.11101836246512442,0.33945118111214057,0
321,0.07755987157611921,0.3395691544539218,0
322,0.270806585107374,0.3399229418691845,0
323,0.02911300745645784,0.3401080762986206,0
324,0.07975392419795257,0.34021110916168185,0
325,0.14785425118855144,0.3412236800474454,0
326,0.2800641382438023,0.34214746497148685,0
327,0.17133420511029007,0.34216925905910456,1
328,0.15470743355444372,0.342192813657903,0
329,0.2609880511165249,0.3422216170198543,0
330,0.033969851882751034,0.3422490514767631,0
331,0.10470548959421722,0.3428377514987987,0
332,0.20369560093134942,0.34295300329845846,0
333,0.1074323837568536,0.34319062072998685,0
334,0.034935436426350774,0.3433734561011563,0
335,0.32013731778265875,0.3435739632377054,0
336,0.19288812202012506,0.3435739632377054,0
337,0.23549010460777398,0.34407896858748743,0
338,0.0756496517826244,0.344220053208818,0
339,0.053152554094375914,0.3446551593804936,0
340,0.05778870095323774,0.3447720866871048,0
341,0.10066396727483673,0.34547587593617957,0
342,0.0221486421719852,0.34642148764963376,0
343,0.042064568589953444,0.346621351268101,0
344,0.2364494399723377,0.3466663971256908,0
345,0.19349645872901555,0.34727273007134796,0
346,0.3067394091712977,0.3476252260272711,0
347,0.025162578399918423,0.3483451720781413,0
348,0.3462066713078439,0.3486252921890727,0
349,0.21174544453676125,0.34889387810595107,0
350,0.025208013350763503,0.3496577064763948,0
351,0.15235438977737537,0.35058140026176554,0
352,0.05284262736483747,0.3512466461651217,0
353,0.18315466451180884,0.3516363549637006,0
354,0.08518637231969106,0.35212918366442636,0
355,0.15234734792569538,0.35246815770041073,0
356,0.1481773493988776,0.3526012493327061,0
357,0.03398262830194465,0.3532023829611036,0
358,0.014516316420110642,0.35355388131619825,0
359,0.10211021387915753,0.35373266534926895,0
360,0.009283150531270046,0.35412385507494437,0
361,0.15848707617569746,0.35419793730474525,0
362,0.21100915962107303,0.35447162997363324,0
363,0.015352253907572777,0.3545608164073183,0
364,0.19747681490680002,0.35487612601240015,0
365,0.10428751798880798,0.3549443310256155,0
366,0.09492565893046423,0.3569137464890654,0
367,0.13366715592403555,0.3569403922205283,0
368,0.18218856212948586,0.3569403922205283,0
369,0.06083086309146568,0.35765917156784677,0
370,0.32816300186205294,0.35765917156784677,0
371,0.021665802879743845,0.3583496000297318,0
372,0.22013061466537698,0.36101875280197737,0
373,0.011646220437986465,0.3610507691698287,0
374,0.019973468509170145,0.36205513354184116,0
375,0.11960252735117549,0.3625929790259669,0
376,0.31061991053141036,0.3630472377341305,0
377,0.02854424317780835,0.363056343360714,0
378,0.05565790143127347,0.36323076822466505,0
379,0.09145281887110135,0.3633022438757344,0
380,0.2536661324172863,0.3652409569724647,0
381,0.11868119248563658,0.36533965373166777,0
382,0.18959178045848002,0.3659511468937354,0
383,0.27576867770855085,0.3665915321363442,0
384,0.03144540422203579,0.36659489689747704,0
385,0.10505552033415766,0.3666075306148464,0
386,0.037429500418050266,0.36669676563826803,0
387,0.1416708670986393,0.36678319168912965,0
388,0.0212114545868054,0.366859530402073,0
389,0.2702718897783962,0.3678953473184492,0
390,0.17212891893604532,0.36807225872868676,0
391,0.054474250770908283,0.36878634975417923,0
392,0.0033144547675768576,0.36888740097279404,0
393,0.014314674523260962,0.36935549620800456,0
394,0.02387743243835716,0.3704274625537949,0
395,0.044606186811604887,0.3705501621267703,0
396,0.008557893740488098,0.37066732091067145,0
397,0.09819236102163365,0.37075748655160834,0
398,0.05496070876249837,0.37075748655160834,0
399,0.3699939091927694,0.37220262387071323,0
400,0.0624084526562787,0.37291804394434247,0
401,0.26925026951086484,0.37324366105282125,0
402,0.347401519818776,0.37409385840837583,0
403,0.0756650864336107,0.37439830306488064,0
404,0.041177044158641984,0.37490529843082043,0
405,0.02725399957758512,0.37496388620740095,0
406,0.061119388673786745,0.3752518763195184,0
407,0.01145297121673483,0.37525280867072774,0
408,0.0997950836114948,0.375390815872068,0
409,0.013854243400619581,0.3762704922646125,0
410,0.11487312192291999,0.37636352901032144,0
411,0.07915826332293652,0.37689627494344247,0
412,0.23194409439664443,0.37755049212623415,0
413,0.06554288453121948,0.3779360917980775,0
414,0.005706773998380488,0.3797259832266907,0
415,0.1426338234829212,0.38042651367401614,0
416,0.24085170369845832,0.3827231789892741,0
417,0.32487951281503546,0.3835694346263697,0
418,0.01415681248136813,0.38410740670510035,0
419,0.20063565438200137,0.38522624807337447,0
420,0.062060686398907494,0.38549722870363035,0
421,0.22546900150586568,0.3862585772539536,0
422,0.13234710637659663,0.38679429032020074,0
423,0.011953411474442732,0.3872541161781047,0
424,0.020875928860690895,0.3884972612404519,0
425,0.31943829455571804,0.3889262457325753,0
426,0.21247773653723057,0.3889457092948867,0
427,0.2148327409998938,0.3889867974950808,0
428,0.29565433440069433,0.3893277198755156,0
429,0.01504400942131412,0.3893277198755156,0
430,0.02116983158960395,0.3895677170277063,0
431,0.28309930846846454,0.3895687091872059,0
432,0.04381675754626502,0.3897641596096032,0
433,0.011125331973716568,0.3898637553537342,0
434,0.2897735658179471,0.3904271744822636,0
435,0.11983361751329191,0.39048333278355885,0
436,0.2159705933693088,0.3906223257660518,0
437,0.04271959476032383,0.39069668209831665,0
438,0.044654183209077214,0.39073015040184567,0
439,0.057295934301411666,0.39175917946067296,0
440,0.22649171852933858,0.3919906510682428,0
441,0.37903008668417504,0.39286441318570997,0
442,0.12699245345783117,0.3931874506467211,0
443,0.03982422045433043,0.39374501466347644,0
444,0.34512303361367414,0.39389162626221075,0
445,0.10427504046733149,0.39393782016473333,0
446,0.35481676415458263,0.3939898201502642,0
447,0.007715082414731178,0.39429077875592744,0
448,0.08049753655241965,0.39542905539850803,0
449,0.3741200219461216,0.395528320678863,0
450,0.25323168633449933,0.39585271243019626,0
451,0.2876798017567823,0.3959737030395456,0
452,0.08670224731038667,0.3959737030395456,0
453,0.04746262402602697,0.3960853759507741,0
454,0.038769807159030334,0.3961006950430206,0
455,0.050359293519380066,0.3962331501150479,0
456,0.25670405930972173,0.39672787702957835,0
457,0.07160807024155813,0.3977990903609889,0
458,0.11315125996872533,0.39795957084277334,0
459,0.00553727173119678,0.3983842609990942,0
460,0.026276515423072633,0.39864423178471053,0
461,0.022741889462188025,0.3990500553454599,0
462,0.161248003501958,0.3994450278690108,0
463,0.07435386606896366,0.3994450278690108,0
464,0.17153174331700982,0.3995020571490475,0
465,0.29777179310229374,0.39966545015153554,0
466,0.14484221235827388,0.39995306215760673,0
467,0.12662899734319866,0.40030477790677543,0
468,0.2407223351462433,0.4006440306951208,0
469,0.008075452892806423,0.4006759068744078,0
470,0.01834771715968031,0.4007747083907359,0
471,0.192757587621887,0.40087456740259886,0
472,0.05638897088700412,0.40110802327224504,0
473,0.2987935456316283,0.40146132462615725,0
474,0.34907496133731686,0.40329200520497865,0
475,0.04919062789460904,0.40329200520497865,0
476,0.07755789125238388,0.40374010966729756,0
477,0.021602606784034473,0.40377784237308656,0
478,0.38455827306303214,0.4052486369575128,0
479,0.342935275859094,0.40545942482495245,0
480,0.0019714733942766127,0.40545942482495245,0
481,0.10938487447703871,0.40559048667432274,0
482,0.2004397918219295,0.4056429189829004,0
483,0.01832244432010055,0.405909373642773,0
484,0.01244730038718933,0.40660747357030047,0
485,0.3311249181421051,0.40696646189775576,0
486,0.16226038233273254,0.40737629804342557,0
487,0.18071910815949332,0.40872260624616175,0
488,0.40451448891259667,0.4093082253436947,0
489,0.3776335336634016,0.4096026114104808,0
490,0.0035092262880767056,0.4096441108268961,0
491,0.015021821368586097,0.41027763391292205,0
492,0.35450465566593203,0.4110366798115067,0
493,0.017247689868127525,0.41122172576300997,0
494,0.05868798840585798,0.4112421096317316,0
495,0.012837219530703936,0.4113542216275339,0
496,0.09720259869111847,0.41253125795540757,0
497,0.017141916364746934,0.41276566144933957,0
498,0.009888366035082141,0.41313401548536743,0
499,0.04013904842640115,0.41322490163944914,0
500,0.15861719850556177,0.41346046639869904,0
501,0.34851995156991833,0.41396861524518336,0
502,0.003634577628886193,0.4146516944141806,0
503,0.01306769260370344,0.41549128651257483,0
504,0.2366923005852758,0.41557139111587227,0
505,0.2866753572868398,0.4159112588803545,0
506,0.28081035150685685,0.4163570364849182,0
507,0.011115995707691284,0.4166464986933299,0
508,0.036978873456833705,0.41689489841192995,0
509,0.12090501634470929,0.41873868192145924,0
510,0.009236528277903555,0.4201502299203287,0
511,0.007090588503602113,0.4211019338290506,0
512,0.08147906421667683,0.42223560024644535,0
513,0.02858454173211189,0.4226705154791952,0
514,0.24920344020755725,0.4226705154791952,0
515,0.013125150272460084,0.42269340897765506,0
516,0.23890095627785124,0.42279827812231086,0
517,0.056509343347725505,0.4231607922462227,0
518,0.10635600269170076,0.4235539856677373,0
519,0.3390842963439443,0.423689478464758,0
520,0.007777829846493223,0.423689478464758,0
521,0.26731121819465065,0.42397274131705354,0
522,0.15595083207236826,0.424193506497054,0
523,0.08412324122026926,0.42433532323695977,0
524,0.0024093939917494422,0.42491847402114324,0
525,0.2754475356241619,0.425300913680844,0
526,0.01772833229493076,0.42531344426504225,0
527,0.019654712100912297,0.42553293384008817,0
528,0.05690029614488845,0.4262246682156221,0
529,0.013617162014195494,0.4268757503046342,0
530,0.08651461936336813,0.4272689670431642,0
531,0.3040943462539327,0.4282684179784061,0
532,0.07035463420647936,0.4282884986469985,0
533,0.02384157813877885,0.4285865909627883,0
534,0.034112356684645295,0.42964101867736604,0
535,0.02116966598914205,0.4297712803170194,0
536,0.05152903632454209,0.4303350019504778,0
537,0.02204208376307437,0.4306545068562644,0
538,0.19208934457533733,0.4309121935210044,0
539,0.21491875991252385,0.4309121935210044,0
540,0.13204040234132608,0.4318125454204854,0
541,0.06915753093084909,0.4318125454204854,0
542,0.0027071610102299415,0.4322159913826422,0
543,0.25297857617787844,0.43222360872736276,0
544,0.24965849657042738,0.43222360872736276,0
545,0.010634651465098566,0.43260283188800763,0
546,0.012123709556676188,0.43264505618724036,0
547,0.2169851993312163,0.43265608417234036,0
548,0.007215051944411965,0.43378040637010995,0
549,0.2178733735731001,0.4338662955594922,0
550,0.0796263028627554,0.43397629755989675,0
551,0.1366001136999585,0.43400889685928756,0
552,0.4195594001285945,0.4341245594883866,0
553,0.2138309607580159,0.4342863100839829,0
554,0.02261552962226876,0.4346566414788521,0
555,0.08440177908204483,0.4353750604479084,0
556,0.005547062699476579,0.4357502021962609,0
557,0.20875722650204687,0.43599545815761087,0
558,0.18213572600506522,0.4360243783900105,0
559,0.031125331368520248,0.4360407850699425,0
560,0.3293833388597198,0.43662972194758887,0
561,0.158376001766232,0.43668096186161565,0
562,0.3114944446597867,0.43749228697717,0
563,0.0166709665880842,0.4382561479906375,0
564,0.01647807925922984,0.43845455484411844,0
565,0.039728245202424906,0.4386042018314137,0
566,0.1011502128832753,0.43868607809959415,0
567,0.02062773556195885,0.43887315561689755,0
568,0.02296651499449487,0.44008776829854457,0
569,0.03355510405010953,0.4411399332070909,0
570,0.002575612367578528,0.4419074102517201,0
571,0.023312745733246265,0.44234278949251427,0
572,0.2105192940932561,0.44416230669392953,0
573,0.016087276309923904,0.4444246724229419,0
574,0.004714861333103171,0.44497743227511555,0
575,0.006991911930472883,0.44533448669593745,0
576,0.01570833640878866,0.44573196260648873,0
577,0.010564545400935987,0.44749069579296963,0
578,0.0792509135349092,0.4482530335980044,0
579,0.0152501830161198,0.44941784088204983,0
580,0.012628310314787838,0.45039976393744086,0
581,0.04986423045690436,0.45057596600792504,0
582,0.030877025840410854,0.45139004698509166,0
583,0.35085579969931335,0.45160280263651176,0
584,0.01917548038381689,0.45198068829631244,0
585,0.05582409402073418,0.45292897333046245,0
586,0.006168072887721143,0.45339985951810857,0
587,0.41824957344611036,0.4534982939257465,1
588,0.0009345119235294463,0.4538268159402259,0
589,0.0899681364076983,0.4539270408825461,0
590,0.0026169411430164713,0.45484555399115945,0
591,0.03172534338841815,0.4559650891404854,0
592,0.44078323944577036,0.45660374634175227,0
593,0.15495107575572464,0.45661012850241733,0
594,0.027615599903031418,0.4576226591593747,0
595,0.45689827255203075,0.45781218036834903,0
596,0.30225228017032235,0.4578879966277506,0
597,0.02435588164319802,0.45801361590707224,0
598,0.00461415242524188,0.45817167081077026,0
599,0.03933060568593283,0.4583023341391027,0
600,0.28244728371035877,0.4598903205587931,0
601,0.4532053954231109,0.4605967168099293,1
602,0.27737145206922886,0.4618359728784386,0
603,0.14606836165424464,0.4618359728784386,0
604,0.020655702785088215,0.4623958156388218,0
605,0.005527620790630294,0.462523811195508,0
606,0.07164447534108109,0.46294483529694175,0
607,0.04462599244573007,0.46294483529694175,0
608,0.010354926764763461,0.46297824265112175,0
609,0.008321236302606394,0.4631728811477106,0
610,0.010193444976389188,0.4633303838434474,0
611,0.03251669942674984,0.4636583759907581,0
612,0.06691952518392918,0.46387773149467904,0
613,0.03098007646397538,0.4655899538605064,0
614,0.0046416136269255,0.4655899538605064,0
615,0.01123001817221414,0.4661857096812021,0
616,0.3725662786277727,0.46621076047497656,1
617,0.0008202525438721908,0.46735708606137427,0
618,0.0174466963098725,0.4674694771944138,0
619,0.12502597432930773,0.4681055243579857,0
620,0.0581634157621288,0.46840852563780255,0
621,0.12636624980818,0.46910201736454304,0
622,0.024103142477242767,0.46910201736454304,0
623,0.07896950547762993,0.4695666934581617,0
624,0.0013806660519499747,0.4701116409723185,0
625,0.2238404783951763,0.4701904553981575,0
626,0.018952660194393567,0.47021496439593247,0
627,0.005145115076663709,0.47046223029847156,0
628,0.1886411747401946,0.47190002090075034,0
629,0.005452278244852393,0.4725618269148024,0
630,0.07918507131605712,0.47264964542384036,0
631,0.2173779228858882,0.4733481376150981,0
632,0.04475965058642417,0.4736315148577014,0
633,0.01700030383465645,0.4740825186843505,0
634,0.1737660810230618,0.4740825186843505,0
635,0.07805985372888002,0.4753623891497325,0
636,0.04470622030434823,0.4753623891497325,0
637,0.011029699607750576,0.4754048353134883,0
638,0.10319546765400467,0.4756091445648716,0
639,0.020911022968965076,0.4756091445648716,0
640,0.053692165987521356,0.4760713917728855,0
641,0.0023986333094395684,0.47647198634397403,0
642,0.03671969485001758,0.4771417405402486,0
643,0.009129142260538625,0.4772186614791868,0
644,0.0697775782176483,0.47785814454163744,0
645,0.3635021854212608,0.48022597312390114,0
646,0.43147570977773353,0.48031150711667514,0
647,0.0017845346332222567,0.48055082358453927,0
648,0.36691443551525316,0.48056592483055594,0
649,0.4716392455403785,0.4813660225940003,1
650,0.15098648653357072,0.4826355802372193,0
651,0.03359154149411525,0.4826355802372193,0
652,0.42800857999949593,0.48309861349757166,0
653,0.17350664778828684,0.4832689846394651,0
654,0.008252953351494008,0.48367527402652843,0
655,0.020183322698619444,0.4840400024516297,0
656,0.08543627800640241,0.48446383187445086,0
657,0.3467051455973248,0.48468085429756036,0
658,0.05652403738360934,0.4850128812079444,0
659,0.009359897570053066,0.48582774146324526,0
660,0.04318115495896524,0.4868222997982542,0
661,0.038195994176337456,0.48731252467872266,0
662,0.15177261123456598,0.48732890333222045,0
663,0.003527907163442756,0.4878919217182305,0
664,0.26048590391451876,0.4880165997835143,0
665,0.29888282668403154,0.488576508015525,0
666,0.3371440106443716,0.4900274993399625,0
667,0.44476678043373097,0.49020381440388905,0
668,0.010881128272749896,0.49048679253380545,0
669,0.48225928630520765,0.4908809045821153,0
670,0.21955444090972132,0.4909742633563001,0
671,0.12711360824986995,0.49296572603151545,0
672,0.001249717165192732,0.4930877896104423,0
673,0.36107061017753805,0.4938999323978758,0
674,0.0014673692774807012,0.4951839241464354,0
675,0.2607546310609443,0.49635183557393836,0
676,0.013621353407659686,0.49770905254458153,0
677,0.0005926174951385033,0.49775394583636245,0
678,0.30711957682034785,0.49833364009414216,0
679,0.0069594776545749415,0.49843870258310385,0
680,0.032622459585198826,0.49980976797527,0
681,0.007800033669190132,0.49980976797527,0
682,0.018895313456606222,0.5007635789969548,0
683,0.0901487821182343,0.5010221776366224,0
684,0.49425938438604067,0.5010336376231691,0
685,0.18001792101193392,0.5021765909792314,0
686,0.06449973901596506,0.5024995787091604,0
687,0.00767549171830606,0.502642477377082,0
688,0.23375053772369137,0.5027506594918294,0
689,0.1466139939696175,0.5028510704746482,0
690,0.17453907226736065,0.504015908665293,0
691,0.04925928265460211,0.504720759476591,0
692,0.19656037899545842,0.5047887178986422,0
693,0.0040324655398791265,0.506202552787764,0
694,0.2217374910781439,0.5066608157633681,0
695,0.4619845473730749,0.5079482326828099,0
696,0.48720974016073826,0.5093965794507674,0
697,0.22008403121843667,0.5106576650334756,0
698,0.1243602760023963,0.5108734382850693,0
699,0.3695138796273789,0.5121440375239276,0
700,0.32696229353322603,0.5132353618082874,0
701,0.312206192156292,0.5133786710780601,0
702,0.008449782374422732,0.5136506410593793,0
703,0.3781963295081726,0.5158001519147022,0
704,0.0016586113743938258,0.5175311513002949,0
705,0.010017653398935566,0.5177907856633298,0
706,0.37382334383684923,0.517883512147662,0
707,0.45817167081077026,0.5185555223021988,1
708,0.13122084997647854,0.5192742506367491,0
709,0.25653973908064964,0.519490254402579,0
710,0.10164878548859868,0.5195444814771483,0
711,0.07063814952746739,0.5201886891373133,0
712,0.20411311187807057,0.5207193170977689,0
713,0.45247882109360726,0.5212389186258453,0
714,0.01368963880034979,0.5219109946404997,0
715,0.01708225687207654,0.5228241060294836,0
716,0.03277068014164308,0.5229982531206713,0
717,0.11323069783121853,0.5233976387541298,0
718,0.007343803404454841,0.5235756394006795,0
719,0.31855714177832817,0.525681395742443,0
720,0.4931186693901891,0.5263848645745544,0
721,0.28361404559391,0.5265269816383004,0
722,0.5061637346907367,0.5267265013132327,1
723,0.024124681877501275,0.527098069273497,0
724,0.13603060210176676,0.5287541707351744,0
725,0.16904788093810985,0.53013762127138,0
726,0.4661857096812021,0.5323645751225669,1
727,0.5166472368997844,0.5324800685186175,0
728,0.4271396252967319,0.5326710210771431,0
729,0.2739180605817285,0.5327652600888869,0
730,0.2767511555802913,0.5341712910779065,0
731,0.04467797328977552,0.5345295599233086,0
732,0.07718171598402856,0.5373954511575451,0
733,0.27512831955561645,0.538184709860185,0
734,0.16358909671178545,0.5382733659734018,0
735,0.20786525860845195,0.5387017056304256,0
736,0.10383352622603481,0.5391940330650148,0
737,0.10398183475218581,0.5393247196589327,0
738,0.11659844205261016,0.5394849668591332,0
739,0.0003782539404594276,0.5398249619035249,0
740,0.11577874005130306,0.540798057012633,0
741,0.47624318564414536,0.5416344786685294,0
742,0.045890742847318644,0.5423770542120743,0
743,0.05103301576449215,0.5457538561780212,0
744,0.15932867765746273,0.5458986089785902,0
745,0.3366220392763756,0.5471840948362706,1
746,0.2907512021066513,0.5476690999920075,0
747,0.42822159865503717,0.5495203842425131,0
748,0.10013910702917361,0.549879801823194,0
749,0.3617376728526316,0.5515839584294134,0
750,0.29046951974369306,0.5515839584294134,0
751,0.09380395681421538,0.5517119395266399,0
752,0.4014371462049683,0.5518962099902941,0
753,0.12289476861200188,0.5523799526384128,0
754,0.04562096222676437,0.5529006425519706,0
755,0.33802697399769654,0.5588296507902142,0
756,0.280307907779379,0.5617199600122109,0
757,0.38564868548457176,0.5634782779530543,1
758,0.1108912050608789,0.5635892234628929,0
759,0.025158093548035,0.5642695471821507,0
760,0.314391868376663,0.5673953029617471,0
761,0.26807905176686064,0.5682949278315034,0
762,0.32157170583008554,0.5696596806999862,0
763,0.4880003652054339,0.5700072075682259,0
764,0.012222631951208762,0.5707242954320116,0
765,0.2345139956583382,0.5719147567629531,0
766,0.10920434489351982,0.5747555357921198,0
767,0.3507891397301558,0.576356532248518,0
768,0.5648343278083985,0.576557741223843,1
769,0.18925032013351384,0.576610671585449,0
770,0.5441976810225831,0.5777976409259764,1
771,0.07916794525811999,0.5782459006480195,0
772,0.2405375100182735,0.5819688738402511,0
773,0.29223364887126657,0.5819698594433177,0
774,0.5247293934827215,0.5851465023503764,1
775,0.5466964612144779,0.586245463069538,0
776,0.5750548963764553,0.5896170659709136,0
777,0.2160361649704775,0.5913480407524754,0
778,0.14577542218373174,0.5917857902747102,0
779,0.09621255098006887,0.5927444358466534,0
780,0.5299396605489465,0.592959546920667,1
781,0.1262592666122253,0.5936347411091175,0
782,0.1257042853872946,0.595088678475898,0
783,0.3178229835565205,0.5951047226523115,0
784,0.5026904322476983,0.5960019305555061,1
785,0.5746513976486303,0.6010599272011724,1
786,0.5398249619035249,0.6036026312015931,1
787,0.06812399830060867,0.6043605069690797,0
788,0.07908255059082248,0.6098581919209425,0
789,0.5872527045778659,0.6102517331506119,0
790,0.4263480145642162,0.6156813557530642,0
791,0.34664922819512245,0.6158135118269147,0
792,0.45607510146433716,0.6175061872735907,1
793,0.2148320133704008,0.6190090786552616,0
794,0.17533209400212402,0.6193721275187194,0
795,0.3870056082891712,0.6196696147949531,0
796,0.01803502347361252,0.6200113197546763,0
797,0.5799310419984787,0.6211451668205287,1
798,0.4319294928553208,0.6211973170963282,1
799,0.5476690999920075,0.6233559325734928,1
800,0.19554199642867243,0.624219937714899,0
801,0.14262831469727244,0.6257950813452009,0
802,0.4499426747269506,0.6259400127223982,0
803,0.620959713251567,0.6287004439596117,1
804,0.5593875974095948,0.6296677691444551,1
805,0.6102835755237976,0.6352585556580546,1
806,0.6024246174634914,0.6391676171213799,1
807,0.5738290841465945,0.639641305650417,1
808,0.47774816671195464,0.6409299764176475,0
809,0.5513854241088512,0.6412974009506786,1
810,0.47866714354708984,0.6473681689680475,1
811,0.45246232957005095,0.6484608244411457,1
812,0.40737629804342557,0.6487328898356031,1
813,0.6226704616458207,0.649858733716445,1
814,0.03476394083958134,0.6511847345168362,0
815,0.3583496000297318,0.6530398422198798,1
816,0.6251599827243227,0.655060943122865,1
817,0.6108585317529714,0.6556456438441527,1
818,0.6060657479347868,0.6562244803487152,1
819,0.5509629886990006,0.6579345033591442,1
820,0.6490471176793914,0.6586863303000389,0
821,0.6237142420143839,0.6602951497857831,1
822,0.3364416497394068,0.6613467363629717,0
823,0.5616596177482798,0.6626225065678724,1
824,0.4730731342462654,0.6639328829885548,1
825,0.6641893564331536,0.6645610046722722,1
826,0.6058302377139688,0.6647966397404541,1
827,0.6460282558859811,0.6658058825017787,1
828,0.5976740308216475,0.6659861410554151,1
829,0.4432939797821991,0.6669693853328387,0
830,0.6209588207431885,0.668946216135472,1
831,0.601275781616895,0.6740820976436548,1
832,0.45198068829631244,0.6742857006533411,1
833,0.36107155984576933,0.6753732507556077,0
834,0.492897232639792,0.6754901037987832,1
835,0.6116199563281537,0.6757965105256614,1
836,0.6126674226189911,0.6796935531231317,1
837,0.6458105881261661,0.6803046782031673,1
838,0.2826864793001743,0.6826792599246243,1
839,0.5598838874176949,0.6837972348747986,1
840,0.5487078745241912,0.6868168533409423,1
841,0.6605853717226796,0.6869372254481472,1
842,0.5650792813154062,0.6877234311947025,1
843,0.6809847376109479,0.6901805359636544,1
844,0.5922052897061602,0.6930950051185218,1
845,0.2816832015812658,0.6935278749231801,0
846,0.6281656852020683,0.6942698870896586,1
847,0.5010336376231691,0.6973137949404964,1
848,0.6488983497619498,0.6976787255430187,1
849,0.6384999993582642,0.6981499783559038,1
850,0.4366185729061064,0.6984004674099491,1
851,0.6625114735940102,0.6985483637286953,1
852,0.6474567240449721,0.6986283316830358,1
853,0.5181617830477369,0.7019263528985387,1
854,0.5737843804967789,0.7025178937498594,1
855,0.5326756648778885,0.7028264556461806,1
856,0.6728840745470144,0.7070424280355694,1
857,0.6775888970308157,0.7078872360573291,1
858,0.6103487821354426,0.7106760441279131,1
859,0.6073363532045633,0.7111617299966442,0
860,0.6984953404837331,0.7123383058790972,1
861,0.6368694844994673,0.7137666233172739,1
862,0.6006189406218346,0.7140429485325571,1
863,0.5742058707503901,0.7143248300846439,1
864,0.6854322240396472,0.715223818464397,1
865,0.6367979463585625,0.715749974297503,1
866,0.5856974112847659,0.7165288868284314,1
867,0.6543223993036443,0.7167469349807822,1
868,0.454192994789431,0.7173009018060819,1
869,0.6228909147361175,0.7177964323120508,1
870,0.7136096903601917,0.7211227043120542,1
871,0.4653431852373746,0.7222399357922912,1
872,0.6786132540562991,0.7223972591380258,1
873,0.626989884483764,0.7229339099968044,1
874,0.6416779702662158,0.7244323637268674,1
875,0.6151602478185725,0.7252849003632585,1
876,0.6806060068180024,0.7271339449951497,1
877,0.4991377429417335,0.7294489419442306,1
878,0.5775441937317272,0.7301494807149251,1
879,0.7143475419110179,0.7310969497943003,1
880,0.4110366798115067,0.7312243289638889,1
881,0.5833658391529674,0.7319372163608117,1
882,0.18298472895381956,0.7338031720670593,0
883,0.7165872427354081,0.7350374424224653,1
884,0.4711565102380456,0.7352546208211066,1
885,0.5760238975914093,0.7360474039399516,1
886,0.5719114267111891,0.7368980148595841,1
887,0.6235478427720764,0.7389386051921399,1
888,0.41591019342986435,0.7391736062041586,1
889,0.5231334505063022,0.7404492702130047,1
890,0.5286786122108821,0.7420974253379592,1
891,0.3444738684834947,0.7437822426601932,1
892,0.6965822005346309,0.7450544787261505,1
893,0.6436236807529183,0.7467751294057946,1
894,0.5131665031866341,0.7470253239252769,1
895,0.5004027818460717,0.7474680784279712,1
896,0.6153368609134727,0.7482966720940694,1
897,0.33618215985125877,0.7486249773448022,1
898,0.7100856081568171,0.7488305746774235,1
899,0.7236591912700788,0.7500197488639814,1
900,0.6922628961357582,0.7510555158860296,1
901,0.5078562958771652,0.7516735810333383,1
902,0.6881064184490135,0.7518607385112495,1
903,0.47955652901477874,0.7526477274336677,1
904,0.733989333123173,0.753048558770299,1
905,0.7361663243841947,0.7535362961815367,1
906,0.6525322699150923,0.7549663867675945,1
907,0.686982747317125,0.7556827134737969,1
908,0.666761534747938,0.7568451416269345,1
909,0.734888150422785,0.759149566795755,1
910,0.7091818604015562,0.7600593188809041,1
911,0.6603288548071343,0.7604220466722961,1
912,0.6894275898225535,0.7605987078564359,1
913,0.6985170941383693,0.7616994367416778,1
914,0.629991845923949,0.7618320397914343,1
915,0.7171857021617862,0.7630154249759031,1
916,0.5746084559451337,0.7631767309720926,1
917,0.5408411537429301,0.7635801222124347,1
918,0.7217945973084451,0.7662062161564719,1
919,0.6778745793083718,0.7662880779411505,1
920,0.568643192164611,0.7666182037359278,1
921,0.6914552618085668,0.7674650970506585,1
922,0.6631577328194614,0.7684274619935082,1
923,0.3994652877291024,0.7694395248905451,1
924,0.6631155508214523,0.7702830920543096,1
925,0.6131766381481866,0.7706581647652332,1
926,0.6871248058565518,0.7707225640085771,1
927,0.40856882403075145,0.7710398636911463,1
928,0.6497185193439217,0.7736349421871136,1
929,0.6619782218977772,0.7775811234099484,1
930,0.7690611132266707,0.7776478308027801,1
931,0.7038598464940139,0.7783912716207583,1
932,0.6979934877939219,0.7793334077715786,1
933,0.7247360648908149,0.7795064117854057,1
934,0.741249793379133,0.7795260384162568,1
935,0.7045567254961995,0.7798120944718339,1
936,0.6206721112451781,0.7806944297983255,1
937,0.7247152763538962,0.7814051046561871,1
938,0.661234699826253,0.7814108250895292,1
939,0.7409369040238863,0.7823417762086153,1
940,0.7479312785724921,0.7830181318324023,1
941,0.6409054055629004,0.7847947765887546,1
942,0.7056577814582848,0.786859289370715,1
943,0.6659126877464818,0.7871338331014358,1
944,0.7018296922034852,0.7872614453947682,1
945,0.5729427939115115,0.7880691023817793,1
946,0.5368582124693314,0.7887521439606902,1
947,0.7444937853608242,0.7895884866641727,1
948,0.6717663803680513,0.7900135471622413,1
949,0.7814554046766599,0.7900687122639191,1
950,0.6177457874150312,0.7905946805838141,1
951,0.6719637587398963,0.7908287851452847,1
952,0.5889339817895788,0.7912165500873031,1
953,0.7111020600795844,0.791631690425732,1
954,0.549879801823194,0.7921833707642385,1
955,0.7293723052395413,0.7923655883880648,1
956,0.5144171221804076,0.793251599723944,1
957,0.7722083402267489,0.7936669069374155,1
958,0.7758562706666136,0.7940637438326281,1
959,0.6072783403269871,0.7941059770879474,1
960,0.4760248963273245,0.7943082627259606,1
961,0.6675032163343789,0.7950815255315095,1
962,0.7365337223564484,0.795727207452024,1
963,0.742541398704636,0.797779838950664,1
964,0.6857167792588851,0.79891629964676,1
965,0.6471591633406656,0.7997243805341253,1
966,0.6915671482725062,0.800504873691139,1
967,0.7093717983581178,0.8043118218431438,1
968,0.5708678090920049,0.8049309726933787,1
969,0.48126444648420397,0.8049600416118475,1
970,0.7132376715099674,0.8051947938873476,1
971,0.6776887022880579,0.8056253275931806,1
972,0.8056843049836588,0.8080368481585986,1
973,0.666761534747938,0.8083911372070852,1
974,0.802308299626743,0.8093643455033452,1
975,0.762763480077674,0.8097583049950867,1
976,0.7351344603148569,0.810014883718806,1
977,0.626200428045165,0.8108340799953191,1
978,0.5123651412815299,0.8111665404941232,1
979,0.760632113677332,0.8113778807786843,1
980,0.6890926716679485,0.8121697224190576,1
981,0.8093876679878576,0.8124906654767544,1
982,0.6702296182632475,0.8128708545030294,1
983,0.5643692200707008,0.8141676508560113,1
984,0.774470509102192,0.8142670223326476,1
985,0.46910396984685976,0.8147514839607713,1
986,0.5029827416203746,0.8156970232629834,1
987,0.6596742752432243,0.8166273218104309,1
988,0.7155214692067478,0.8167002671375376,1
989,0.6719167436110397,0.8174619165938404,1
990,0.5333094173744379,0.8175177316976121,1
991,0.7323022890313458,0.8175683846589827,1
992,0.6653136120386439,0.8179269621123288,1
993,0.605854276343078,0.8181025276252535,1
994,0.7322691418374352,0.8184238753673181,1
995,0.7711870786492765,0.8192010044921305,1
996,0.39138943668901316,0.8202335875798481,1
997,0.5271279767960151,0.8203754837458365,1
998,0.6211717421520055,0.8211254599102752,1
999,0.7654554320895304,0.8212871264966813,1
1000,0.6110128395686395,0.8215839830774098,1
1001,0.7322691418374352,0.8216934180240905,1
1002,0.7714937370108007,0.8219160707877696,1
1003,0.7870380607071272,0.8221382397717274,1
1004,0.7555052143157918,0.8225444498287386,1
1005,0.7724040381344711,0.8227335844961806,1
1006,0.6177457874150312,0.8229904661058062,1
1007,0.6105877438903159,0.8234667854159455,1
1008,0.6666013487127858,0.8241508668418764,1
1009,0.5558573795541567,0.825684660885901,1
1010,0.638086698967158,0.825749044956537,1
1011,0.5623845065233221,0.8269760810953312,1
1012,0.760024617353021,0.8269926346184473,1
1013,0.6110128395686395,0.8275107070685748,1
1014,0.7665434745867701,0.8276849332166198,1
1015,0.619920448870166,0.8277562360249243,1
1016,0.7826085853078827,0.8290604644731633,1
1017,0.6603670302073742,0.8290702076860615,1
1018,0.8127960360656183,0.8295758358723689,1
1019,0.5175991585216392,0.8300907019410718,1
1020,0.5648634138144764,0.8324969526108295,1
1021,0.7649026250772145,0.8328721469556586,1
1022,0.6449688857723561,0.8332697262417343,1
1023,0.47190002090075034,0.8334414630678614,1
1024,0.3210533332882577,0.833450793725813,1
1025,0.7362506399021922,0.833576676705855,1
1026,0.535948184877485,0.8345025701606962,1
1027,0.696792481899589,0.8353996178493199,1
1028,0.6416779702662158,0.8365983951118945,1
1029,0.5381934065016373,0.8391279796380583,1
1030,0.5933082227765936,0.8397224632795368,1
1031,0.7268117784989697,0.8398302294806453,1
1032,0.692952541291389,0.8402428112422058,1
1033,0.7237865095308907,0.8403893335533827,1
1034,0.7481139611802744,0.8406646461640331,1
1035,0.8319902926503728,0.8409294013125181,1
1036,0.7359460020207357,0.8416168160305408,1
1037,0.7484578513592037,0.8417247619618774,1
1038,0.62566929103199,0.8417469612642715,1
1039,0.6868199257722081,0.843711003472524,1
1040,0.7228400676626048,0.8437478517203055,1
1041,0.574163391366064,0.8446688628336699,1
1042,0.6813639714915646,0.8450075444167119,1
1043,0.6129457914640096,0.8456435579051103,1
1044,0.6741560121134968,0.845930184179773,1
1045,0.8430661086182814,0.8463272253962436,1
1046,0.43173463909347465,0.8464102668356979,1
1047,0.6112875799627844,0.8467684044339012,1
1048,0.6202789915009373,0.8474405151201094,1
1049,0.5026904322476983,0.8475460603823468,1
1050,0.6603916613730995,0.8476584171382653,1
1051,0.5698462240267925,0.8478058680035809,1
1052,0.7254837051602062,0.8497802882991854,1
1053,0.8237706146855649,0.8499676347565965,1
1054,0.5691592878675081,0.8501384996548864,1
1055,0.6451272336449401,0.8505996741887735,1
1056,0.5509483518015992,0.8506659627746742,1
1057,0.7977395922675132,0.8508677390577545,1
1058,0.7509682141374755,0.8514965548610586,1
1059,0.7921981306543341,0.8517629459709549,1
1060,0.405909373642773,0.8524058440079542,1
1061,0.8089123199975335,0.853007572126022,1
1062,0.7210530672566968,0.8543257001696992,1
1063,0.6501478084918231,0.8552845436624655,1
1064,0.5927683145331931,0.8560543366726475,1
1065,0.5644286920531889,0.8568352216994712,1
1066,0.5748272208178266,0.8568991556656128,1
1067,0.6672721227257269,0.857433201131197,1
1068,0.739436352300928,0.8574427357390596,1
1069,0.49588988716651106,0.8583355779197432,1
1070,0.8595547237265175,0.8604394655906714,1
1071,0.5947053694979446,0.8611870670687982,1
1072,0.8329444487711922,0.8613111610904214,1
1073,0.6257959574902978,0.8619705299758167,1
1074,0.7361638765481057,0.862798585019008,1
1075,0.7521727032857187,0.8640843601960674,1
1076,0.848348751409551,0.8651303308123702,1
1077,0.8141312772539586,0.8657773598105762,1
1078,0.60768121513647,0.867134132387808,1
1079,0.8195524344268021,0.8671688266152959,1
1080,0.8044203006504821,0.8676207751655974,1
1081,0.8600395715967923,0.8680759757436006,1
1082,0.7187094094950772,0.8681173077309788,1
1083,0.6856345702979242,0.8685172492392811,1
1084,0.6784902556414948,0.8687440408390736,1
1085,0.735747424310554,0.8689055879151936,1
1086,0.5517119395266399,0.8691648724276801,1
1087,0.8229451861879399,0.8693266843085419,1
1088,0.7669559702219125,0.8698611151185853,1
1089,0.6614379241969554,0.8701350000039054,1
1090,0.8368290487514565,0.871247460414074,1
1091,0.8091040675294771,0.8713623656727687,1
1092,0.7288019802173095,0.871672321453729,1
1093,0.5394075309833282,0.8718364754520271,1
1094,0.4653431852373746,0.8727712084861197,1
1095,0.8310659297622809,0.8736113746313113,1
1096,0.5486628441831873,0.8739661494308286,1
1097,0.6330005155473258,0.8740935536888055,1
1098,0.5014722486276316,0.874187842199405,1
1099,0.6507628401872113,0.8749393015631496,1
1100,0.7110355177716772,0.8750832506139465,1
1101,0.79531686882395,0.8763075189796655,1
1102,0.6666013487127858,0.8766553218754988,1
1103,0.6891245892913598,0.8767450651476622,1
1104,0.7239212476682129,0.8769367017742905,1
1105,0.5875364240433312,0.8776440439922125,1
1106,0.6241230703626861,0.8785881875644383,1
1107,0.5634938842807787,0.8804920498456698,1
1108,0.8245733517546744,0.8810389308147141,1
1109,0.5124165281566461,0.8813510471054634,1
1110,0.7112231005974369,0.8817796000655629,1
1111,0.7845093128797663,0.8826806395036091,1
1112,0.5515203531410721,0.8828034323785252,1
1113,0.802351587575531,0.8838248120978153,1
1114,0.842398635659442,0.8841679506582576,1
1115,0.6778518690399573,0.8852285347528807,1
1116,0.7018883739347705,0.8854194404917738,1
1117,0.41932021943437847,0.8856847260545366,1
1118,0.49976984192050466,0.8859193589050176,1
1119,0.6844693256213434,0.8861191677621362,1
1120,0.6384534095911777,0.8862704281074084,1
1121,0.595088678475898,0.8872835477698436,1
1122,0.5672320821801483,0.88835153442313,1
1123,0.625058117712814,0.8884809935849697,1
1124,0.7921981306543341,0.8884958496483852,1
1125,0.8592406005501033,0.8885119675866943,1
1126,0.6637952502278104,0.8891030480069751,1
1127,0.5613505947451689,0.8894588990909017,1
1128,0.7757099916883559,0.8895878788531185,1
1129,0.7587178720483408,0.8896065152686937,1
1130,0.5671232330561483,0.8896695021587194,1
1131,0.6536963286192543,0.8903189667264222,1
1132,0.5510571957880716,0.8905657704619937,1
1133,0.6158657574805511,0.890638995461132,1
1134,0.7087855389093575,0.8906480752298115,1
1135,0.671215717704289,0.8911035012357285,1
1136,0.4896068700087861,0.8912729237055848,1
1137,0.8506611481296943,0.8921918806741541,1
1138,0.5168759387213888,0.8924220692939896,1
1139,0.7930919280341788,0.8925346612880777,1
1140,0.7921103871624882,0.8929067777796356,1
1141,0.6301149189052189,0.8932977346087372,1
1142,0.7711870786492765,0.8933628096151883,1
1143,0.7275506675988207,0.89394671832314,1
1144,0.5819698594433177,0.8943764771471507,1
1145,0.6572469246423259,0.894515824422186,1
1146,0.6707323214343353,0.8945707849235828,1
1147,0.7594629650890274,0.8953747362320466,1
1148,0.7212131607838921,0.8959960581209462,1
1149,0.6142613517688253,0.8963427668252902,1
1150,0.8007378736459387,0.8964810150542428,1
1151,0.7277932934160619,0.896526574729304,1
1152,0.4937010688302341,0.8965814767084289,1
1153,0.6915671482725062,0.8968278006057081,1
1154,0.5340621783690592,0.8988561333378319,1
1155,0.673760926886363,0.899734771215347,1
1156,0.7396221264670899,0.9000467948328909,1
1157,0.7620311752990989,0.9004429102826356,1
1158,0.542715027125208,0.9006136377351147,1
1159,0.5743034918215297,0.9007676667303385,1
1160,0.8386983750021038,0.9011044158457515,1
1161,0.8379187624877873,0.9013689644705282,1
1162,0.7397297677298255,0.9015106525118732,1
1163,0.617900549198091,0.9015653360589222,1
1164,0.8775058368456709,0.9019021441150536,1
1165,0.5080792754658402,0.9027713999135204,1
1166,0.7366968607583156,0.9030084031714869,1
1167,0.8430391341148374,0.9031340443664517,1
1168,0.6512860948164446,0.9037731720368518,1
1169,0.8866848069855711,0.9040015876577213,1
1170,0.9037168660323845,0.9040830973274897,1
1171,0.62846936394552,0.9044947196988806,1
1172,0.6689652139636987,0.9051884979355395,1
1173,0.8981977063039657,0.9055015989757741,1
1174,0.6699155921363672,0.9057954835125007,1
1175,0.682570396733853,0.9058108845021884,1
1176,0.6937658499511875,0.9060417544839862,1
1177,0.8861696456198865,0.9061366774876218,1
1178,0.6212590063574418,0.9065519767314065,1
1179,0.6757480638658012,0.9067730622197476,1
1180,0.74312324281912,0.9071518221231342,1
1181,0.6518858917046187,0.9078202365117259,1
1182,0.9023048320821727,0.9081039602348621,1
1183,0.8949430305367889,0.9085717091359606,1
1184,0.7641284319998647,0.9087817094367269,1
1185,0.8810034743979532,0.9091369930319286,1
1186,0.8249804328509429,0.9093780296451701,1
1187,0.7000011817434072,0.910067389965682,1
1188,0.6069290020545041,0.9115182507353274,1
1189,0.8931739550251707,0.911813088540206,1
1190,0.6070055795382366,0.9119566022427936,1
1191,0.7844523963453326,0.9132639146884466,1
1192,0.6354182007613622,0.9134727042020366,1
1193,0.8979262930765064,0.9139231083580677,1
1194,0.5159153975659784,0.9140093777231124,1
1195,0.7110974112751854,0.9140690191449151,1
1196,0.5071196806710774,0.9142836143822544,1
1197,0.896556121849553,0.9144215074547687,1
1198,0.7847816419886195,0.9146024020176333,1
1199,0.8392727997584152,0.9146929577057034,1
1200,0.7431649827842549,0.9149275196781481,1
1201,0.585128114237335,0.9151156357923271,1
1202,0.6274018659916341,0.9151669423269831,1
1203,0.735747424310554,0.9152907834767724,1
1204,0.8331450509902831,0.9154725554803349,1
1205,0.7513713174479814,0.9156307248062289,1
1206,0.6991642238548607,0.9161976629396881,1
1207,0.5588148300693635,0.9163890665585345,1
1208,0.8892912458585954,0.9164270351787305,1
1209,0.7898811714226289,0.9171702286045039,1
1210,0.8781234637798468,0.9175615273055244,1
1211,0.8768606588662488,0.917684836055317,1
1212,0.7999444675393402,0.9178226724455433,1
1213,0.5468590057895014,0.9180785576270754,1
1214,0.6934295032858855,0.9181839410555935,1
1215,0.686982747317125,0.9182921283586591,1
1216,0.8462039295132363,0.9188417250087504,1
1217,0.8257521693803614,0.9191941849727255,1
1218,0.6049195109719909,0.9192725478191399,1
1219,0.7643079714110215,0.9192808333304329,1
1220,0.6764459741302619,0.9195306899799595,1
1221,0.7690611132266707,0.919546608255498,1
1222,0.4603643073787884,0.9196415432009494,1
1223,0.5533990125495118,0.9196781275639505,1
1224,0.8334697295879184,0.9199205969730223,1
1225,0.8008973624731179,0.9199522178032853,1
1226,0.5149396603507804,0.919963292776448,1
1227,0.68304361906243,0.9203707043164281,1
1228,0.7762808356478488,0.9211660282138834,1
1229,0.6057922813330602,0.92121488800431,1
1230,0.8017491641911625,0.9213973628866279,1
1231,0.4868222997982542,0.9222874870825668,1
1232,0.6753787558079998,0.9227386134656921,1
1233,0.3145991247233477,0.9234292085074769,1
1234,0.5682677861671659,0.9235343438659742,1
1235,0.6299049351479857,0.9240492618565838,1
1236,0.5687452188215614,0.9244681951272992,1
1237,0.523484029265099,0.9244896592074341,1
1238,0.3704519595774428,0.924566642690758,1
1239,0.759692926418767,0.925154655715204,1
1240,0.5136927279276046,0.9253859638878976,1
1241,0.8564013453296025,0.9255083774287521,1
1242,0.7084210015676401,0.9259544525704305,1
1243,0.63968391256291,0.9268846670943416,1
1244,0.6937561577621948,0.927200333282176,1
1245,0.7674163184625706,0.927998834958549,1
1246,0.6412862210277913,0.9289320436541562,1
1247,0.5998093167692722,0.9289764715860963,1
1248,0.6959237853832497,0.9289797543942946,1
1249,0.855958161826782,0.9290953914551339,1
1250,0.6514774757264556,0.9291380466277893,1
1251,0.8045867312288925,0.929237862370672,1
1252,0.878292616799762,0.9292423878979191,1
1253,0.8203067566451803,0.9293252432427466,1
1254,0.5906592832839831,0.929774742925167,1
1255,0.6061824535256033,0.9304246936188195,1
1256,0.7129644823951649,0.9305325231082772,1
1257,0.8184972190629389,0.9306329831058848,1
1258,0.8994852491482563,0.9315130637359743,1
1259,0.9269731126233363,0.9315520439215845,1
1260,0.7978956177527564,0.9316248469893711,1
1261,0.4867745677049933,0.9317058721741621,1
1262,0.6005572039083259,0.9319166899525088,1
1263,0.5844080008742598,0.9319418121719922,1
1264,0.899235668823067,0.9320344772941138,1
1265,0.598863491879735,0.9326117858680284,1
1266,0.7331292329224989,0.9337024012218668,1
1267,0.7165098115114531,0.9337244294640566,1
1268,0.4741420514735283,0.9340131683408274,1
1269,0.7736248962718814,0.9344551263044257,1
1270,0.7546743445797611,0.9354032302034535,1
1271,0.8171430575101075,0.9359375067133774,1
1272,0.7452544583588456,0.9359687401953398,1
1273,0.6099906888947259,0.936030089617497,1
1274,0.7866226360568969,0.9360961618605997,1
1275,0.6154831318749108,0.9362736460813241,1
1276,0.6612971947770109,0.9363928700909007,1
1277,0.684978999032139,0.9366706947324421,1
1278,0.5151298343031598,0.9368948781751939,1
1279,0.8262180889212607,0.9369877447483667,1
1280,0.7953541724729567,0.9372046258245321,1
1281,0.9203034074896905,0.9372724959349293,1
1282,0.8784568818144647,0.9374672635227203,1
1283,0.5540770646990865,0.9376305472566678,1
1284,0.4863854299736471,0.9377703102754887,1
1285,0.7070365143186087,0.9380768523204469,1
1286,0.7682785411753297,0.9383041980630388,1
1287,0.7390757949624388,0.938472653551132,1
1288,0.8482853414381637,0.938861180670813,1
1289,0.8913781770676664,0.9389566858519015,1
1290,0.6322908528530119,0.9391824083226629,1
1291,0.6020912159317928,0.9392651934036623,1
1292,0.578563885380455,0.9393219887971315,1
1293,0.8158568425961567,0.939536177837677,1
1294,0.44670730198633646,0.939865554760216,1
1295,0.6039923234580112,0.9409017058298877,1
1296,0.5223866880349894,0.9415986018547942,1
1297,0.6236930759691909,0.9419393986474377,1
1298,0.5498288042558083,0.9420027494650121,1
1299,0.6592500422760936,0.9422177216680704,1
1300,0.620308745123934,0.9423008158175903,1
1301,0.5321268510894864,0.9423119134374925,1
1302,0.6093283485679222,0.942970764546505,1
1303,0.6333544889311463,0.9431777222410607,1
1304,0.9103269288983344,0.9432291016511557,1
1305,0.762135381815368,0.9434499188191009,1
1306,0.751842371357005,0.9436108130546592,1
1307,0.6685601778971451,0.944084080571351,1
1308,0.7345732491249274,0.9443798547148085,1
1309,0.7480825303663026,0.9450234943795668,1
1310,0.5399968997922828,0.9451566970824338,1
1311,0.5136506410593793,0.9458624908145542,1
1312,0.8740048741014605,0.9460655300918682,1
1313,0.5735480060893324,0.9463905383958879,1
1314,0.9389516611714389,0.9467467597365665,1
1315,0.8439049414719922,0.9470054112902123,1
1316,0.7370621679094503,0.9471292231700926,1
1317,0.9178461057032538,0.9476591433703466,1
1318,0.5413430267041995,0.9477604521167127,1
1319,0.6417127402465314,0.9481777857422279,1
1320,0.6903687917785197,0.9483387295127754,1
1321,0.4867745677049933,0.9493000315288551,1
1322,0.5177910177149285,0.9494706238001237,1
1323,0.9181505878775831,0.9495394974149591,1
1324,0.6999776894883103,0.9496270630871912,1
1325,0.8410080989389119,0.9499321009358583,1
1326,0.6511847345168362,0.9500127214044507,1
1327,0.6725809963098454,0.9505976136504976,1
1328,0.8141740560384862,0.9507503160545179,1
1329,0.6297385456928856,0.9510114663758269,1
1330,0.6348118621898314,0.9510346358100211,1
1331,0.5820300691962205,0.9513739484986603,1
1332,0.5036116494656735,0.9514150529005001,1
1333,0.6292010848058289,0.9514751038206741,1
1334,0.5799046301796879,0.9516321871423478,1
1335,0.617900549198091,0.9518261420302837,1
1336,0.6327026838651497,0.9520350258242993,1
1337,0.8763637047766943,0.9522953892872504,1
1338,0.7350067549203634,0.9525594319029983,1
1339,0.5569015787729844,0.9525647837689993,1
1340,0.6425330059591595,0.9527889974243827,1
1341,0.6634144598766706,0.9529222928585209,1
1342,0.6755003169855062,0.9529658208228853,1
1343,0.8651327904899301,0.953065987746984,1
1344,0.5186730868706021,0.9532646681835534,1
1345,0.5959871972727608,0.953316171542729,1
1346,0.7052943917830033,0.9533226571939211,1
1347,0.6191861105076701,0.9534669469439795,1
1348,0.8804791001248563,0.9534940060053676,1
1349,0.5144193583599517,0.9537498185103462,1
1350,0.6347079416493859,0.9539650960782368,1
1351,0.4839041612513272,0.954134597759266,1
1352,0.7167516080371398,0.9551906776376359,1
1353,0.6722272343543364,0.9556017411851095,1
1354,0.8611952722701495,0.9556488779807366,1
1355,0.5732886183780893,0.9557974858960052,1
1356,0.5723688311300585,0.9560654918682908,1
1357,0.7072491715442534,0.9565990836834676,1
1358,0.7207638473035771,0.9566174328921798,1
1359,0.7807048186174084,0.9568038381734773,1
1360,0.5111916133564698,0.9570216354852337,1
1361,0.9066004139258078,0.9570478512396093,1
1362,0.8844064701658605,0.9573135489170703,1
1363,0.6507975684723295,0.957318170119752,1
1364,0.5345414433340322,0.9574078670834064,1
1365,0.6547296063077492,0.9575227480714547,1
1366,0.5210989960067108,0.9575747209017836,1
1367,0.8634611928718761,0.9578011830934587,1
1368,0.8860159863022152,0.959214506793238,1
1369,0.6717663803680513,0.9594782725868786,1
1370,0.9076471979315948,0.9602239186981705,1
1371,0.4832586277661062,0.960469892595808,1
1372,0.8647762638964364,0.9607401300646237,1
1373,0.7132376715099674,0.9612202244447599,1
1374,0.5588397357739209,0.9612631337293194,1
1375,0.5808611847545154,0.9615817412686587,1
1376,0.846238829189765,0.9620391226290291,1
1377,0.5902692487229202,0.9622476666918288,1
1378,0.8185392705421841,0.9622537562972261,1
1379,0.6233501674281811,0.9626237636842205,1
1380,0.8651983403621397,0.9627464028967775,1
1381,0.7070746035709032,0.9628916869315263,1
1382,0.6634144598766706,0.9631031912653034,1
1383,0.8943207414907799,0.9631267255993246,1
1384,0.7079697871576481,0.9634457138936918,1
1385,0.4775357429472039,0.9635966658322613,1
1386,0.5621107590616539,0.9640456347928982,1
1387,0.7773077097691466,0.9640770706086221,1
1388,0.8564691333034642,0.9640925284750942,1
1389,0.82187357430654,0.9641594144093375,1
1390,0.6956977118342018,0.9645565424709851,1
1391,0.8932404310906794,0.9648129301368349,1
1392,0.7746701678441016,0.9648857039479991,1
1393,0.9056072399053653,0.9649279976086361,1
1394,0.6306155889087176,0.9655543318530674,1
1395,0.6303571854962166,0.9656830939833004,1
1396,0.5500540325501101,0.9658205483448473,1
1397,0.7105215202525392,0.9659497156127994,1
1398,0.6942270412485027,0.9663715698815916,1
1399,0.7228974018187044,0.9665142739840997,1
1400,0.7758562995007124,0.9666149661790301,1
1401,0.5878659439580712,0.9666706531357045,1
1402,0.6386961675740209,0.9667192039854948,1
1403,0.6100960573196897,0.9667362930235699,1
1404,0.6073429945566463,0.9675107659706275,1
1405,0.5832584881021892,0.9679170470872274,1
1406,0.509904132129281,0.9679750816740835,1
1407,0.5656670451831501,0.9680374224800613,1
1408,0.7905532085889537,0.9680875772487078,1
1409,0.6437383528002688,0.968270960530598,1
1410,0.5713687418995481,0.9686330483122363,1
1411,0.5914325901966734,0.9687477399215462,1
1412,0.45537960844132264,0.9688696873948026,1
1413,0.7246210327607876,0.9688791877560208,1
1414,0.7447968997387575,0.9689227459723154,1
1415,0.7213862641879426,0.9693716688100491,1
1416,0.8957569983686537,0.9693855716091428,1
1417,0.7254036187104493,0.9696286408277658,1
1418,0.6180630053407189,0.9699921524912948,1
1419,0.5899694733105185,0.971067466358812,1
1420,0.7631135246885126,0.9711581596040212,1
1421,0.628027480993619,0.9714201215506434,1
1422,0.41148368515798983,0.9714672063701898,1
1423,0.6990782264197775,0.9715230918560528,1
1424,0.9661560795038083,0.9716745679336845,1
1425,0.519247475302625,0.9716954830046969,1
1426,0.7243332377839972,0.9727768623300374,1
1427,0.4973636861618874,0.9728698399417789,1
1428,0.8555582451981554,0.9729096343483113,1
1429,0.8303265180773489,0.9732276788009403,1
1430,0.7952797634521113,0.973243425230039,1
1431,0.7163175779366086,0.9733837957826685,1
1432,0.801447157366985,0.9734005727420568,1
1433,0.5896904281279876,0.9734149210973431,1
1434,0.5031339203672558,0.9735291646429712,1
1435,0.6407300492467143,0.9737464660038776,1
1436,0.6243555756378609,0.9737651281221958,1
1437,0.5969796243370271,0.9745936829392122,1
1438,0.9493030554143055,0.9746513898670719,1
1439,0.539137564382755,0.9746635273481371,1
1440,0.7550678131236316,0.9748810380687032,1
1441,0.7021768851447157,0.9750157214341026,1
1442,0.8685590354845377,0.9751816271124347,1
1443,0.6153189067138296,0.9753069123596727,1
1444,0.8749508457701061,0.9753705728141547,1
1445,0.5351972133577807,0.975447591321297,1
1446,0.5587828445412613,0.9754605405757718,1
1447,0.7767876011417489,0.9755121052354822,1
1448,0.5850593597267867,0.9755229342930868,1
1449,0.5131665031866341,0.9755237186333983,1
1450,0.4238444591190528,0.9756414433348001,1
1451,0.6767640183545283,0.9759431016330613,1
1452,0.7061874165868789,0.975999879047616,1
1453,0.6093283485679222,0.9760171093752542,1
1454,0.6380393698334798,0.9761400932385897,1
1455,0.6660494179984137,0.9764770261147102,1
1456,0.7236045665429227,0.9766435782670736,1
1457,0.7419243366715532,0.976894093931036,1
1458,0.4966140491416845,0.9772055897340975,1
1459,0.6627961533208155,0.9778764349150262,1
1460,0.7412074032465505,0.9779554153771078,1
1461,0.6722272343543364,0.978161565612225,1
1462,0.6179939861085185,0.9781916692693912,1
1463,0.5252393382654531,0.9782831354639099,1
1464,0.585128114237335,0.978617512518872,1
1465,0.6543223993036443,0.9787043550508707,1
1466,0.8366066724413255,0.978897590167622,1
1467,0.9511867059508494,0.9790210603853982,1
1468,0.5833280121889098,0.9792636074864122,1
1469,0.8152439552441244,0.9792648463117575,1
1470,0.8847910333465733,0.9794629632441246,1
1471,0.5951617552704648,0.9794791342397732,1
1472,0.8353522803793703,0.9795361452194367,1
1473,0.657677650870675,0.9795755634050648,1
1474,0.6585388888392621,0.9798203494633214,1
1475,0.6883286105983965,0.9798503167237148,1
1476,0.557530991465382,0.9798901015521579,1
1477,0.5421343279654048,0.9801956121495745,1
1478,0.6167950438608103,0.9802125256894579,1
1479,0.4540745660481402,0.9802281247559852,1
1480,0.6315548129215152,0.9802473709785908,1
1481,0.4533500129561455,0.9804391762077859,1
1482,0.6044560614667881,0.9805150251905779,1
1483,0.6728673555925425,0.9805705245266788,1
1484,0.5314089458987035,0.9810051360730543,1
1485,0.5072293248198183,0.9812350246679294,1
1486,0.5036116494656735,0.9816585410700532,1
1487,0.6619495169444045,0.9816782110992898,1
1488,0.5440905093497114,0.9818843956291957,1
1489,0.49318518819105983,0.9822602422612291,1
1490,0.6656738274244239,0.9824365145860229,1
1491,0.6158144631228247,0.9827558397642967,1
1492,0.6325308613210702,0.9827962382446505,1
1493,0.525681395742443,0.9828257756641567,1
1494,0.6326633922875372,0.983100228152914,1
1495,0.551654976104201,0.9834717186749519,1
1496,0.7201988078941285,0.9836786609444551,1
1497,0.5176404557523979,0.9837824301832436,1
1498,0.5927444358466534,0.9839364159230262,1
1499,0.6506975395333031,0.9845066316306376,1
1500,0.6360661721792975,0.9848103040515191,1
1501,0.97115977329758,0.9850714343787086,1
1502,0.7084149328835994,0.985221930579659,1
1503,0.8927948142737135,0.9852222417737683,1
1504,0.5035794050556147,0.9853970380724292,1
1505,0.6215720879590616,0.9854178604945442,1
1506,0.6442849175583579,0.9854751663418867,1
1507,0.6803785648842077,0.9856680487183783,1
1508,0.5402960859836681,0.9858419415611428,1
1509,0.6325308613210702,0.9864748970968531,1
1510,0.44092185370165493,0.9865053330951727,1
1511,0.5030975318981109,0.9866868985560335,1
1512,0.5273285150474042,0.9869523120921383,1
1513,0.5128779526875747,0.987418766120938,1
1514,0.6106822253700314,0.9874533067079231,1
1515,0.4929145163643993,0.9879378581857694,1
1516,0.6170878988300629,0.987961720345112,1
1517,0.6257950813452009,0.9879982344465271,1
1518,0.5207256161649921,0.9883726953845409,1
1519,0.5621465380425665,0.9884009592798678,1
1520,0.5372064601317943,0.9889817649917951,1
1521,0.5152442827565332,0.9897997470770358,1
1522,0.531262431521111,0.98989267299361,1
1523,0.6193596439866754,0.990142056893219,1
1524,0.8585081481080765,0.9907755650493154,1
1525,0.5634921345217486,0.9908012132035557,1
1526,0.5612305422342191,0.9912419096399483,1
1527,0.8792681154057477,0.9912596587527888,1
1528,0.5396171857560366,0.9912868578169544,1
1529,0.5441761369575158,0.9913401175224326,1
1530,0.5917857902747102,0.9914815546002609,1
1531,0.654261245626601,0.9915133055977579,1
1532,0.5671232330561483,0.9917951687361962,1
1533,0.5159776401783855,0.9918887844457314,1
1534,0.7902669898107549,0.9919236923641054,1
1535,0.9129757572181344,0.9920238675350418,1
1536,0.5533990125495118,0.992410247579488,1
1537,0.6048653026690407,0.9928198969299049,1
1538,0.4140258089776033,0.9931767489273213,1
1539,0.5758925223922908,0.9933097865773189,1
1540,0.5575984513363905,0.9934310918003896,1
1541,0.6151757780037624,0.9936475645837715,1
1542,0.5311933554477398,0.99370423224988,1
1543,0.6307860881038787,0.9938039002184899,1
1544,0.5698462240267925,0.9942289957414369,1
1545,0.5305472695183606,0.9942737042150548,1
1546,0.8392032480949777,0.9945310515663665,1
1547,0.5543002376018359,0.9945336977354932,1
1548,0.5195444814771483,0.9946704905041199,1
1549,0.561704430417776,0.9947773785224974,1
1550,0.6617225736903775,0.9949725424697825,1
1551,0.5996326481886393,0.9950141989537988,1
1552,0.6363358664159905,0.995044863337504,1
1553,0.704636410920244,0.995176819523788,1
1554,0.7364798375984856,0.995222370603985,1
1555,0.6032723399016342,0.995246621608258,1
1556,0.47443957019289174,0.9953584148517264,1
1557,0.5476584715647124,0.9953750703300275,1
1558,0.5588296507902142,0.996576060085119,1
1559,0.5755173437554242,0.9965829529661829,1
1560,0.48723430572995763,0.9968186564121913,1
1561,0.76579838250796,0.9968621347955803,1
1562,0.5728167678702066,0.9969770591250025,1
1563,0.5175991585216392,0.9973330678717814,1
1564,0.6814501477275919,0.9974900158350871,1
1565,0.6213785180081189,0.9980578035842266,1
1566,0.6133316055610896,0.9980637161041092,1
1567,0.6043187625452934,0.9980850715408985,1
1568,0.552602630328768,0.9982106419495163,1
1569,0.5058222841672805,0.9986543360745284,1
1570,0.5392848228090321,0.9986811653317296,1
1571,0.5012889032208007,0.9988446203097667,1
1572,0.5343023336418006,0.9990551017327454,1
1573,0.49443007241810033,0.9990938189280023,1
1574,0.5062622673416579,0.9995484522749306,1
1575,0.5799401210738556,0.9996964395550397,1
1576,0.5654573462265335,0.9998749958206963,1
1577,0.0002559522827703109,inf,0
1578,0.5015947002666566,inf,1
1579,0.5115891032513428,inf,1
