,Birth,Death,Dimension
0,0.028200700951591773,0.031340220282097264,0
1,0.020363522249291166,0.03419005172583878,0
2,0.03348094030251336,0.034654559488741854,0
3,0.03419515728679745,0.03812339854968716,0
4,0.044065644311650165,0.04524468006625815,0
5,0.03348016088708328,0.04585188811796681,0
6,0.015920062514866884,0.04643860658745036,0
7,0.030941601310232603,0.049816444545348504,0
8,0.020022905366711252,0.05012807817905729,0
9,0.04673448361102717,0.05309253280358872,0
10,0.0038910235529656667,0.056921605809626685,0
11,0.04434324746303142,0.06036651732191145,0
12,0.041543662967664874,0.061520237483656426,0
13,0.020143286038675212,0.062017257164621586,0
14,0.013298340406114995,0.062017257164621586,0
15,0.006799229758502112,0.06364383878542601,0
16,0.01216190047949206,0.06364383878542601,0
17,0.0538557964372981,0.06577886961297796,0
18,0.035885948114427246,0.06684864933896428,0
19,0.05473268176550161,0.06707857884518242,0
20,0.032620937080932944,0.06707857884518242,0
21,0.02951283855385234,0.06939398135018093,0
22,0.05384638270178588,0.07007116603621322,0
23,0.05475684802747405,0.07075642535173554,0
24,0.015789808464445332,0.07197586167228653,0
25,0.01949916008032493,0.07252925101360375,0
26,0.04013017699076249,0.07321851542170699,0
27,0.015496648334354934,0.07717004490229196,0
28,0.04812251571508275,0.0788620651215004,0
29,0.07018662978877555,0.08154911620674732,0
30,0.04627372554431164,0.08270993732437693,0
31,0.04552371626209273,0.0828868828962267,0
32,0.0748297721766168,0.08368193818843772,0
33,0.08160690350865285,0.08381132468938746,0
34,0.07345667358516139,0.08381132468938746,0
35,0.03617209115290354,0.08548647756595062,0
36,0.03092681701562283,0.08831325881827523,0
37,0.08768719813128001,0.08839165535318316,0
38,0.0522726836994295,0.08926759525817318,0
39,0.014108109671117641,0.08999481622327532,0
40,0.04194284106415802,0.09002298211436521,0
41,0.01139470652983865,0.09031858950668925,0
42,0.059493848801025706,0.0904304488459603,0
43,0.046043228478282794,0.0905118652773329,0
44,0.05548625413475927,0.09182773476883699,0
45,0.02962944267539014,0.09191879418905757,0
46,0.007812404630590297,0.09376040950372078,0
47,0.07998722269207181,0.0938423335432167,0
48,0.027948814091635632,0.09622580211629572,0
49,0.0550176640721739,0.09626774203314448,0
50,0.08545512599622251,0.09765465700082188,0
51,0.04893025555937558,0.0988755724106356,0
52,0.004875710084561891,0.1005417846579566,0
53,0.0409038377400478,0.10088412035595606,0
54,0.05108663237352129,0.10210384912840886,0
55,0.03622603260014312,0.10296420308886389,0
56,0.08689581845434624,0.10311823351284843,0
57,0.0317544238193892,0.10366204425766312,0
58,0.034414787160394034,0.10496181974478669,0
59,0.043256771065026345,0.1057566553657201,0
60,0.07738067325745057,0.1083245752629387,0
61,0.013237056521653412,0.10911032432086287,0
62,0.008620227768825872,0.10911032432086287,0
63,0.02514354814377051,0.10915602664498913,0
64,0.1013009515712755,0.10921931399155449,0
65,0.06695270308379031,0.11022109305547234,0
66,0.05956024802076243,0.11033424753767074,0
67,0.00899329100730728,0.11033424753767074,0
68,0.05651317565424818,0.11083976616820634,0
69,0.04299971243765088,0.11229223494886742,0
70,0.10954641551406674,0.11229223494886742,0
71,0.019375171533811186,0.11238344713965454,0
72,0.024470407550722717,0.11265379399319386,0
73,0.04181205624089179,0.11307251887164171,0
74,0.0794421789542068,0.11321788511791275,0
75,0.029607458421719635,0.1136284693051487,0
76,0.08659819751319642,0.1137444583000824,0
77,0.042771969526869236,0.1137444583000824,0
78,0.06433215108606416,0.1137444583000824,0
79,0.04451150289489325,0.1138100299874295,0
80,0.02383313825804767,0.11402664963876163,0
81,0.009231462716522865,0.11410608617668594,0
82,0.005326394388138533,0.11410608617668594,0
83,0.058556350105289035,0.11495493036069027,0
84,0.10676463479865972,0.11565953943256757,0
85,0.11040921162423212,0.11565953943256757,0
86,0.07119730981396288,0.11629094929541983,0
87,0.015353614490809409,0.11634082981295257,0
88,0.030605288232975814,0.1166853368754791,0
89,0.11380091633285738,0.1166853368754791,0
90,0.008946255455868801,0.11704678835784099,0
91,0.10046105582797793,0.11753444164637039,0
92,0.10729823488009427,0.11760131161651644,0
93,0.08717913500552621,0.11767989458486783,0
94,0.027029141819820413,0.11767989458486783,0
95,0.006336993603687446,0.1176838999572295,0
96,0.0028559701320489683,0.1180250216338452,0
97,0.011892744086486662,0.11831120863191835,0
98,0.02845434640906297,0.11901414847887815,0
99,0.008721619260794622,0.12115756811065859,0
100,0.005489127404271321,0.12142125571747286,0
101,0.07170725726956417,0.12168144524667823,0
102,0.08749843254162948,0.12269514265810633,0
103,0.027888693318668945,0.12328885242499077,0
104,0.0074585709736739725,0.12334132338395476,0
105,0.03667235780871192,0.12343820904154135,0
106,0.009201216745600926,0.12344800515335308,0
107,0.06043340971438094,0.12460264383397601,0
108,0.04259248402437754,0.12460264383397601,0
109,0.1034506370729591,0.12485673952569287,0
110,0.06528220975989696,0.12526813082318788,0
111,0.0951080533381814,0.12527373540747588,0
112,0.05703618329924698,0.12586105311337703,0
113,0.005471982268113407,0.12610121821802622,0
114,0.03026063473390861,0.1270214559794397,0
115,0.05047919713759208,0.12823062339078195,0
116,0.003826143090692735,0.12835504224688177,0
117,0.0926193545585231,0.1301452521505062,0
118,0.011027388532554805,0.1311338442156631,0
119,0.0499473675350528,0.1318456606893903,0
120,0.012300013411339683,0.1334343359531438,0
121,0.03418750295433726,0.13396885389755742,0
122,0.12187334282824192,0.13462775307681607,0
123,0.1077543417779685,0.1347586943480985,0
124,0.06085681798494136,0.13493150433804268,0
125,0.02319469449408762,0.13504655807261678,0
126,0.061072638095967746,0.13509783273570308,0
127,0.0740377078400084,0.13541671833582758,0
128,0.036506017083725806,0.13773731700325265,0
129,0.01384745839138879,0.13773731700325265,0
130,0.0028737204185912413,0.13849955248373558,0
131,0.07758041673386729,0.13919648495339532,0
132,0.004514027413876409,0.13967073480104042,0
133,0.07993649161589844,0.14148304343713136,0
134,0.030403326944936082,0.14213351622542347,0
135,0.09748934504421414,0.14254598054398593,0
136,0.0848797123072137,0.14264418937174672,0
137,0.13692013033281492,0.1439890467876943,0
138,0.13439971706242093,0.1446008370468621,0
139,0.08904502548147497,0.14865486090058788,0
140,0.09467364732848438,0.14930308273281245,0
141,0.020676694127946815,0.15101319365965649,0
142,0.003039779338645965,0.15101319365965649,0
143,0.001653488522236457,0.1511822663832696,0
144,0.075552029806496,0.1511822663832696,0
145,0.06822401623916308,0.1525563082207647,0
146,0.11442398489352246,0.15313110225684468,1
147,0.13418197423779277,0.15438421975791583,0
148,0.039921309798699456,0.1549567245882899,0
149,0.03506089837937254,0.15500992238345246,0
150,0.0017071994256940837,0.15705638913149478,0
151,0.020133608449950824,0.1573594323346854,0
152,0.07248114954540852,0.15752508535211607,0
153,0.05787286921384294,0.15761642072599236,0
154,0.0017081404691047242,0.15777878046647587,0
155,0.0595054301842215,0.16104260136417536,0
156,0.1343273554520773,0.16127549352334003,0
157,0.14735672240728326,0.16183435646157573,0
158,0.0531202098721435,0.16353693242181622,0
159,0.03243071501990058,0.16842555235525913,0
160,0.15363526344737344,0.16844622368085194,0
161,0.09110812524551104,0.17041589979290772,0
162,0.035014760255730915,0.1719956278460868,0
163,0.14887683650465844,0.17213434880996603,0
164,0.06470455642434703,0.17386684620008297,0
165,0.11902852718789914,0.17437571582440947,0
166,0.024158283733635377,0.17437571582440947,0
167,0.14216831484385117,0.17496326001366314,0
168,0.028023745513543252,0.17496326001366314,0
169,0.07017001876477857,0.17503257838438113,0
170,0.00736785587675115,0.17582974782733962,0
171,0.00907506962145399,0.17783188965621388,0
172,0.16206378975405333,0.18100382041393048,1
173,0.05471524584023435,0.18115002323882445,0
174,0.003718268051079554,0.18250302667147644,0
175,0.09555121463491478,0.18567331863812642,0
176,0.019326069114441458,0.18677916323519816,0
177,0.15681531948210758,0.19043168542179656,0
178,0.17764299179879528,0.19165235274859527,1
179,0.17248690328009797,0.19458424223464965,1
180,0.09031858950668925,0.19706155756555155,1
181,0.17248690328009797,0.2001573939818423,1
182,0.036356111872870356,0.20032872490849296,0
183,0.0540875134229617,0.2026102438673152,0
184,0.18125614296513626,0.20372269309098434,0
185,0.11753444164637039,0.2039131349001353,1
186,0.20582891696087458,0.20615220306689708,1
187,0.20353681049501826,0.20615220306689708,1
188,0.1648569852239885,0.20751024333132362,0
189,0.20941462404497646,0.21079996581250537,1
190,0.0034784644774641382,0.21268169605583853,0
191,0.0471080295998797,0.2169944096106129,0
192,0.04076698416014368,0.2184745530682075,0
193,0.026172692662038366,0.22007724375741233,0
194,0.08538474524384732,0.22007724375741233,0
195,0.05656967331129614,0.22028395250286137,0
196,0.05270562667533596,0.22288093271270193,0
197,0.10872268930579443,0.22409300843034918,0
198,0.170108124350292,0.22617956337853506,1
199,0.21114573763543998,0.2284759560422377,0
200,0.16963321050487512,0.22887105369342076,1
201,0.16615611886209192,0.2289925548223366,1
202,0.029058398743174396,0.2301432344873111,0
203,0.10123753869457464,0.23423075923580272,0
204,0.1681126633403035,0.23780277770611413,0
205,0.010855454003543596,0.23860416481808977,0
206,0.22124937515526188,0.241988246710918,1
207,0.1899370957326475,0.241988246710918,1
208,0.23779538314173532,0.24596811160470444,1
209,0.12366947047322863,0.24803871714807013,0
210,0.14965596798209924,0.24948707403472048,1
211,0.04989670452459971,0.25373004147591194,0
212,0.0695868942899619,0.25373717733719614,0
213,0.23614902834838536,0.2539825881652361,1
214,0.21353878485578026,0.25775810211827077,1
215,0.22892399834017918,0.25822170212565143,1
216,0.09368469510503863,0.2593008815674285,0
217,0.19631999892619,0.26130368401809134,1
218,0.1965637302098444,0.26756904644972235,0
219,0.22714456479066614,0.26803347490778007,1
220,0.2590625417424359,0.26809638254050727,1
221,0.23697490160430934,0.27197322574801586,1
222,0.15129764951557534,0.2740013959957539,1
223,0.27374621145779987,0.2756504606350828,1
224,0.25045885419367275,0.2773100696158155,0
225,0.2678054075488897,0.27933299547208124,1
226,0.18547521554228008,0.2795802432143195,1
227,0.21812091335038608,0.2799339875893807,1
228,0.24105469879268804,0.28038985836366637,1
229,0.06958298321098322,0.2809343389101585,0
230,0.19647737271923005,0.28096475502595075,1
231,0.2662560721669095,0.2827787038602333,1
232,0.18567331863812642,0.2834862686123807,1
233,0.1790537630103508,0.2834862686123807,1
234,0.23310899817194963,0.28366127569804156,1
235,0.0590331552325043,0.28984242219327727,0
236,0.2460199772047067,0.2908544226188853,1
237,0.23357469717021373,0.2914941102160703,1
238,0.22714456479066614,0.29180409467262935,1
239,0.17542573584450016,0.29180409467262935,1
240,0.22761959212888472,0.2940270156021888,1
241,0.24945116630130382,0.2945496602153157,1
242,0.2614510733231895,0.2954448738288352,1
243,0.1475144625671484,0.2958082133179907,1
244,0.19965018343086804,0.2973153324851263,1
245,0.1565744689528874,0.30481486363081434,1
246,0.25573347127516666,0.3049742489677888,1
247,0.09606593982391987,0.3051530111683114,1
248,0.18353962097718557,0.30615918759150873,1
249,0.27527527582852196,0.30710028976641923,1
250,0.17896169480476587,0.30801843039729704,1
251,0.28646487651576236,0.30801843039729704,1
252,0.14965596798209924,0.30858287778935467,1
253,0.16092477624075086,0.3108929470839733,1
254,0.2584481298302159,0.3110949319615435,1
255,0.12705947730013134,0.3115082673391213,1
256,0.2684808447254834,0.3156926632412035,1
257,0.2623981307262788,0.31590174625422984,1
258,0.2496569232113206,0.31655037586803947,1
259,0.2001573939818423,0.31655037586803947,1
260,0.28984979922894494,0.3215875612645135,1
261,0.22646839535166774,0.3217792881073017,1
262,0.2583188771516949,0.3258100960621809,1
263,0.264376736743804,0.3267018602170433,1
264,0.19024068559145346,0.3282026714414257,1
265,0.29894376183240023,0.3282781991854925,1
266,0.22305726034148765,0.32902183907692506,1
267,0.2775351335913998,0.33287998729655477,1
268,0.2297039755351188,0.33287998729655477,1
269,0.33391985343838637,0.33506127437772015,1
270,0.3271231385752197,0.33529544771041664,1
271,0.29365562829344916,0.33630934972586457,1
272,0.2967779632629398,0.33856710824526504,1
273,0.25923304526210644,0.3397797697322117,1
274,0.3025064885785437,0.33978081698965046,1
275,0.28767529146902293,0.3415464357640007,1
276,0.12115756811065859,0.3427942924114661,1
277,0.29022257471881496,0.34409744661349706,1
278,0.13889090811649318,0.3446615390128903,0
279,0.14213351622542347,0.3446682765898107,1
280,0.248714115329857,0.3470281515228877,1
281,0.2775351335913998,0.34988930424895726,1
282,0.2749024745302352,0.3504080339689368,1
283,0.2981753741520098,0.350732611159844,1
284,0.28584724211165013,0.35097723923233204,1
285,0.23683997348625407,0.35226509014762586,1
286,0.31850223822681323,0.3528753314583911,1
287,0.22414740279858825,0.35306891990509115,1
288,0.24266824355725714,0.354931340634284,1
289,0.35542880221129536,0.35688500244740107,1
290,0.21367858855934674,0.35699261827332607,1
291,0.31565796105646104,0.357461471604666,1
292,0.3127597328721188,0.3597692342469071,1
293,0.3529529856920849,0.3683683126100912,1
294,0.21944541760773117,0.3683683126100912,1
295,0.1505159805472902,0.37073107306470954,1
296,0.23357469717021373,0.37243508341000675,1
297,0.2619420057325659,0.3726033046373962,1
298,0.28191391805343735,0.37349305706585967,1
299,0.15101319365965649,0.374079199170809,1
300,0.3509375870012629,0.3747533676039143,1
301,0.2202348080758313,0.3747533676039143,1
302,0.3294447606950429,0.37521869320670964,1
303,0.31998323897428194,0.37524447279422635,1
304,0.3685709027068782,0.3754394239145381,1
305,0.2851423175369193,0.3754394239145381,1
306,0.34106590127397773,0.37796400794512097,1
307,0.31809261537327715,0.37837312085929053,1
308,0.09126169586279453,0.37879380912287164,1
309,0.32963308328139707,0.3805334375719932,1
310,0.22321340925906996,0.38165281438198295,1
311,0.19024068559145346,0.38264832181354,1
312,0.22067952224731024,0.3831110893447065,1
313,0.23153433463660722,0.3837258229914542,1
314,0.32970058265445734,0.3881725855078232,1
315,0.31509136101852653,0.3881725855078232,1
316,0.3127442448916452,0.38923293966607564,1
317,0.2408758601506812,0.38935430951362693,1
318,0.2750964283397963,0.3897307240755711,1
319,0.3055879296554799,0.3919018314787137,1
320,0.37349305706585967,0.3921310920796479,1
321,0.3830509886910278,0.3922878205075129,1
322,0.2976457830929444,0.3928736303200966,1
323,0.3197019095999769,0.39387915916505545,1
324,0.3931366111914927,0.39390711156019675,1
325,0.27952043013000727,0.39444828093033046,1
326,0.38737734443627214,0.39444828093033046,1
327,0.34580202809717653,0.39529956868414073,1
328,0.2951722622231562,0.39635524794427945,1
329,0.28268047576382593,0.3966223825165953,1
330,0.28847017815694764,0.39794066452865084,1
331,0.27456258851573123,0.39794066452865084,1
332,0.3966223825165953,0.3981583701222221,1
333,0.20274263780727209,0.3981583701222221,1
334,0.33740325882656275,0.39829732408381313,1
335,0.19647737271923005,0.39863926502197644,1
336,0.28241718826887985,0.3986799550241541,1
337,0.26887118828266354,0.400910895985658,1
338,0.2943069651472665,0.4066156911200378,1
339,0.22683668401310397,0.40692559390992444,1
340,0.35688500244740107,0.40758472531141543,1
341,0.2870834949857204,0.4082793784701916,1
342,0.35156979176362,0.40828369445358514,1
343,0.3469517459894482,0.4083487689526797,1
344,0.33486876372757923,0.40857334783013566,1
345,0.29462451849601645,0.40881464745951934,1
346,0.27559701109024526,0.40964671699521327,1
347,0.3629287061105211,0.4109035324847574,1
348,0.3175839586928806,0.41155944628168073,1
349,0.2305895814693505,0.4121541733674835,1
350,0.3503753501493686,0.41295597578029075,1
351,0.27701433915228746,0.4141821500012963,1
352,0.22617956337853506,0.4149335247896413,1
353,0.39770677214053596,0.41645253489686573,1
354,0.29611930033933564,0.41645253489686573,1
355,0.2876152950451365,0.41831208541801956,1
356,0.40758472531141543,0.41831208541801956,1
357,0.2584547359027387,0.4191843452631969,1
358,0.27588356655337865,0.419564942510846,1
359,0.37467419120671586,0.42008180785094285,1
360,0.14899560869101203,0.42031035676223616,1
361,0.258378753321576,0.4206854204397813,1
362,0.2521367990877952,0.4222042865468366,1
363,0.20756284337638653,0.4222042865468366,1
364,0.18339866854480846,0.42571768147288147,1
365,0.36184436590465285,0.42647033243983246,1
366,0.1786750733185709,0.42658699534728783,1
367,0.40179142171145843,0.42686416216672496,1
368,0.3110949319615435,0.4270896899891896,1
369,0.19647737271923005,0.42772168081724504,1
370,0.3108929470839733,0.42772168081724504,1
371,0.18490625650931758,0.4277278164074253,1
372,0.1347586943480985,0.42789007075215435,1
373,0.40150918331254803,0.42818408515694284,1
374,0.2191746143235892,0.4283711290562173,1
375,0.3788292374042863,0.42862585334958714,1
376,0.2634190339732655,0.4294507928746695,1
377,0.21353878485578026,0.4298509341820145,1
378,0.10915602664498913,0.43148828506637216,1
379,0.30982644189727016,0.432228663923253,1
380,0.4133913398879705,0.43260758808898925,1
381,0.3865975755513399,0.43260758808898925,1
382,0.14262644824737636,0.4332955966937222,1
383,0.31969858617144875,0.4332994793473324,1
384,0.33728172908153087,0.4350852031968686,1
385,0.2967779632629398,0.43549865595563386,1
386,0.16644403504517202,0.43549865595563386,1
387,0.42862585334958714,0.4358582365458119,1
388,0.3788292374042863,0.4358582365458119,1
389,0.12575683890569422,0.4360828941964625,1
390,0.22414740279858825,0.4361029121212935,1
391,0.3739326196190317,0.4366185106785716,1
392,0.4278240225719059,0.4375555351535545,1
393,0.34509703189001373,0.4375555351535545,1
394,0.3165826844382391,0.4376980021993717,1
395,0.34145851362694934,0.43809824748818926,1
396,0.4376494209816316,0.4383653038320524,1
397,0.36184436590465285,0.4406236658551502,1
398,0.3968605782176431,0.4420064610938542,1
399,0.4107262359833658,0.4420064610938542,1
400,0.3446615390128903,0.4421266237945122,1
401,0.25575923739799555,0.4421266237945122,1
402,0.22163027259732881,0.4426247390231747,1
403,0.12310221283379041,0.4426247390231747,1
404,0.39829732408381313,0.4430769555869315,1
405,0.32963308328139707,0.4447595160226956,1
406,0.21216681101568657,0.44497421908536094,1
407,0.38438040139028884,0.44571985703086436,1
408,0.2135206616376869,0.44702543252634297,1
409,0.3449185998735227,0.44725100010967267,1
410,0.34145851362694934,0.44727893883764913,1
411,0.2678054075488897,0.44739757155699034,1
412,0.2714544143531772,0.4480836090293445,1
413,0.4430769555869315,0.4483119759916586,1
414,0.4268081244259153,0.4483119759916586,1
415,0.381318715596642,0.44907901926698457,1
416,0.40239125413028,0.449128331710942,1
417,0.41163680502859024,0.44995264156483816,1
418,0.40758472531141543,0.4505138889730316,1
419,0.06364383878542601,0.4505138889730316,1
420,0.3244458959264723,0.4508825395438779,1
421,0.14789643426253596,0.45155382012769196,1
422,0.3936614570986723,0.4516675236704911,1
423,0.43657707216420827,0.4517503254006213,1
424,0.33648069823378235,0.45377309907113794,1
425,0.3530281624175434,0.45377309907113794,1
426,0.21944541760773117,0.4546326179868221,1
427,0.1623766775743679,0.4550845156162686,1
428,0.1275833010892824,0.4550845156162686,1
429,0.3678498653830673,0.4554364685773209,1
430,0.41696746845008004,0.45545371350940156,1
431,0.20127330960614498,0.4556696284892471,1
432,0.28764509961297036,0.45633757220171534,1
433,0.297491877358531,0.4565428200683289,1
434,0.39761619947810356,0.4565682102618801,1
435,0.33613869961671583,0.45802961319321034,1
436,0.2749024745302352,0.4585319630672984,1
437,0.23429928375438758,0.45871049419051035,1
438,0.1623766775743679,0.45900208937557196,1
439,0.3505679226388957,0.45964552254263513,1
440,0.25587960707284896,0.46213479555154824,1
441,0.31809261537327715,0.4628747434629925,1
442,0.4053571912790882,0.4631399766320574,1
443,0.4053571912790882,0.4631399766320574,1
444,0.3893108871539349,0.46329147571100593,1
445,0.24936428344825334,0.4645548758046134,1
446,0.4281723718173708,0.46599183011980494,1
447,0.3996786527831996,0.46610184352595263,1
448,0.3960535245735656,0.46618053626662626,1
449,0.4144661090695766,0.46713719159624967,1
450,0.24959656380666895,0.46730184738412395,1
451,0.3223503291336999,0.4674688952921293,1
452,0.3308511174728517,0.4688854321104996,1
453,0.2625364439826581,0.4701367999104552,1
454,0.43425315472331283,0.4710702736348744,1
455,0.29195488083307763,0.4716810834062807,1
456,0.2429680037876082,0.4716810834062807,1
457,0.2876152950451365,0.47486994834826746,1
458,0.3382142120020656,0.4750352026074586,1
459,0.35542880221129536,0.4750352026074586,1
460,0.44240680390594955,0.47539766734264133,1
461,0.232022479558316,0.47539766734264133,1
462,0.3928736303200966,0.47615551662545785,1
463,0.3592951210437195,0.47615551662545785,1
464,0.22305726034148765,0.4763158539324255,1
465,0.27921120138759536,0.47713117826287776,1
466,0.24055478666529118,0.47812123767414183,1
467,0.45802961319321034,0.47812123767414183,1
468,0.4614647103825361,0.47820487691149527,1
469,0.4359438734741332,0.4782954200406361,1
470,0.42933508369129114,0.4782954200406361,1
471,0.3916983984937751,0.4783110203279648,1
472,0.2857345775713245,0.4793276997781617,1
473,0.41696746845008004,0.48051193597304565,1
474,0.3231539264587616,0.4809571262908101,1
475,0.20582891696087458,0.48118605955698945,1
476,0.3643179508867129,0.48118605955698945,1
477,0.42399382286897547,0.48185396412193426,1
478,0.43148828506637216,0.48348216655564635,1
479,0.3127597328721188,0.48348216655564635,1
480,0.4152580466864837,0.48348216655564635,1
481,0.2521367990877952,0.4838095414636474,1
482,0.40881464745951934,0.4839319590343316,1
483,0.29462451849601645,0.4839319590343316,1
484,0.1936167850868945,0.48432675922853363,1
485,0.38153641478020384,0.48432675922853363,1
486,0.3023093867488118,0.4850106228462675,1
487,0.2631686168562678,0.4870128809067191,1
488,0.23697490160430934,0.48707241737599416,1
489,0.4263550091464048,0.48713030151305414,1
490,0.46198326068324835,0.4873902850402171,1
491,0.40984941750588544,0.4873902850402171,1
492,0.2823928480593566,0.4873955282708995,1
493,0.3451156582268772,0.4877728873850149,1
494,0.33934672443067204,0.4877728873850149,1
495,0.4423824976317494,0.48811015355459697,1
496,0.3316681682768098,0.4903936847289182,1
497,0.3624798257519881,0.490401618875295,1
498,0.24077538508948526,0.49064656490074976,1
499,0.4277278164074253,0.49101163675553106,1
500,0.2634508489674119,0.49194004701577554,1
501,0.3258100960621809,0.49194004701577554,1
502,0.20820883729579576,0.49325064043825684,1
503,0.45201931852663557,0.49372523905628307,1
504,0.3034474386958018,0.4937256419222431,1
505,0.47964235012267586,0.49424890415945233,1
506,0.3592951210437195,0.4942703616013727,1
507,0.4168325334109978,0.49643322489470676,1
508,0.1517335956922331,0.4972282544631158,1
509,0.2791541570354086,0.49737106401493536,1
510,0.3529890767056644,0.49774608438710244,1
511,0.1701732376141829,0.49822064150881795,1
512,0.44721313554667874,0.4989834020855721,1
513,0.3366389275538364,0.49906067534918264,1
514,0.4177591070483443,0.4992286594295221,1
515,0.4408701974878063,0.4992286594295221,1
516,0.2923190558977131,0.5003245433185461,1
517,0.2756504606350828,0.5003245433185461,1
518,0.40035558452594155,0.5007230741580356,1
519,0.3197019095999769,0.5010371541404132,1
520,0.2899091786960196,0.5010371541404132,1
521,0.3575615914575282,0.501334941487585,1
522,0.25285974812677936,0.501334941487585,1
523,0.3902646031553897,0.5022147155464571,1
524,0.37830545222572387,0.5023781906075934,1
525,0.28538273912909684,0.5025218983182886,1
526,0.22288093271270193,0.5025218983182886,1
527,0.34883040502452445,0.502625382738561,1
528,0.2584481298302159,0.5027445598401523,1
529,0.39727298264393085,0.5044573394608907,1
530,0.43966554473691677,0.5056444318084262,1
531,0.2584481298302159,0.5061469549020092,1
532,0.2218504905513623,0.5069162767816592,1
533,0.3922878205075129,0.50808996298014,1
534,0.2634508489674119,0.5086833069227767,1
535,0.18301703661800994,0.5086833069227767,1
536,0.5058268949655879,0.5092161875986985,1
537,0.20353681049501826,0.5095649872694576,1
538,0.3629287061105211,0.5103195581216649,1
539,0.38540972028686205,0.5104881849731653,1
540,0.2183337948084526,0.511093705685509,1
541,0.31345310243887614,0.5123046687369109,1
542,0.28163127080938655,0.5125940129820072,1
543,0.24636555471547883,0.5128657933756611,1
544,0.398451096534993,0.5134409905474975,1
545,0.28490763550980214,0.5138428358758361,1
546,0.25587960707284896,0.5138428358758361,1
547,0.3707475584117387,0.5146526929488183,1
548,0.3707475584117387,0.5146526929488183,1
549,0.22140022483933797,0.5147991737937894,1
550,0.2646664445499023,0.5149745331114429,1
551,0.3896106499122054,0.5151785362828729,1
552,0.260387520754341,0.5171085352210942,1
553,0.34580202809717653,0.5175763326003484,1
554,0.3196003880585505,0.5175763326003484,1
555,0.27374621145779987,0.5178313791517797,1
556,0.33728172908153087,0.5180977437959664,1
557,0.5118495700986863,0.5191121330648598,1
558,0.34883040502452445,0.5216123845857705,1
559,0.22887105369342076,0.5216276956648559,1
560,0.4903250347445627,0.5223006214441225,1
561,0.44316079506660966,0.5223006214441225,1
562,0.22345564460042455,0.523067394873225,1
563,0.46473961631009775,0.5241527146149695,1
564,0.4646344406312305,0.5251347012671993,1
565,0.449128331710942,0.5251347012671993,1
566,0.35097723923233204,0.5253171827240457,1
567,0.30258263583863787,0.5257211170102628,1
568,0.4646344406312305,0.5257972870317098,1
569,0.3294684182573424,0.5260965359847668,1
570,0.4314195776591424,0.5272594402830915,1
571,0.4228628092222517,0.5282303030265831,1
572,0.27664460026720994,0.5290801879875565,1
573,0.25733440704328137,0.5290801879875565,1
574,0.299104563955662,0.5294226060762481,1
575,0.2590625417424359,0.5294226060762481,1
576,0.40368791359686573,0.5311019227638184,1
577,0.23908153029755552,0.5311948346696979,1
578,0.3311767727289161,0.531520153727553,1
579,0.34495039397352745,0.5317265289263288,1
580,0.3624978082615542,0.5317478844451801,1
581,0.3128296205732146,0.5320649105215872,1
582,0.4154128479032263,0.5320649105215872,1
583,0.5134409905474975,0.5321827445602524,1
584,0.23421439661889798,0.5325824510584303,1
585,0.3817860543022965,0.5327585215761348,1
586,0.2711652484741993,0.5331147054579243,1
587,0.31565796105646104,0.5332486510787894,1
588,0.48258639101387446,0.5349819514785216,1
589,0.2844879711902859,0.535038247207934,1
590,0.27565928039724996,0.5357541039018726,1
591,0.31850223822681323,0.5371206222638654,1
592,0.26980203386876156,0.5371507436693884,1
593,0.41067980728007436,0.5371507436693884,1
594,0.3446615390128903,0.5393640500276793,1
595,0.3789891058122947,0.5420211455751829,1
596,0.28191391805343735,0.5422767780106429,1
597,0.354522465158281,0.5427147956720599,1
598,0.4168325334109978,0.5432039277850744,1
599,0.2583188771516949,0.5432464259768138,1
600,0.29485717438420833,0.5434724014534973,1
601,0.4730562966446097,0.5444825755471776,1
602,0.30133913956042147,0.5444825755471776,1
603,0.5309064000763106,0.5446371324208137,1
604,0.4813602532385528,0.5446371324208137,1
605,0.2540786582936334,0.5465053600659994,1
606,0.3244978769360871,0.5470573660135346,1
607,0.2685866126989893,0.54722564601551,1
608,0.33613869961671583,0.5475586944584424,1
609,0.31327872130489354,0.5475586944584424,1
610,0.30216671040742815,0.5476133424485594,1
611,0.5165550041565229,0.5478147545469523,1
612,0.40686646413630134,0.5481613575107681,1
613,0.4313244009830949,0.5482211374105799,1
614,0.2890391656857342,0.5485584339061226,1
615,0.3282781991854925,0.5485584339061226,1
616,0.4539019407247462,0.5494976009345306,1
617,0.34247288302104273,0.549834049083608,1
618,0.4918614733232419,0.5504232562653216,1
619,0.3596853630516934,0.5513245363880912,1
620,0.3596853630516934,0.5517325360271655,1
621,0.33346475677903886,0.5520322964955505,1
622,0.28043703695602307,0.5522538846911127,1
623,0.3893108871539349,0.5525321210099211,1
624,0.4196360459493289,0.5549284490775553,1
625,0.39513491469408735,0.5551408199910287,1
626,0.46179311245871535,0.5553647726962941,1
627,0.34247288302104273,0.5561116863759604,1
628,0.37879380912287164,0.5561116863759604,1
629,0.17764299179879528,0.5566495987758199,1
630,0.38364570851978663,0.5582336143375621,1
631,0.2958082133179907,0.5583083416856214,1
632,0.2981753741520098,0.5591047185703963,1
633,0.43218553912554325,0.5594463856752259,1
634,0.35156979176362,0.5596330530460952,1
635,0.4416799584858815,0.5602315571967913,1
636,0.2460199772047067,0.560726334287777,1
637,0.4628498222129396,0.5609302650064606,1
638,0.5415428480621154,0.5616510146087947,1
639,0.27086591852258457,0.5619529979388707,1
640,0.19332557280286244,0.5619591981649353,1
641,0.5085640971045848,0.5627431976171979,1
642,0.36201624340448657,0.5631137364516438,1
643,0.18301703661800994,0.5635082569058405,1
644,0.07330634362622335,0.5635082569058405,1
645,0.24819264521314943,0.5640706985614329,1
646,0.30039745135185114,0.5643961924271452,1
647,0.27788895520426327,0.5645957720806597,1
648,0.2305895814693505,0.5655847435906776,1
649,0.42225571172154097,0.5659590475182895,1
650,0.3908321265301826,0.5659590475182895,1
651,0.23050422820363703,0.5662700900296441,1
652,0.5350140057183008,0.566883551191008,1
653,0.18076201391069402,0.5669686596819942,1
654,0.1899370957326475,0.567200385430519,1
655,0.2613945844181875,0.5682694541508326,1
656,0.28767529146902293,0.568633838995325,1
657,0.5495460044323252,0.5691076638052656,1
658,0.19235998334094062,0.5691076638052656,1
659,0.1344011995238894,0.5691610173032164,1
660,0.11410608617668594,0.5699786504357547,1
661,0.1826550129247395,0.5704403934589911,1
662,0.38438040139028884,0.5716832697010594,1
663,0.4306254043445852,0.5717163613182416,1
664,0.4528420672050337,0.5722075894983951,1
665,0.28227905745414394,0.5722075894983951,1
666,0.38858068702182713,0.5727568153848935,1
667,0.483699950671198,0.5728319641291915,1
668,0.25958877306186645,0.5731583825863464,1
669,0.31369094803085906,0.5735422693551203,1
670,0.45835434101482553,0.5737539154990094,1
671,0.2631234058466777,0.5744927360153578,1
672,0.4877708245365481,0.5744927360153578,1
673,0.507748358451067,0.5749523167281406,1
674,0.2235325050488116,0.5757220176068655,1
675,0.3940714693274988,0.5772088793784655,1
676,0.4646344406312305,0.5773529710290247,1
677,0.13095021210733282,0.5785973115327396,1
678,0.20275688487624732,0.5788580571830846,1
679,0.5228779881848722,0.5790338399839611,1
680,0.4263550091464048,0.5790338399839611,1
681,0.2519895265405039,0.5793648330560678,1
682,0.5572105162789935,0.5793650948099264,1
683,0.3273877983424244,0.5795449884508009,1
684,0.4903250347445627,0.5802111967832524,1
685,0.4428144569946625,0.5807720250270291,1
686,0.39089103137694603,0.5822163335476241,1
687,0.44334183604536725,0.5829276158714228,1
688,0.5328268367352615,0.5832420784243602,1
689,0.45037239606346846,0.583622516448087,1
690,0.3162972343945495,0.5840722211043229,1
691,0.29894376183240023,0.5842842118327313,1
692,0.3530945550063431,0.5846237300491504,1
693,0.2628011702027463,0.5855856671754028,1
694,0.2249517127310705,0.5855856671754028,1
695,0.28911378990048375,0.5861280647571363,1
696,0.4877708245365481,0.5861724700341313,1
697,0.3575555094545533,0.5861724700341313,1
698,0.530295607689271,0.5864738753845481,1
699,0.3966223825165953,0.5865478565772427,1
700,0.566883551191008,0.5865826546697316,1
701,0.179173873621695,0.5869256281337255,1
702,0.4281723718173708,0.5873736620024799,1
703,0.5427147956720599,0.5879003338331807,1
704,0.18805704414632207,0.5883855963781895,1
705,0.28746600938136757,0.588489463553129,1
706,0.23908153029755552,0.588489463553129,1
707,0.5325824510584303,0.5895069427447932,2
708,0.2934945764139827,0.5895621493447013,1
709,0.22892399834017918,0.5895621493447013,1
710,0.295781500552209,0.5895919659430672,1
711,0.2985601955721008,0.5902119581681956,1
712,0.37948450677999623,0.5903776089225974,1
713,0.3642599275609706,0.5904427684335207,1
714,0.30501240254092965,0.5915566986766576,1
715,0.2943342673558017,0.5920241888302669,1
716,0.19003346372139207,0.5920607238583657,1
717,0.28387057631346124,0.5939585438266766,1
718,0.507748358451067,0.5942784245343019,1
719,0.27148763468936876,0.5945723765480851,1
720,0.38849825068922106,0.5950343496978479,1
721,0.2233220649253851,0.5951203193380464,1
722,0.36118343831310895,0.5952486853477924,1
723,0.23560405391284722,0.5964031843641341,1
724,0.14295176014829314,0.5970321659193062,1
725,0.3940714693274988,0.5972410266548229,1
726,0.3685709027068782,0.5978380711971139,1
727,0.2721889131358518,0.5983161630287882,1
728,0.5737539154990094,0.5985084127698769,1
729,0.2623981307262788,0.5999114075344065,1
730,0.4794697567142151,0.6000957965667933,1
731,0.4765107462966768,0.6009891627264736,1
732,0.5938373569186158,0.6012361434637944,1
733,0.22345564460042455,0.6013564654777386,1
734,0.3459273485953729,0.6016489449268689,1
735,0.09623425234264382,0.6026096085903738,1
736,0.25198643111541097,0.6026669886326999,1
737,0.09826642787747997,0.6030713506869878,1
738,0.5819799828677467,0.6031987828538166,1
739,0.22409300843034918,0.6031987828538166,1
740,0.18194560025985018,0.603307302342835,1
741,0.5488839871637677,0.6040559758672908,1
742,0.15719075730919196,0.6051798405784329,1
743,0.5186700035254932,0.6051944112017216,1
744,0.260387520754341,0.6052355202848108,1
745,0.17386684620008297,0.6053163039856846,1
746,0.31752235665408357,0.6056251727693567,1
747,0.18747949313089896,0.6056251727693567,1
748,0.29491003541538163,0.6059444945082721,1
749,0.2620729437150294,0.6059444945082721,1
750,0.4313244009830949,0.6062154690921339,1
751,0.2591039409342466,0.6065371473402867,1
752,0.25587960707284896,0.6065371473402867,1
753,0.44409909961837124,0.6067580998552584,1
754,0.4942703616013727,0.6088655686286548,1
755,0.5782892148427738,0.6090852366422984,1
756,0.4540362805449353,0.6090852366422984,1
757,0.25198643111541097,0.6094728628841694,1
758,0.5104546796019875,0.6098990129059519,1
759,0.30550582424064654,0.6110913669250606,1
760,0.23645308676148824,0.6110913669250606,1
761,0.3274567238018936,0.6124194831799016,1
762,0.5661684065169493,0.6129102518996472,1
763,0.27148763468936876,0.6129396442282049,1
764,0.20316062520201317,0.6131395086491225,1
765,0.514758883995817,0.6131395086491225,1
766,0.483699950671198,0.6136874063037088,1
767,0.15572898664321733,0.6140138861612172,1
768,0.19619983020097997,0.6146902022959589,1
769,0.32375253814920224,0.6149285774953919,1
770,0.23423075923580272,0.615278833174059,1
771,0.29080040761030945,0.6160079228952685,1
772,0.4552294015665682,0.6167797341606197,1
773,0.4312292150053304,0.6167836920767856,1
774,0.3509375870012629,0.6172974524498734,1
775,0.5094741870891263,0.6174360376697959,1
776,0.6051798405784329,0.6174360376697959,1
777,0.2581548180780042,0.6175854923194405,1
778,0.5925896571382421,0.6183514589988549,1
779,0.4574272804824737,0.6183514589988549,1
780,0.14964128111940778,0.6184911032074292,1
781,0.28430684448530485,0.6185166773533398,1
782,0.16772508535109776,0.6185166773533398,1
783,0.5963708513284111,0.6185419562324965,1
784,0.5788580571830846,0.6187062690052907,2
785,0.34465434774201065,0.6192480451404324,1
786,0.5138067051051136,0.6197726907770436,1
787,0.5134409905474975,0.6211175552606388,1
788,0.44655324556466935,0.6219684240033986,1
789,0.24128202252469355,0.6221418160248249,1
790,0.12891823340235864,0.6224196648234581,1
791,0.27910872339114223,0.6225245342819548,1
792,0.2927798546211209,0.6225364539137465,1
793,0.28043703695602307,0.6225364539137465,1
794,0.3124350845313558,0.623716379939588,1
795,0.28538273912909684,0.6244959919395965,1
796,0.2335868264497616,0.6259875731692753,1
797,0.07582149376565417,0.6260043364181653,1
798,0.06785404346429524,0.6260043364181653,1
799,0.26756904644972235,0.6271843479105379,1
800,0.6007583385347998,0.6278230803522314,1
801,0.48258639101387446,0.628212464520233,1
802,0.2628255671595141,0.628212464520233,1
803,0.5411074925246878,0.6288554617644879,1
804,0.3650095326467291,0.628863592387274,1
805,0.45619502833158065,0.6292361686978355,1
806,0.5264293014828969,0.6293288098070537,1
807,0.26213754130910494,0.6300643368697134,1
808,0.4102642746726447,0.6304615165070244,1
809,0.34966642673156656,0.6307059754261685,1
810,0.44316079506660966,0.6307059754261685,1
811,0.532525846577906,0.6307329794600665,1
812,0.3274567238018936,0.6309870609594717,1
813,0.17469248616469835,0.6309870609594717,1
814,0.19235998334094062,0.6314512490358813,1
815,0.5506715942736421,0.6320415587930066,1
816,0.32517375353719735,0.6325481220283224,1
817,0.5377711560047017,0.6325481220283224,1
818,0.24144767082374918,0.6327691742478142,1
819,0.449128331710942,0.6333461349774543,1
820,0.2586429370932297,0.6333485127781706,1
821,0.4312292150053304,0.6333485127781706,1
822,0.5627431976171979,0.6334951986722441,1
823,0.22140022483933797,0.6339400320099267,1
824,0.5415428480621154,0.6343244252198836,1
825,0.29491003541538163,0.6345803749975736,1
826,0.28804894033223016,0.6347498621564082,1
827,0.2218522145956201,0.6348070784051074,1
828,0.24054448039468934,0.6358503167671924,1
829,0.5230704846676596,0.6361501851045478,1
830,0.3981291138207441,0.6362545150782956,1
831,0.5272594402830915,0.6375866313141857,1
832,0.4415045127304067,0.6388646683217106,1
833,0.25958877306186645,0.6393164259844062,1
834,0.2930799092078513,0.6393164259844062,1
835,0.5963708513284111,0.6393931631537395,1
836,0.37424789383785617,0.6393931631537395,1
837,0.24055478666529118,0.6394999540880713,1
838,0.30258263583863787,0.6395265454878355,1
839,0.31891008466514126,0.6395265454878355,1
840,0.6354426255608585,0.6408988503224134,1
841,0.27459808844192346,0.6411897480180854,1
842,0.2711652484741993,0.6411897480180854,1
843,0.2240342761490255,0.6411897480180854,1
844,0.297491877358531,0.6421928593947345,1
845,0.4936397676171552,0.6429422882333786,1
846,0.6206987112031194,0.6434880637906248,1
847,0.27459808844192346,0.6439864116621681,1
848,0.354587322185106,0.6440482864283629,1
849,0.21944541760773117,0.6442466560836979,1
850,0.2745173417630761,0.6446158747092117,1
851,0.6365711048952614,0.6446731478999621,1
852,0.2218504905513623,0.6455273589329794,1
853,0.2477670883149966,0.6456917936224211,1
854,0.28757071411956237,0.6458934407128006,1
855,0.3544799750065256,0.6462985091885068,1
856,0.5967554432325588,0.6464086837474405,1
857,0.353240013780839,0.646538124110003,1
858,0.2634508489674119,0.6467110179728791,1
859,0.40368791359686573,0.6467110179728791,1
860,0.43562242472223356,0.6470761849898895,1
861,0.23560405391284722,0.6471122334240769,1
862,0.29559726036152845,0.6473208394948232,1
863,0.37073844485558216,0.6495539630577267,1
864,0.45129172219860003,0.6496161972856416,1
865,0.21802413893556538,0.6503407650873505,1
866,0.13684916628453614,0.6508834444641781,1
867,0.13147904836461288,0.6508834444641781,1
868,0.20857748962765676,0.6510453189231873,1
869,0.2961151870942308,0.6513927098918673,1
870,0.3244458959264723,0.6514957766708963,1
871,0.24054448039468934,0.6515182018129708,1
872,0.6353217867897757,0.6515182018129708,1
873,0.14610180794049765,0.6520101468528149,1
874,0.3260687633336391,0.6533442815069108,1
875,0.22355969224977945,0.6533503693520559,1
876,0.3085774846657958,0.6533503693520559,1
877,0.2619957309357931,0.6535007914789324,1
878,0.5662520831054016,0.6535301537197987,1
879,0.41544247788362954,0.6537692013349078,1
880,0.3137853957297192,0.6538704309473024,1
881,0.532525846577906,0.6540343590944868,1
882,0.19667519306842451,0.6550787060591953,1
883,0.24966107353260725,0.6561313041410988,1
884,0.1271621336797889,0.6567254799738798,1
885,0.3139620494838439,0.6577591641676024,1
886,0.6292361686978355,0.6578065404161895,1
887,0.27588356655337865,0.6580869652375034,1
888,0.4302093700458953,0.6597580076597205,1
889,0.6197726907770436,0.6597580076597205,1
890,0.222673010056891,0.661116897714425,1
891,0.27459808844192346,0.6619610491404369,1
892,0.2576472115007742,0.6626160916096567,1
893,0.3530945550063431,0.6633583520012444,1
894,0.15500992238345246,0.6633583520012444,1
895,0.397044672150891,0.663521449375113,1
896,0.208315541814158,0.663521449375113,1
897,0.29166550699768057,0.6640407190705819,1
898,0.614383725544171,0.6641793876478602,1
899,0.2823928480593566,0.66484768981844,1
900,0.1701732376141829,0.6658111463176358,1
901,0.6557271732279547,0.666035513973541,1
902,0.640708649181146,0.6665391108302587,2
903,0.4279919381128431,0.6669792563700346,1
904,0.3537340085942018,0.6673820265583266,1
905,0.14809918067278394,0.6673820265583266,1
906,0.2762774692740416,0.6674728038959711,1
907,0.3255201274934123,0.6675828073224631,1
908,0.6418935407256948,0.6683040673331541,1
909,0.5551408199910287,0.6690760627676513,1
910,0.24258625085117203,0.6703513007554506,1
911,0.4302093700458953,0.6704180310278628,1
912,0.2772291047373002,0.670666659140146,1
913,0.21386596858510687,0.670893950270903,1
914,0.19619983020097997,0.6708998228396321,1
915,0.23050422820363703,0.6712822616875113,1
916,0.23189849101787463,0.6713402249473344,1
917,0.5645957720806597,0.6715482776614183,1
918,0.6562770084523324,0.6715646908639533,1
919,0.23657276668216642,0.6720596413585882,1
920,0.17542573584450016,0.6722027105959316,1
921,0.34549615490913377,0.6722112704108739,1
922,0.3977226676873288,0.6723356948206599,1
923,0.18805704414632207,0.6737135620050372,1
924,0.2851423175369193,0.6744337949786385,1
925,0.3227571798519725,0.6749079550782469,1
926,0.3260687633336391,0.6757876154926579,1
927,0.20681441195528605,0.6758851785818236,1
928,0.2691636634387967,0.6759315772661927,1
929,0.3131894243784282,0.6759315772661927,1
930,0.22108647622836863,0.6764524569934616,1
931,0.21175054125205095,0.6768423124265738,1
932,0.19619983020097997,0.6768613794290841,1
933,0.6146902022959589,0.6768613794290841,1
934,0.2429680037876082,0.6783042667196274,1
935,0.29519070978671347,0.679261235096329,1
936,0.37471455166316725,0.679261235096329,1
937,0.4161777601802247,0.6795116665613001,1
938,0.17353878042406023,0.6795116665613001,1
939,0.2669752625033226,0.6805151922808967,1
940,0.26643282215621855,0.6809276423108965,1
941,0.36481248162345925,0.6811664684172544,1
942,0.36920788922508596,0.6828827879415291,1
943,0.2129913588065978,0.6830352588552365,1
944,0.2500107706974687,0.683536001935244,1
945,0.2829335211784513,0.683658911245256,1
946,0.2483495643090824,0.683658911245256,1
947,0.5952486853477924,0.6841257380233392,2
948,0.146665952280832,0.6855648709737305,1
949,0.1755005483435098,0.685628373917397,1
950,0.16160289097104485,0.686991398735528,1
951,0.18396577329752473,0.6882546657277266,1
952,0.2620729437150294,0.6883155758822467,1
953,0.23621796296272646,0.688343597537862,1
954,0.5593006386762728,0.6888143645206254,1
955,0.23228266511809192,0.6892845879504644,1
956,0.23130854289066716,0.6900022568707856,1
957,0.34403552393257963,0.6902108541146084,1
958,0.5047615511786646,0.6903060544118576,1
959,0.2639655697841842,0.6903986860366375,1
960,0.2525381778942267,0.690582644327316,1
961,0.32975416520362166,0.6906834138216594,1
962,0.5355043571865732,0.6918091489356518,1
963,0.5631121306173076,0.6918091489356518,1
964,0.39310100840655726,0.6921991073313503,1
965,0.6418935407256948,0.6928790109344405,1
966,0.6386697502880445,0.6934526555776633,1
967,0.2631686168562678,0.6947091538016468,1
968,0.19775589501928625,0.696644447007514,1
969,0.19965018343086804,0.6966766533652917,1
970,0.37073844485558216,0.6967106577126551,1
971,0.6123180397439544,0.6967132148693513,1
972,0.20464187228892994,0.6969116144099483,1
973,0.32657587375590047,0.6971842673321522,1
974,0.567765011092055,0.6973239108225441,1
975,0.28268047576382593,0.6973275861546225,1
976,0.2218114494191894,0.6973275861546225,1
977,0.3045949233320343,0.698003690978979,1
978,0.3544799750065256,0.6996361157054517,1
979,0.47105083941660153,0.6999351056038803,1
980,0.24670090695797486,0.7004829942730229,1
981,0.1505159805472902,0.70136132200643,1
982,0.1889899618529245,0.7014180868112248,1
983,0.5188781841576369,0.7018592477210761,1
984,0.30858287778935467,0.7024477193959348,1
985,0.5253171827240457,0.7025459331558966,1
986,0.6474258796260688,0.7027164568555414,1
987,0.6417228873145765,0.7028623920502379,1
988,0.21780000563311097,0.7029454066501057,1
989,0.6848864786957164,0.7033741085205469,2
990,0.357461471604666,0.7037455094827104,1
991,0.19048699611700748,0.7037455094827104,1
992,0.48282440951026007,0.7037480233772092,1
993,0.1889899618529245,0.7038238236128417,1
994,0.6967132148693513,0.7049573135001468,1
995,0.20589863031107292,0.7053217767966579,1
996,0.2458071935706334,0.7077609311883669,1
997,0.1685474509768029,0.7094543621027946,1
998,0.3617268470744607,0.7094673456317293,1
999,0.21216681101568657,0.7094673456317293,1
1000,0.5625731763451756,0.7113728144369571,1
1001,0.6785336728135275,0.7145209298442611,1
1002,0.27329520573832555,0.7147946786832106,1
1003,0.18736563073927393,0.7147946786832106,1
1004,0.6277075077402661,0.7149969133145533,1
1005,0.22427987882696665,0.7167096761203374,1
1006,0.6795062939318065,0.7167096761203374,1
1007,0.2773100696158155,0.7167096761203374,1
1008,0.23130854289066716,0.7169161412971015,1
1009,0.1786750733185709,0.7174646501889707,1
1010,0.3849192391193049,0.7174646501889707,1
1011,0.2593008815674285,0.7177217984506594,1
1012,0.7051248561255455,0.7177779211531156,2
1013,0.15705638913149478,0.7182213507722239,1
1014,0.1712210404993788,0.7183489884544714,1
1015,0.18659106530049774,0.7192594485861098,1
1016,0.5884832732953001,0.720755242446829,1
1017,0.1780722886043229,0.7208591011706278,1
1018,0.39513491469408735,0.7212512079518179,1
1019,0.4058591859723544,0.7212512079518179,1
1020,0.36201624340448657,0.7219446573134102,1
1021,0.19293812965349033,0.7222752541994989,1
1022,0.1334343359531438,0.7222752541994989,1
1023,0.4699403591938722,0.7229170185426316,1
1024,0.45619502833158065,0.7230362656769318,1
1025,0.6009891627264736,0.7232079142212463,1
1026,0.29346537908247794,0.7235527703871186,1
1027,0.29346537908247794,0.7235527703871186,1
1028,0.5186700035254932,0.7240537828436053,1
1029,0.7148983641080892,0.7243001003232681,1
1030,0.49769123189852016,0.7251370736073579,1
1031,0.3650095326467291,0.7266637589820611,1
1032,0.22998830964435868,0.7269671050286068,1
1033,0.3227571798519725,0.727238583670892,1
1034,0.16772508535109776,0.7275354690155348,1
1035,0.3127597328721188,0.7275594420741794,1
1036,0.6011950390788378,0.7280242151675588,2
1037,0.19235998334094062,0.7284491890087486,1
1038,0.20274263780727209,0.7284491890087486,1
1039,0.3529890767056644,0.7287518249102735,1
1040,0.2738433447202092,0.7290724641966726,1
1041,0.17438040608587846,0.7301178621082856,1
1042,0.17503257838438113,0.7307089963507373,1
1043,0.2205839054737977,0.7312562006406027,1
1044,0.16107255707213808,0.7313561760404345,1
1045,0.19048699611700748,0.7313638657091338,1
1046,0.2500107706974687,0.7317114702769179,1
1047,0.5210358331686921,0.7320301373776915,1
1048,0.6012026989301924,0.7320370047981567,1
1049,0.20016429956176418,0.7320370047981567,1
1050,0.5782592726278986,0.7324261456834291,1
1051,0.725708556224979,0.7326077316689216,2
1052,0.17437571582440947,0.7332441740578273,1
1053,0.3223503291336999,0.7345660609577372,1
1054,0.2646664445499023,0.7348105231275559,1
1055,0.5418062066366536,0.7349140364495497,1
1056,0.34866942515899146,0.7349140364495497,1
1057,0.17382456951779746,0.7351273757704077,1
1058,0.37151755079464943,0.7352970715582788,1
1059,0.2301432344873111,0.7352970715582788,1
1060,0.5782592726278986,0.735511315739479,1
1061,0.4066156911200378,0.735511315739479,1
1062,0.17934395478419707,0.7358722457629383,1
1063,0.1874398592391251,0.7358820807147457,1
1064,0.4278240225719059,0.736388844208205,1
1065,0.23153433463660722,0.7374906203873706,1
1066,0.16007301927562145,0.7375507355970727,1
1067,0.5110193816435726,0.7383863204181154,1
1068,0.503974607908892,0.7393425999997598,1
1069,0.23863958228123638,0.7393425999997598,1
1070,0.30550582424064654,0.7394039388144024,1
1071,0.20916351678137424,0.7394810696148091,1
1072,0.15674811303907743,0.7408816149087272,1
1073,0.21214139696096923,0.7411171023263939,1
1074,0.1708764592352925,0.7411171023263939,1
1075,0.146665952280832,0.7411681408062044,1
1076,0.7193470444432569,0.7412032494707976,2
1077,0.17970081227311074,0.7413872592690461,1
1078,0.38364570851978663,0.7421008121475277,1
1079,0.163150839925863,0.7436682678088602,1
1080,0.5985084127698769,0.744288413499013,1
1081,0.30216671040742815,0.7444993913746455,1
1082,0.603307302342835,0.7455035717713323,2
1083,0.7405365194402485,0.7458902538294465,2
1084,0.38384159744203195,0.7459021772924781,1
1085,0.7232179855258232,0.7463873326586146,2
1086,0.32657587375590047,0.746895704794253,1
1087,0.1708764592352925,0.7477699807431335,1
1088,0.29485717438420833,0.7478274314748389,1
1089,0.695612451422109,0.7483241816267944,1
1090,0.44988314381936867,0.7488222410989858,1
1091,0.5403776590883771,0.7493939131498316,1
1092,0.7045250588844971,0.7499283335505363,1
1093,0.529302672107509,0.7501317862217262,2
1094,0.16206378975405333,0.7506781731862464,1
1095,0.20032872490849296,0.7517972797313259,1
1096,0.16104260136417536,0.7522874725075415,1
1097,0.1705221738062076,0.7523932520353959,1
1098,0.5760281554176397,0.7529686884802248,1
1099,0.14930308273281245,0.7532127009103953,1
1100,0.40686646413630134,0.7533614302377893,1
1101,0.14610180794049765,0.7551208362040008,1
1102,0.385693906556806,0.7551208362040008,1
1103,0.37073107306470954,0.7562023714877938,1
1104,0.21812091335038608,0.7573205835787907,1
1105,0.1364226178094876,0.7573637490689826,1
1106,0.222673010056891,0.7578959315248551,1
1107,0.6889096746665581,0.7579122344762086,2
1108,0.10204598860606329,0.759855122267851,1
1109,0.7567036345182185,0.7599267826983662,2
1110,0.4129764855487196,0.7604592652595306,1
1111,0.2523437313029494,0.7610447161139653,1
1112,0.18975724795132654,0.7618559999361301,1
1113,0.18115002323882445,0.761992666070957,1
1114,0.3137853957297192,0.7643985127297428,1
1115,0.19667519306842451,0.7647914842498292,1
1116,0.1285483183630569,0.7650203513257218,1
1117,0.42792602608191055,0.765032313458898,1
1118,0.7317114702769179,0.7667216673363999,2
1119,0.5148943167629113,0.767218051991794,1
1120,0.44714349639503204,0.7675517626744133,1
1121,0.5478424156006755,0.7678127296835661,1
1122,0.3137853957297192,0.7705237436280102,1
1123,0.21818794563527455,0.7707015044200087,1
1124,0.18194560025985018,0.772429033735829,1
1125,0.583622516448087,0.7730815955535031,2
1126,0.2943069651472665,0.7732628741250507,1
1127,0.5476133424485594,0.7748260651916008,1
1128,0.5093444727777052,0.774937621839521,1
1129,0.6513927098918673,0.7772464267487335,1
1130,0.7523805314884384,0.778376252219535,2
1131,0.5963053763470543,0.7826454585694438,1
1132,0.18547521554228008,0.7826454585694438,1
1133,0.6921991073313503,0.782983964320824,1
1134,0.6562770084523324,0.7836641168371974,1
1135,0.47876181071800394,0.7840044338026232,1
1136,0.12799696686209505,0.7840769499407962,1
1137,0.6514957766708963,0.7856815791316852,2
1138,0.18322661695511844,0.7867792727654623,1
1139,0.4120393008740707,0.7881666556500819,1
1140,0.7222752541994989,0.7884223411987684,2
1141,0.7286532344030594,0.7922337965389655,2
1142,0.4136791522069778,0.7956477983453526,1
1143,0.22007724375741233,0.7956680205629114,1
1144,0.45201931852663557,0.7965467358697024,1
1145,0.1484326606788965,0.7965467358697024,1
1146,0.5964031843641341,0.7977743734875234,1
1147,0.6903754857762695,0.8008331898929055,2
1148,0.74599510555985,0.8009801055570853,2
1149,0.5359491670864001,0.8014192345546572,1
1150,0.7307316885751204,0.8016298552244835,2
1151,0.7275354690155348,0.8019049988482975,2
1152,0.7772464267487335,0.8046815504642881,1
1153,0.18063956267398817,0.8049197195724893,1
1154,0.7126025875409461,0.8100679577456849,2
1155,0.5793650948099264,0.8131559729239791,2
1156,0.8110109414165905,0.8138986139858889,2
1157,0.6713402249473344,0.8143448707572788,2
1158,0.3842968278205585,0.816144835332417,1
1159,0.3954274980121133,0.8167579228074356,1
1160,0.5709811564805233,0.8167686944592988,1
1161,0.769046285192233,0.8169969856787549,2
1162,0.7669309832972143,0.8173272234660028,2
1163,0.25986160385290347,0.8193236181892924,1
1164,0.7701825987900973,0.8194037121018164,2
1165,0.7860311172192005,0.8200698462063398,2
1166,0.7945073855008016,0.8215982297724276,1
1167,0.6722027105959316,0.8216055784910823,2
1168,0.6609341854234693,0.8224244188567422,2
1169,0.432228663923253,0.8314532551541831,1
1170,0.8257731020126425,0.8337234965248861,2
1171,0.6365711048952614,0.8378390542177985,1
1172,0.774937621839521,0.8381117769928319,2
1173,0.7923550392112696,0.8441034769071273,2
1174,0.8278096610060034,0.8450352275364698,2
1175,0.8372766951784355,0.8452403571552586,2
1176,0.2614510733231895,0.846058890669532,1
1177,0.7734510708999708,0.8488460949039326,2
1178,0.6655830764955956,0.8488901264599499,2
1179,0.6629727914863587,0.8495243692661083,2
1180,0.6342296089132332,0.8510925446946919,2
1181,0.6522581963345442,0.8523978296500426,2
1182,0.8457552548278872,0.8525380934383842,2
1183,0.7478200212839508,0.8527856122022388,2
1184,0.8362267358619652,0.8541778492668768,2
1185,0.7231002193469175,0.8566404815808807,2
1186,0.8215982297724276,0.8569084286106177,2
1187,0.7532127009103953,0.8585609589214497,2
1188,0.36559477912445915,0.8590606983643444,1
1189,0.8278859644668206,0.8624921884151976,2
1190,0.7125931214205896,0.8632158025247049,2
1191,0.8061213329101783,0.8655789568035919,2
1192,0.7538362556391578,0.8659632611182995,2
1193,0.7076220510035853,0.866346244662498,2
1194,0.6355725710286294,0.8665847578158276,2
1195,0.6456917936224211,0.8670211248778956,2
1196,0.74599510555985,0.8671283196094253,2
1197,0.8587679560846696,0.8680109198816673,2
1198,0.7690462525561893,0.8683525833439413,2
1199,0.7247154551667147,0.8691794950038738,2
1200,0.7149969133145533,0.870986527460365,2
1201,0.8271719805435784,0.8711493782842349,2
1202,0.7375507355970727,0.8713135182656169,2
1203,0.7573327724951424,0.8727794663475352,2
1204,0.7022501674104844,0.8738716345381449,2
1205,0.825873674945207,0.8770542548804422,1
1206,0.8457046422419566,0.8782665467837568,2
1207,0.725708556224979,0.8787239396272906,2
1208,0.8695072724709398,0.879800024776487,2
1209,0.6956334438984018,0.8808777408850802,2
1210,0.7888806622339567,0.8813037401102939,2
1211,0.8193236181892924,0.881561504882718,1
1212,0.790848924103856,0.8820587215337707,2
1213,0.8691937358939967,0.8840626004430693,2
1214,0.7203222173438583,0.8846131785868514,2
1215,0.6446158747092117,0.8874190777636853,2
1216,0.854357503558347,0.888304526284886,2
1217,0.7029454066501057,0.8891468775150366,2
1218,0.8792194560321163,0.8895440770028653,2
1219,0.3915503277022093,0.8906393030025938,1
1220,0.7923550392112696,0.8908100138929541,2
1221,0.7186652506497969,0.891162315930054,2
1222,0.7562023714877938,0.8929995890805674,2
1223,0.798069808039304,0.8939804441256455,2
1224,0.8786301838933762,0.8947350048565232,2
1225,0.8310331166296121,0.8952014407765735,2
1226,0.7313638657091338,0.8981767880477771,2
1227,0.7301178621082856,0.8983908325057671,2
1228,0.7522874725075415,0.8998084537630946,2
1229,0.8277977451483379,0.9000166700500319,2
1230,0.8242711447583827,0.9000345888031815,2
1231,0.8352707432646714,0.9005808490984338,2
1232,0.8845638459248844,0.9008325466371241,2
1233,0.7867349021415818,0.9009686682277929,2
1234,0.7051029299870695,0.9014669442624038,2
1235,0.7924124280544564,0.9018749418201262,2
1236,0.8753767215275868,0.9020373949718262,2
1237,0.7906220009849738,0.9026330169479535,2
1238,0.8920153065462221,0.903553318332474,2
1239,0.8260270096443522,0.9047168509479252,2
1240,0.7951854372932,0.9049788150411417,2
1241,0.7924124280544564,0.9050131567256446,2
1242,0.8010705668002484,0.9051423759373814,2
1243,0.7008141369210807,0.907377155169128,2
1244,0.6761572149135798,0.9073896771247567,2
1245,0.681183388617919,0.9076347319135423,2
1246,0.7505188933217012,0.9084068527313277,2
1247,0.47767062694488716,0.9086274930968576,1
1248,0.8585907105971953,0.909844476991427,2
1249,0.8167559416208117,0.9103375470418251,2
1250,0.8878928837626985,0.9109843893666522,2
1251,0.8061213329101783,0.9110403469289786,2
1252,0.7766389367849157,0.9123328617578113,2
1253,0.8524991080037161,0.9134757532987448,2
1254,0.9086274930968576,0.915905220903134,2
1255,0.8672452718384694,0.9161083769477978,2
1256,0.8564803306885183,0.9189271726363998,2
1257,0.6900022568707856,0.9189354948677665,2
1258,0.8926832449346394,0.9193494080057091,2
1259,0.7158414739608703,0.9193588220043418,2
1260,0.8189048213233516,0.9216404264891104,2
1261,0.8872328516746512,0.9223915607223077,2
1262,0.8320238912587993,0.9234503558235169,2
1263,0.8057491591867474,0.9240849493307363,2
1264,0.8974086117686445,0.9243119978188532,2
1265,0.8993497244487807,0.9243675161965426,2
1266,0.662230331287622,0.9243743247801021,2
1267,0.9170835346186271,0.9249613615432185,2
1268,0.8099033265282387,0.9264042235093336,2
1269,0.9071799554540205,0.9267923813914524,2
1270,0.8345119915530531,0.9268742505138211,2
1271,0.804565413995345,0.9271613190773054,2
1272,0.7862461742894924,0.928367854484864,2
1273,0.902136249154562,0.9284655688667903,2
1274,0.8650398635167352,0.9285441003658083,2
1275,0.8081623691013613,0.9297387203550379,2
1276,0.8489570098041638,0.9297648090880617,2
1277,0.750847140887302,0.9297973728980371,2
1278,0.8423033195829084,0.9298724831977032,2
1279,0.7707960028945863,0.9300465509990145,2
1280,0.86775355866349,0.9304628345787648,2
1281,0.8190491716647601,0.9308214756456451,2
1282,0.8946150665030406,0.9310384140673006,2
1283,0.9184475280693273,0.9324749882228566,2
1284,0.8110109414165905,0.9331762285747164,2
1285,0.8301878065453091,0.9332552935756184,2
1286,0.8543777237224967,0.9335601623432672,2
1287,0.7488222410989858,0.9349900178250674,2
1288,0.8954797843931127,0.9350196844830764,2
1289,0.8890436116277288,0.9353409241596294,2
1290,0.9237212460493078,0.9356429543158729,2
1291,0.7339140319748865,0.9360117621463458,2
1292,0.8384299828514359,0.936488895090948,2
1293,0.8584144728483709,0.9375068486123787,2
1294,0.8670412838774313,0.9380631670150137,2
1295,0.8917070769962455,0.9383057173087509,2
1296,0.8521508271627108,0.9384599443778414,2
1297,0.8411679026973474,0.938590745581987,2
1298,0.8320078318567741,0.9396129811667414,2
1299,0.6757876154926579,0.9398360986995176,2
1300,0.902136249154562,0.9398593253482114,2
1301,0.9249763066058587,0.939928634150338,2
1302,0.8384299828514359,0.9407304591958395,2
1303,0.9262394921289171,0.9408129889763227,2
1304,0.8167579228074356,0.9409729016905402,2
1305,0.8482373686968757,0.9435053432264949,2
1306,0.6256468613287283,0.9460473790238848,1
1307,0.7487333406756433,0.9462669171574617,2
1308,0.890238812947066,0.9463662130736176,2
1309,0.825052214363124,0.9473537308820084,2
1310,0.8258755055878007,0.9477572174623382,2
1311,0.9271865188351088,0.9479570335739781,2
1312,0.8923562763819839,0.9480765612710911,2
1313,0.7906220009849738,0.9496989483058849,2
1314,0.9183387199583527,0.9497233419964655,2
1315,0.9011517900362028,0.9498348930088438,2
1316,0.7444993913746455,0.9499109401398189,2
1317,0.8733589369853837,0.9504213499841536,2
1318,0.8490663818586006,0.950477152700749,2
1319,0.9504619597301105,0.951287019375879,2
1320,0.8878111645546881,0.9517129719176458,2
1321,0.8802825112410694,0.9521232473508869,2
1322,0.7678264147533245,0.9525050828566102,2
1323,0.794668280311199,0.9538205322988161,2
1324,0.8514427033408891,0.9540921704038661,2
1325,0.8012398883925574,0.954338620972172,2
1326,0.8521508271627108,0.9547895380358642,2
1327,0.7919726006865094,0.9554164368114548,2
1328,0.859975738326265,0.9557031852910233,2
1329,0.9001060664084205,0.9571801515120062,2
1330,0.9293502473908932,0.9585416562153172,2
1331,0.9533378512212951,0.9586187976316862,2
1332,0.7305892392894957,0.9586833916257936,2
1333,0.8034779842043722,0.9589671455776071,2
1334,0.8219938043251377,0.959138422958722,2
1335,0.9203443958769666,0.9599624046917804,2
1336,0.7860549997917853,0.960461383513174,2
1337,0.8453498563894966,0.9620548929906161,2
1338,0.8974086117686445,0.9624770554914717,2
1339,0.7848013813843598,0.9635646011098954,2
1340,0.7861006290216277,0.9640765744537497,2
1341,0.8039459666440975,0.964619785927725,2
1342,0.9096915270562029,0.9648030414845941,2
1343,0.8441014945607573,0.9648499970858893,2
1344,0.7961241204623839,0.9648635164907413,2
1345,0.9133679959772888,0.9652129838192827,2
1346,0.7488222410989858,0.9653736385127704,2
1347,0.8170268236271515,0.9657082091228129,2
1348,0.7375513854523665,0.9659252691866611,2
1349,0.7741277787536478,0.9663456936100704,2
1350,0.844346600362755,0.9666054292735666,2
1351,0.6716317864609868,0.9669113210225009,2
1352,0.7407879290702076,0.9674162392011123,2
1353,0.8454592570442837,0.968543549525717,2
1354,0.8812019807301693,0.9693079082753745,2
1355,0.850433788300529,0.9694038491526052,2
1356,0.8590947863982973,0.9697016780660871,2
1357,0.8907843571413535,0.9702902536812139,2
1358,0.827263603538944,0.9713829749272184,2
1359,0.8691937358939967,0.9714337743609461,2
1360,0.7495977474098933,0.9717148546041778,2
1361,0.9593893306847543,0.971827353502494,2
1362,0.9704487942541699,0.9719598546867333,2
1363,0.7633025584349177,0.97211084281934,2
1364,0.7748260651916008,0.9722482506587253,2
1365,0.848413252883313,0.9728790457770369,2
1366,0.8314532551541831,0.9731376850052694,2
1367,0.8081623691013613,0.9731848122245916,2
1368,0.9010776649964186,0.9739016609678662,2
1369,0.7586121350561327,0.9747727173208953,2
1370,0.9271865188351088,0.9749247423704305,2
1371,0.8873128385344816,0.9752760589559214,2
1372,0.9010776649964186,0.975560021071276,2
1373,0.8278106827613368,0.9763741497218322,2
1374,0.8947360526317868,0.976771951122076,2
1375,0.7452038368021668,0.9775298116625811,2
1376,0.8143573313559224,0.9776598387798517,2
1377,0.8562985086983521,0.9784416004830582,2
1378,0.8099033265282387,0.9786160119485726,2
1379,0.8561428926214423,0.9788893482814864,2
1380,0.8230867777140652,0.9791400458851074,2
1381,0.910346455395742,0.9792929635217067,2
1382,0.844346600362755,0.9797798806147606,2
1383,0.8512454958319217,0.9805650207112941,2
1384,0.9649281931957242,0.9807713047029349,2
1385,0.4803872128418277,0.9807816232623845,2
1386,0.8522492138640483,0.9808065693263637,2
1387,0.8049197195724893,0.9808928724530838,2
1388,0.7588947086950513,0.9810363918859077,2
1389,0.9001030035598724,0.981120582503742,2
1390,0.7744896448834556,0.9816041609193425,2
1391,0.9114555978089376,0.9816138015182725,2
1392,0.8897593906221438,0.9819215632530444,2
1393,0.7248155398438076,0.9822487986734865,2
1394,0.8395471496468727,0.982363142709234,2
1395,0.769376912767307,0.9827725310476759,2
1396,0.7862109017761892,0.9834033422590429,2
1397,0.5600822536740109,0.9838285230269666,2
1398,0.8596307046053039,0.9842813967166898,2
1399,0.8745828749792781,0.9843792125567213,2
1400,0.7811109575555817,0.9843872652768859,2
1401,0.703559834754854,0.9846607880364647,2
1402,0.9114555978089376,0.9852126149219058,2
1403,0.7394810696148091,0.9856032989931821,2
1404,0.9480417589358473,0.9856615498403773,2
1405,0.8018348720764187,0.9856718682298949,2
1406,0.8051332607790778,0.98650975677252,2
1407,0.8018653777413254,0.9866427032782344,2
1408,0.9372861660850509,0.9875965519399583,2
1409,0.7028623920502379,0.9876890285897825,2
1410,0.8462265262886262,0.9878364189215691,2
1411,0.7791450148201672,0.9879060752520589,2
1412,0.8584144728483709,0.9885867377885701,2
1413,0.6599940203427909,0.9887816689031688,2
1414,0.8372766951784355,0.9888937754642317,2
1415,0.8034779842043722,0.9889738228968645,2
1416,0.8320238912587993,0.9895749742655879,2
1417,0.7862461742894924,0.989638821749399,2
1418,0.9002956043774537,0.9904198318317898,2
1419,0.914175787069747,0.9913831398863919,2
1420,0.907867970239324,0.9917482578354474,2
1421,0.8699051452544531,0.9918450961453267,2
1422,0.8545282660203845,0.9919061773407168,2
1423,0.8710283644959464,0.9920799713013759,2
1424,0.7674141700519997,0.9926584353756791,2
1425,0.8035290015371751,0.992663045590934,2
1426,0.7578959315248551,0.9929656534372163,2
1427,0.5995975079449359,0.9931491458429845,2
1428,0.7351106942118903,0.9931627839308602,2
1429,0.7654805096642401,0.9933255970179635,2
1430,0.8733276338744972,0.9935810644590619,2
1431,0.8629434053179925,0.9937783967278488,2
1432,0.8739583421644302,0.9940842817676908,2
1433,0.7811109575555817,0.9941484364434028,2
1434,0.5393640500276793,0.9942393856509042,2
1435,0.8063374651644851,0.9946474215032378,2
1436,0.7731015932704959,0.9947327105998712,2
1437,0.935710104634305,0.9948485246503027,2
1438,0.7394039388144024,0.9950789068472483,2
1439,0.8007976324676651,0.9955026252817798,2
1440,0.7645213580521037,0.9957176538475041,2
1441,0.7766389367849157,0.997019546991396,2
1442,0.814068268345459,0.9972653540767348,2
1443,0.7982863900336301,0.9973730267316153,2
1444,0.8451179396742804,0.9974603338040897,2
1445,0.7684736534879698,0.997491622887484,2
1446,0.8278096610060034,0.9976193057939409,2
1447,0.7674141700519997,0.9977056735679921,2
1448,0.8072578402128995,0.998752878595486,2
1449,0.00013902434855439516,inf,0
1450,0.12654341391503865,inf,1
1451,0.1301340635782181,inf,1
1452,0.13196751149231067,inf,1
1453,0.7586121350561327,inf,2
1454,0.7648569704045635,inf,2
1455,0.785524720973108,inf,2
